3560.0 885.31836
3561.179286761114 1036.3646
3562.3585735222277 1193.2905
3563.5378602833416 1115.3312
3564.7171470444555 1115.844
3565.896433805569 1161.842
3567.075720566683 1339.505
3568.2550073277966 1502.9691
3569.4342940889105 815.34863
3570.6135808500244 798.40576
3571.7928676111383 887.73914
3572.972154372252 934.0417
3574.151441133366 851.98145
3575.33072789448 1206.6003
3576.5100146555937 841.3424
3577.689301416707 916.1089
3578.868588177821 809.8156
3580.047874938935 938.35925
3581.227161700049 893.78125
3582.4064484611627 983.07495
3583.5857352222765 697.5573
3584.7650219833904 1109.5736
3585.9443087445043 903.857
3587.123595505618 930.6019
3588.302882266732 1005.3242
3589.4821690278454 1066.0273
3590.6614557889593 910.6732
3591.840742550073 913.14435
3593.020029311187 1045.7523
3594.199316072301 1043.9436
3595.378602833415 1028.23
3596.5578895945287 1170.5598
3597.7371763556425 766.26086
3598.9164631167564 1059.1149
3600.0957498778703 1039.6057
3601.2750366389837 944.99
3602.4543234000976 934.0505
3603.6336101612114 1062.412
3604.8128969223253 966.8353
3605.992183683439 1117.7764
3607.171470444553 1208.8531
3608.350757205667 1198.2668
3609.530043966781 1044.9698
3610.7093307278947 1119.7844
3611.888617489008 1024.7063
3613.067904250122 2727.529
3614.247191011236 1529.4072
3615.4264777723497 1124.7754
3616.6057645334636 1091.317
3617.7850512945774 1084.8376
3618.9643380556913 904.9337
3620.143624816805 1059.4493
3621.322911577919 1185.7235
3622.502198339033 1066.0247
3623.6814851001463 935.0234
3624.86077186126 1194.5236
3626.040058622374 1118.0576
3627.219345383488 1018.51324
3628.398632144602 1024.7239
3629.5779189057157 1055.6353
3630.7572056668296 1007.0939
3631.9364924279434 872.7499
3633.1157791890573 1039.9172
3634.295065950171 1024.5289
3635.4743527112846 1190.3982
3636.6536394723985 1266.3136
3637.8329262335124 943.8723
3639.012212994626 966.57855
3640.19149975574 1129.6934
3641.370786516854 1081.4146
3642.550073277968 1015.4363
3643.7293600390817 1097.3411
3644.9086468001956 1087.7787
3646.087933561309 1103.5095
3647.267220322423 773.6495
3648.4465070835367 1170.8905
3649.6257938446506 1007.9108
3650.8050806057645 1071.0347
3651.9843673668784 1000.8262
3653.1636541279922 870.044
3654.342940889106 1025.3378
3655.52222765022 981.76416
3656.701514411334 843.12634
3657.8808011724477 919.2052
3659.060087933561 1073.1606
3660.239374694675 1019.28235
3661.418661455789 902.5985
3662.5979482169028 966.7131
3663.7772349780166 1098.4615
3664.9565217391305 894.7145
3666.1358085002444 1007.01184
3667.3150952613582 1135.9823
3668.494382022472 847.97046
3669.6736687835855 858.26587
3670.8529555446994 892.82983
3672.0322423058133 1009.66345
3673.211529066927 1057.8888
3674.390815828041 978.1282
3675.570102589155 1057.9764
3676.7493893502688 1020.63
3677.9286761113826 1024.7725
3679.1079628724965 956.1935
3680.2872496336104 969.0584
3681.466536394724 1002.5935
3682.6458231558377 936.10815
3683.8251099169515 1013.9435
3685.0043966780654 1109.0791
3686.1836834391793 1055.5968
3687.362970200293 900.14825
3688.542256961407 1154.8528
3689.721543722521 939.9554
3690.9008304836348 883.6903
3692.080117244748 1066.9158
3693.259404005862 948.4215
3694.438690766976 1051.2455
3695.61797752809 846.9624
3696.7972642892037 1008.6418
3697.9765510503175 1056.7128
3699.1558378114314 1008.3265
3700.3351245725453 1063.279
3701.514411333659 1122.6753
3702.693698094773 912.3192
3703.872984855887 903.7867
3705.0522716170003 1131.394
3706.231558378114 1315.8944
3707.410845139228 898.86926
3708.590131900342 938.3886
3709.769418661456 893.4313
3710.9487054225697 1180.5737
3712.1279921836835 986.5486
3713.3072789447974 1144.9379
3714.4865657059113 907.33484
3715.6658524670247 784.3948
3716.8451392281386 899.69946
3718.0244259892524 803.1229
3719.2037127503663 843.1731
3720.38299951148 975.8296
3721.562286272594 1043.333
3722.741573033708 1138.9264
3723.920859794822 1071.314
3725.1001465559357 1112.9701
3726.2794333170496 1974.1481
3727.458720078163 2832.904
3728.638006839277 3122.9778
3729.8172936003907 3483.9263
3730.9965803615046 3171.7998
3732.1758671226185 1992.2415
3733.3551538837323 1108.7922
3734.534440644846 1254.1208
3735.71372740596 1107.0975
3736.893014167074 1155.2201
3738.0723009281874 941.4297
3739.2515876893012 875.1592
3740.430874450415 1056.7567
3741.610161211529 948.40326
3742.789447972643 1039.647
3743.9687347337567 925.316
3745.1480214948706 993.93317
3746.3273082559845 964.30365
3747.5065950170983 755.8648
3748.685881778212 930.5531
3749.865168539326 982.0718
3751.0444553004395 1148.1663
3752.2237420615534 1100.9396
3753.4030288226672 991.1921
3754.582315583781 806.9553
3755.761602344895 873.4373
3756.940889106009 910.3314
3758.1201758671227 902.41187
3759.2994626282366 828.3253
3760.4787493893505 879.2784
3761.658036150464 779.1612
3762.8373229115778 702.64734
3764.0166096726916 786.2289
3765.1958964338055 794.60736
3766.3751831949194 932.59357
3767.5544699560332 793.8296
3768.733756717147 807.61304
3769.913043478261 728.518
3771.092330239375 1017.9535
3772.2716170004887 1196.8254
3773.450903761602 1159.0167
3774.630190522716 1074.8934
3775.80947728383 814.6706
3776.9887640449438 853.86896
3778.1680508060576 842.4379
3779.3473375671715 811.8624
3780.5266243282854 872.0863
3781.7059110893993 867.68445
3782.885197850513 908.8839
3784.0644846116265 821.85706
3785.2437713727404 836.60834
3786.4230581338543 817.62885
3787.602344894968 825.76013
3788.781631656082 790.6908
3789.960918417196 923.90466
3791.1402051783098 778.83636
3792.3194919394236 935.74347
3793.4987787005375 880.21735
3794.6780654616514 752.79297
3795.8573522227653 802.51965
3797.0366389838787 756.3103
3798.2159257449925 925.8609
3799.3952125061064 1205.4934
3800.5744992672203 1067.2817
3801.753786028334 723.19104
3802.933072789448 674.74646
3804.112359550562 840.8172
3805.291646311676 740.4002
3806.4709330727896 796.2776
3807.650219833903 773.5249
3808.829506595017 792.67285
3810.008793356131 794.1973
3811.1880801172447 837.1716
3812.3673668783586 793.24023
3813.5466536394724 758.2151
3814.7259404005863 732.54205
3815.9052271617 769.4807
3817.084513922814 848.1572
3818.263800683928 802.8799
3819.443087445042 898.083
3820.622374206155 880.3941
3821.801660967269 841.8069
3822.980947728383 788.7875
3824.160234489497 770.62616
3825.3395212506107 760.45123
3826.5188080117246 739.1907
3827.6980947728384 774.6062
3828.8773815339523 785.239
3830.0566682950657 780.06476
3831.2359550561796 814.1759
3832.4152418172935 836.76
3833.5945285784073 723.20953
3834.773815339521 837.7451
3835.953102100635 1121.8628
3837.132388861749 1483.7748
3838.311675622863 1084.298
3839.4909623839767 770.8773
3840.6702491450906 743.8522
3841.8495359062044 764.3474
3843.028822667318 845.0021
3844.2081094284317 801.97107
3845.3873961895456 734.3613
3846.5666829506595 761.66077
3847.7459697117733 696.0104
3848.925256472887 695.29364
3850.104543234001 696.7162
3851.283829995115 679.1085
3852.463116756229 746.66864
3853.6424035173422 679.33453
3854.821690278456 709.068
3856.00097703957 746.0271
3857.180263800684 704.2013
3858.3595505617977 636.7944
3859.5388373229116 706.28735
3860.7181240840255 729.18866
3861.8974108451393 777.6603
3863.076697606253 694.3234
3864.255984367367 750.39215
3865.435271128481 758.8885
3866.6145578895944 640.8316
3867.7938446507083 869.8493
3868.973131411822 2458.46
3870.152418172936 4223.9624
3871.33170493405 3645.4583
3872.5109916951637 1288.7994
3873.6902784562776 643.7693
3874.8695652173915 654.78827
3876.048851978505 616.5206
3877.2281387396188 680.6577
3878.4074255007326 658.17847
3879.5867122618465 659.824
3880.7659990229604 675.97327
3881.9452857840743 651.5282
3883.124572545188 633.0886
3884.303859306302 708.04443
3885.483146067416 747.32495
3886.6624328285297 777.3501
3887.8417195896436 814.6423
3889.021006350757 1345.9152
3890.200293111871 1987.2451
3891.379579872985 1856.6794
3892.5588666340986 991.0656
3893.7381533952125 673.1047
3894.9174401563264 709.932
3896.0967269174403 695.98987
3897.276013678554 683.6792
3898.455300439668 681.42017
3899.6345872007814 688.5415
3900.8138739618953 673.8088
3901.993160723009 672.9956
3903.172447484123 696.5243
3904.351734245237 673.8216
3905.531021006351 708.69257
3906.7103077674647 668.2212
3907.8895945285785 610.71893
3909.0688812896924 555.4996
3910.2481680508063 774.25464
3911.42745481192 711.80237
3912.6067415730336 655.0795
3913.7860283341474 618.7296
3914.9653150952613 689.4323
3916.144601856375 1290.2676
3917.323888617489 1046.2598
3918.503175378603 529.7761
3919.682462139717 659.44165
3920.8617489008307 666.6275
3922.041035661944 671.12823
3923.220322423058 563.1221
3924.399609184172 598.24567
3925.5788959452857 609.30945
3926.7581827063996 654.51855
3927.9374694675134 630.9002
3929.1167562286273 615.85876
3930.296042989741 588.80365
3931.475329750855 591.56
3932.654616511969 577.79816
3933.833903273083 471.2716
3935.013190034196 469.3037
3936.19247679531 502.7312
3937.371763556424 526.0626
3938.551050317538 604.1105
3939.7303370786517 568.5761
3940.9096238397656 595.71387
3942.0889106008794 623.7916
3943.2681973619933 605.6545
3944.447484123107 587.29626
3945.6267708842206 593.98517
3946.8060576453345 647.64484
3947.9853444064483 638.9297
3949.164631167562 535.6098
3950.343917928676 562.7219
3951.52320468979 598.70935
3952.702491450904 650.74506
3953.8817782120177 586.28705
3955.0610649731316 528.47455
3956.2403517342455 592.37335
3957.4196384953593 521.5352
3958.5989252564727 531.76355
3959.7782120175866 540.9519
3960.9574987787005 613.5869
3962.1367855398144 502.0645
3963.316072300928 534.404
3964.495359062042 524.76074
3965.674645823156 592.2188
3966.85393258427 670.85895
3968.0332193453833 1114.4944
3969.212506106497 1430.5846
3970.391792867611 1536.7766
3971.571079628725 1605.9095
3972.7503663898387 1385.1475
3973.9296531509526 732.35767
3975.1089399120665 507.72018
3976.2882266731804 594.3593
3977.4675134342942 521.25476
3978.646800195408 493.0204
3979.826086956522 575.67773
3981.0053737176354 514.03125
3982.1846604787493 525.25616
3983.363947239863 599.1754
3984.543234000977 511.7361
3985.722520762091 497.72992
3986.9018075232048 472.78036
3988.0810942843186 543.1709
3989.2603810454325 577.1785
3990.4396678065464 535.54584
3991.61895456766 566.2986
3992.7982413287737 559.48846
3993.9775280898875 576.1216
3995.1568148510014 491.74722
3996.3361016121153 493.28876
3997.515388373229 459.5706
3998.694675134343 525.1957
3999.873961895457 527.1142
4001.0532486565708 499.2637
4002.2325354176846 551.6771
4003.4118221787985 519.6444
4004.591108939912 556.5405
4005.770395701026 532.2404
4006.9496824621397 533.1942
4008.1289692232535 483.61676
4009.3082559843674 522.7427
4010.4875427454813 570.60925
4011.666829506595 512.3448
4012.846116267709 496.16302
4014.0254030288224 520.8657
4015.2046897899363 522.9261
4016.38397655105 504.47757
4017.563263312164 460.64478
4018.742550073278 543.8857
4019.921836834392 517.5817
4021.1011235955057 561.4459
4022.2804103566195 536.21674
4023.4596971177334 536.3739
4024.6389838788473 522.59894
4025.818270639961 535.91956
4026.9975574010746 611.384
4028.1768441621884 608.1696
4029.3561309233023 662.9585
4030.535417684416 487.36438
4031.71470444553 497.39468
4032.893991206644 507.91647
4034.073277967758 501.1982
4035.2525647288717 511.7544
4036.4318514899855 462.63727
4037.611138251099 471.35577
4038.790425012213 463.22076
4039.9697117733267 470.1881
4041.1489985344406 529.627
4042.3282852955545 521.6956
4043.5075720566683 456.73203
4044.686858817782 482.0632
4045.866145578896 464.1801
4047.04543234001 526.64075
4048.224719101124 591.72864
4049.4040058622377 554.80786
4050.583292623351 524.10846
4051.762579384465 455.10706
4052.941866145579 513.74554
4054.1211529066927 537.3321
4055.3004396678066 602.11426
4056.4797264289205 584.412
4057.6590131900343 525.8506
4058.838299951148 580.6004
4060.0175867122616 593.42413
4061.1968734733755 513.6887
4062.3761602344894 503.75534
4063.5554469956032 553.3482
4064.734733756717 527.3809
4065.914020517831 532.9925
4067.093307278945 528.4657
4068.2725940400587 463.2509
4069.4518808011726 451.9209
4070.6311675622865 474.84274
4071.8104543234003 478.68848
4072.989741084514 423.28674
4074.1690278456276 451.81784
4075.3483146067415 480.7645
4076.5276013678554 462.13837
4077.7068881289692 428.43524
4078.886174890083 441.97565
4080.065461651197 452.1814
4081.244748412311 454.50253
4082.4240351734243 429.19217
4083.603321934538 462.1323
4084.782608695652 420.09317
4085.961895456766 419.09512
4087.1411822178798 431.15314
4088.3204689789936 498.3004
4089.4997557401075 444.16742
4090.6790425012214 493.23917
4091.8583292623352 432.38693
4093.037616023449 491.56198
4094.216902784563 501.29633
4095.396189545677 490.59265
4096.575476306791 512.1788
4097.754763067905 483.76096
4098.9340498290185 487.18536
4100.113336590131 515.5748
4101.292623351246 612.0262
4102.471910112359 1330.6628
4103.651196873473 1885.5098
4104.830483634587 1390.947
4106.009770395701 652.86847
4107.189057156815 464.3585
4108.3683439179285 528.2935
4109.547630679042 466.71936
4110.726917440156 439.37296
4111.90620420127 468.4267
4113.085490962384 432.0514
4114.264777723498 446.79388
4115.444064484612 424.7011
4116.623351245726 404.40088
4117.8026380068395 456.6969
4118.981924767953 417.95648
4120.161211529067 385.15244
4121.340498290181 455.10095
4122.519785051294 425.16977
4123.699071812409 417.34106
4124.878358573522 379.45813
4126.057645334636 382.61862
4127.23693209575 439.13107
4128.416218856863 380.35886
4129.595505617977 397.5312
4130.774792379091 397.3448
4131.954079140205 404.38263
4133.133365901319 391.3947
4134.312652662433 397.69247
4135.491939423547 390.48157
4136.671226184661 368.69263
4137.850512945774 399.37564
4139.029799706888 407.61554
4140.209086468002 394.22504
4141.388373229116 357.23865
4142.56765999023 370.8678
4143.746946751344 398.86972
4144.926233512458 369.84924
4146.1055202735715 409.77536
4147.2848070346845 388.80365
4148.464093795798 401.0527
4149.643380556912 384.99295
4150.822667318026 321.751
4152.00195407914 361.67892
4153.181240840254 386.80255
4154.360527601368 386.8652
4155.539814362482 390.12543
4156.7191011235955 372.9867
4157.898387884709 373.363
4159.077674645823 340.45493
4160.256961406937 374.07996
4161.436248168051 377.75015
4162.615534929165 411.64368
4163.794821690279 391.5851
4164.974108451393 410.3299
4166.153395212506 399.1803
4167.33268197362 399.01816
4168.511968734734 363.04535
4169.691255495847 374.68677
4170.870542256962 385.71762
4172.049829018075 396.84894
4173.229115779189 341.59387
4174.408402540303 338.0551
4175.5876893014165 382.02383
4176.76697606253 387.3743
4177.946262823644 377.22803
4179.125549584758 377.82022
4180.304836345872 393.55536
4181.484123106986 342.4235
4182.6634098681 353.46133
4183.842696629214 361.87885
4185.0219833903275 348.72467
4186.201270151441 342.49396
4187.380556912555 358.74854
4188.559843673669 356.22266
4189.739130434783 344.53644
4190.918417195897 322.57242
4192.09770395701 383.64874
4193.276990718125 386.22626
4194.4562774792375 386.2281
4195.635564240351 379.65024
4196.814851001465 369.62045
4197.994137762579 382.9206
4199.173424523693 377.33618
4200.352711284807 389.26242
4201.531998045921 364.3438
4202.711284807035 349.80258
4203.8905715681485 395.34778
4205.069858329262 357.50372
4206.249145090376 371.07895
4207.42843185149 389.9633
4208.607718612604 352.3673
4209.787005373718 337.97418
4210.966292134832 358.224
4212.145578895946 348.9252
4213.3248656570595 314.28912
4214.504152418172 317.81418
4215.683439179287 309.01453
4216.8627259404 314.6884
4218.042012701514 349.59747
4219.221299462628 349.0708
4220.400586223742 365.91034
4221.579872984856 361.01917
4222.75915974597 319.54877
4223.938446507083 298.8621
4225.117733268197 318.80792
4226.297020029311 328.04614
4227.476306790425 283.4546
4228.655593551539 456.787
4229.834880312653 610.18146
4231.014167073767 431.62576
4232.1934538348805 320.67935
4233.372740595994 331.68018
4234.552027357108 310.57913
4235.731314118222 506.71735
4236.910600879336 486.4392
4238.08988764045 357.71423
4239.269174401563 327.51672
4240.448461162677 320.69617
4241.627747923791 339.8927
4242.8070346849045 320.07236
4243.986321446018 313.70087
4245.165608207132 338.03604
4246.344894968246 274.00662
4247.52418172936 338.6338
4248.703468490474 339.78653
4249.882755251588 314.6492
4251.062042012702 337.05768
4252.241328773815 334.89398
4253.420615534929 332.7619
4254.599902296043 316.727
4255.779189057157 291.90137
4256.958475818271 316.9203
4258.137762579385 281.96002
4259.317049340499 307.99756
4260.4963361016125 280.13605
4261.6756228627255 302.08624
4262.85490962384 257.22803
4264.034196384953 301.48724
4265.213483146067 308.2656
4266.392769907181 326.8807
4267.572056668295 295.97876
4268.751343429409 356.62933
4269.930630190523 311.62903
4271.1099169516365 299.58
4272.28920371275 286.12186
4273.468490473864 272.11624
4274.647777234978 300.62277
4275.827063996092 338.9104
4277.006350757206 295.58957
4278.18563751832 302.2571
4279.364924279434 296.68655
4280.544211040547 283.0362
4281.723497801661 282.3516
4282.902784562775 260.0319
4284.082071323888 283.89648
4285.261358085003 290.12976
4286.440644846116 275.46704
4287.61993160723 283.96222
4288.799218368344 296.8495
4289.9785051294575 301.1037
4291.157791890571 294.5112
4292.337078651685 290.89935
4293.516365412799 298.61707
4294.695652173913 224.94386
4295.874938935027 538.7631
4297.054225696141 552.8976
4298.233512457255 285.00516
4299.4127992183685 279.25082
4300.592085979482 286.6042
4301.771372740596 274.32043
4302.95065950171 282.51483
4304.129946262824 308.64957
4305.309233023938 297.0582
4306.488519785051 268.93887
4307.667806546166 280.52448
4308.847093307279 271.59497
4310.026380068392 248.59065
4311.205666829506 264.1841
4312.38495359062 274.83948
4313.564240351734 300.80536
4314.743527112848 275.24573
4315.922813873962 255.58495
4317.102100635076 294.10962
4318.2813873961895 305.9614
4319.460674157303 323.4287
4320.639960918417 281.34604
4321.819247679531 285.47507
4322.998534440645 300.21695
4324.177821201759 263.7449
4325.357107962873 284.5595
4326.536394723987 270.41748
4327.7156814851005 306.4928
4328.894968246214 273.58276
4330.074255007328 307.40677
4331.253541768441 259.33548
4332.432828529555 269.42892
4333.612115290669 326.52393
4334.791402051783 302.15247
4335.970688812897 317.21405
4337.149975574011 331.32187
4338.329262335124 289.8465
4339.508549096238 357.77148
4340.687835857352 711.2909
4341.867122618466 1906.6912
4343.04640937958 1945.4913
4344.225696140694 1102.0255
4345.404982901808 337.50906
4346.5842696629215 350.87247
4347.763556424035 295.1512
4348.942843185149 300.25793
4350.122129946263 291.48193
4351.301416707377 294.34625
4352.480703468491 243.95706
4353.659990229604 268.1902
4354.839276990719 304.54492
4356.018563751832 273.77887
4357.1978505129455 240.12816
4358.377137274059 257.9497
4359.556424035173 248.60063
4360.735710796287 264.30838
4361.914997557401 265.4476
4363.094284318515 317.8795
4364.273571079629 477.79565
4365.452857840743 631.5049
4366.632144601856 493.86627
4367.81143136297 321.03387
4368.990718124084 294.24863
4370.170004885198 250.95135
4371.349291646312 273.30728
4372.528578407426 263.04254
4373.70786516854 266.9427
4374.887151929654 252.98898
4376.0664386907665 265.77258
4377.245725451881 242.63959
4378.425012212994 243.72388
4379.604298974108 270.75327
4380.783585735222 266.42892
4381.962872496336 255.98976
4383.14215925745 230.86758
4384.321446018564 250.2958
4385.5007327796775 267.30267
4386.680019540791 259.44693
4387.859306301905 233.74329
4389.038593063019 267.14386
4390.217879824133 299.76898
4391.397166585247 257.30246
4392.576453346361 254.19978
4393.755740107475 247.78336
4394.9350268685885 252.17023
4396.114313629702 254.64462
4397.293600390816 243.95038
4398.472887151929 238.23523
4399.652173913044 235.44722
4400.831460674157 272.54794
4402.010747435271 273.35947
4403.190034196385 244.61363
4404.3693209574985 260.74524
4405.548607718612 264.681
4406.727894479726 248.23196
4407.90718124084 230.35974
4409.086468001954 239.93011
4410.265754763068 240.7833
4411.445041524182 245.53026
4412.624328285296 261.79517
4413.8036150464095 251.87784
4414.982901807523 248.02365
4416.162188568637 248.3071
4417.341475329751 248.16331
4418.520762090865 272.4666
4419.700048851979 285.18478
4420.879335613093 297.32858
4422.058622374207 260.0429
4423.23790913532 226.01358
4424.417195896433 236.92729
4425.596482657547 246.17606
4426.775769418661 250.27399
4427.955056179775 243.65192
4429.134342940889 239.81685
4430.313629702003 234.14386
4431.492916463117 219.68088
4432.6722032242305 228.43939
4433.851489985344 256.97778
4435.030776746458 240.02055
4436.210063507572 237.21042
4437.389350268686 250.50105
4438.5686370298 241.64725
4439.747923790914 220.53902
4440.927210552028 233.24492
4442.1064973131415 245.30014
4443.285784074255 246.42125
4444.465070835369 235.48413
4445.644357596482 233.1536
4446.823644357597 222.43042
4448.00293111871 217.55946
4449.182217879824 230.5667
4450.361504640938 223.15373
4451.540791402052 231.75323
4452.720078163165 245.39384
4453.899364924279 211.11826
4455.078651685393 218.8559
4456.257938446507 221.3654
4457.437225207621 213.24466
4458.616511968735 225.22295
4459.795798729849 241.97151
4460.975085490963 240.60394
4462.154372252076 240.0071
4463.33365901319 230.5704
4464.512945774304 242.0931
4465.692232535418 211.255
4466.871519296532 220.68745
4468.050806057645 229.8124
4469.23009281876 209.35066
4470.409379579873 212.32753
4471.5886663409865 249.70686
4472.7679531021 333.3162
4473.947239863214 375.1578
4475.126526624328 323.8173
4476.305813385442 242.08029
4477.485100146556 224.5393
4478.66438690767 251.30891
4479.843673668784 245.37988
4481.0229604298975 215.85356
4482.202247191011 214.84158
4483.381533952125 227.37102
4484.560820713239 241.5876
4485.740107474353 227.34116
4486.919394235467 218.43536
4488.098680996581 212.03534
4489.277967757695 226.81894
4490.4572545188075 212.17276
4491.636541279922 207.29681
4492.815828041035 235.21356
4493.995114802149 238.49203
4495.174401563263 252.73141
4496.353688324377 239.71735
4497.532975085491 226.7173
4498.712261846605 227.67647
4499.8915486077185 218.79074
4501.070835368832 222.31258
4502.250122129946 219.08032
4503.42940889106 213.50076
4504.608695652174 228.28214
4505.787982413288 220.38771
4506.967269174402 212.46803
4508.146555935516 207.56134
4509.3258426966295 216.7398
4510.505129457743 213.71289
4511.684416218857 222.17926
4512.863702979971 233.64285
4514.042989741085 227.42834
4515.222276502198 212.92029
4516.401563263312 217.35014
4517.580850024426 227.78891
4518.7601367855395 234.65103
4519.939423546653 234.18875
4521.118710307767 229.66708
4522.297997068881 239.74345
4523.477283829995 211.08336
4524.656570591109 224.4913
4525.835857352223 242.67839
4527.015144113337 227.35434
4528.1944308744505 232.74191
4529.373717635564 241.09772
4530.553004396678 226.24629
4531.732291157792 231.42773
4532.911577918906 255.65501
4534.09086468002 238.08821
4535.270151441134 231.35533
4536.449438202248 247.06369
4537.628724963361 262.59238
4538.808011724475 257.16492
4539.987298485588 250.98203
4541.166585246702 254.28943
4542.345872007816 258.7057
4543.52515876893 262.98148
4544.704445530044 277.3255
4545.883732291158 272.92868
4547.063019052272 254.76164
4548.242305813385 240.31361
4549.421592574499 245.43341
4550.600879335613 241.55374
4551.780166096727 241.83247
4552.959452857841 241.16736
4554.138739618955 236.52992
4555.318026380069 219.67418
4556.4973131411825 240.78503
4557.676599902296 242.78212
4558.85588666341 221.95929
4560.035173424523 215.30817
4561.214460185638 228.69696
4562.393746946751 249.86493
4563.573033707865 232.83144
4564.752320468979 243.99207
4565.931607230093 230.65427
4567.1108939912065 225.3421
4568.29018075232 223.87518
4569.469467513434 233.46683
4570.648754274548 235.07782
4571.828041035662 216.35745
4573.007327796776 200.73972
4574.18661455789 230.33356
4575.365901319004 268.12027
4576.545188080117 220.9939
4577.724474841231 214.18115
4578.903761602345 216.38463
4580.083048363459 212.82611
4581.262335124573 224.02028
4582.441621885686 213.53784
4583.620908646801 225.92946
4584.800195407914 215.05457
4585.979482169028 209.58336
4587.158768930141 232.0628
4588.338055691255 205.24387
4589.517342452369 211.7828
4590.696629213483 219.39374
4591.875915974597 210.26859
4593.055202735711 229.57382
4594.234489496825 199.09448
4595.4137762579385 193.77419
4596.593063019052 192.72365
4597.772349780166 198.68195
4598.95163654128 199.74701
4600.130923302394 186.16795
4601.310210063508 206.00891
4602.489496824622 208.81035
4603.668783585736 211.33638
4604.8480703468485 227.63113
4606.027357107963 236.34433
4607.206643869076 217.10571
4608.385930630191 248.67683
4609.565217391304 240.54846
4610.744504152418 223.40388
4611.923790913532 235.88681
4613.103077674646 198.5386
4614.2823644357595 229.87943
4615.461651196873 189.48972
4616.640937957987 208.53569
4617.820224719101 189.57893
4618.999511480215 221.3325
4620.178798241329 200.17487
4621.358085002443 199.15051
4622.537371763557 201.64597
4623.7166585246705 210.06891
4624.895945285784 227.62611
4626.075232046898 218.67313
4627.254518808011 223.66054
4628.433805569126 225.979
4629.613092330239 201.79842
4630.792379091354 213.78658
4631.971665852467 228.6915
4633.150952613581 220.0447
4634.330239374694 224.72867
4635.509526135808 227.25981
4636.688812896922 231.39337
4637.868099658036 216.4903
4639.04738641915 213.83728
4640.226673180264 234.25093
4641.405959941378 230.57347
4642.5852467024915 220.7157
4643.764533463605 235.85657
4644.943820224719 240.751
4646.123106985833 223.03975
4647.302393746947 217.26541
4648.481680508061 219.87833
4649.660967269175 206.6564
4650.840254030289 215.27142
4652.019540791402 236.4903
4653.198827552516 229.63536
4654.378114313629 243.25789
4655.557401074743 248.91228
4656.736687835857 227.14929
4657.915974596971 216.74927
4659.095261358085 226.96698
4660.274548119199 234.05215
4661.453834880313 224.6095
4662.633121641426 245.74197
4663.81240840254 237.12996
4664.991695163654 225.96751
4666.170981924768 227.50739
4667.350268685882 225.70938
4668.529555446996 249.16954
4669.70884220811 231.78647
4670.8881289692235 244.36304
4672.067415730337 265.6572
4673.246702491451 285.75717
4674.425989252564 320.73676
4675.605276013679 319.1461
4676.784562774792 374.6413
4677.963849535907 441.27924
4679.14313629702 491.8976
4680.322423058134 570.5059
4681.5017098192475 639.74316
4682.680996580361 717.7762
4683.860283341475 803.8853
4685.039570102589 831.144
4686.218856863703 871.3963
4687.398143624817 854.32996
4688.577430385931 802.7547
4689.756717147045 752.2779
4690.936003908158 661.1738
4692.115290669272 602.52765
4693.294577430386 533.70276
4694.4738641915 520.024
4695.653150952614 502.549
4696.832437713727 442.00467
4698.011724474842 406.4489
4699.191011235955 409.80328
4700.370297997069 371.08075
4701.549584758182 343.77338
4702.728871519296 353.70703
4703.90815828041 309.60895
4705.087445041524 308.97305
4706.266731802638 284.52386
4707.446018563752 269.61694
4708.625305324866 262.961
4709.8045920859795 265.598
4710.983878847093 260.96902
4712.163165608207 267.6501
4713.342452369321 269.3457
4714.521739130435 286.56326
4715.701025891549 265.8601
4716.880312652663 246.56851
4718.059599413777 246.34799
4719.23888617489 230.89828
4720.418172936004 235.53241
4721.597459697117 242.9112
4722.776746458232 222.62968
4723.956033219345 207.9472
4725.135319980459 220.43239
4726.314606741573 229.352
4727.493893502687 234.03075
4728.6731802638005 222.34721
4729.852467024914 206.64157
4731.031753786028 211.50592
4732.211040547142 198.79848
4733.390327308256 213.8692
4734.56961406937 212.6227
4735.748900830484 182.63733
4736.928187591598 196.3638
4738.1074743527115 217.25426
4739.286761113825 209.38991
4740.466047874939 224.15997
4741.645334636053 278.904
4742.824621397167 246.60718
4744.00390815828 241.11487
4745.183194919395 224.98132
4746.362481680508 205.52254
4747.541768441622 203.22838
4748.721055202735 214.87471
4749.900341963849 202.04385
4751.079628724963 211.6133
4752.258915486077 215.2958
4753.438202247191 214.13605
4754.617489008305 196.90253
4755.796775769419 210.96336
4756.9760625305325 194.5932
4758.155349291646 208.09857
4759.33463605276 179.17159
4760.513922813874 217.5838
4761.693209574988 199.3511
4762.872496336102 203.80331
4764.051783097216 192.84747
4765.23106985833 182.03204
4766.410356619443 189.12851
4767.589643380557 199.64423
4768.76893014167 204.23837
4769.948216902785 204.264
4771.127503663898 196.66592
4772.306790425012 208.86354
4773.486077186126 194.26462
4774.66536394724 193.55707
4775.844650708354 195.3119
4777.0239374694675 205.82454
4778.203224230581 203.04857
4779.382510991695 190.06683
4780.561797752809 199.23578
4781.741084513923 195.96198
4782.920371275037 195.30609
4784.099658036151 192.98221
4785.278944797265 185.17404
4786.458231558378 189.27994
4787.637518319492 191.35645
4788.816805080605 199.78128
4789.99609184172 198.40276
4791.175378602833 187.72183
4792.354665363948 191.01492
4793.533952125061 206.10933
4794.713238886175 189.15143
4795.8925256472885 204.0115
4797.071812408402 179.85376
4798.251099169516 182.97426
4799.43038593063 204.47334
4800.609672691744 200.77455
4801.788959452858 201.30249
4802.968246213972 192.2634
4804.147532975086 200.59337
4805.3268197361995 199.729
4806.506106497313 193.91971
4807.685393258427 190.03775
4808.864680019541 187.8103
4810.043966780655 417.8548
4811.223253541768 443.8126
4812.402540302883 307.99744
4813.581827063996 225.03029
4814.76111382511 189.50282
4815.940400586223 191.62291
4817.119687347337 207.08873
4818.298974108451 199.1568
4819.478260869565 197.4111
4820.657547630679 187.5336
4821.836834391793 193.24611
4823.016121152907 201.0961
4824.1954079140205 180.7754
4825.374694675134 193.0827
4826.553981436248 210.12543
4827.733268197362 201.73012
4828.912554958476 183.11145
4830.09184171959 184.75804
4831.271128480704 197.83206
4832.450415241818 189.81915
4833.6297020029315 192.17993
4834.808988764045 211.66609
4835.988275525158 200.01956
4837.167562286273 181.56944
4838.346849047386 207.47693
4839.5261358085 209.87036
4840.705422569614 194.08977
4841.884709330728 204.12561
4843.063996091842 185.86696
4844.243282852955 186.70193
4845.422569614069 193.14627
4846.601856375183 191.28409
4847.781143136297 191.5205
4848.960429897411 187.52725
4850.139716658525 199.78127
4851.319003419639 212.43391
4852.4982901807525 214.8153
4853.677576941866 218.74364
4854.85686370298 225.06523
4856.036150464094 246.51106
4857.215437225208 253.26682
4858.394723986321 255.2349
4859.574010747436 260.30457
4860.753297508549 280.99933
4861.9325842696635 1046.2561
4863.1118710307765 3019.5464
4864.29115779189 3524.0432
4865.470444553004 1696.4385
4866.649731314118 406.8496
4867.829018075232 244.31622
4869.008304836346 252.22452
4870.18759159746 225.11703
4871.366878358574 222.56201
4872.546165119687 213.87207
4873.725451880801 224.10493
4874.904738641915 217.90051
4876.084025403029 204.74051
4877.263312164143 200.30557
4878.442598925257 188.02519
4879.621885686371 196.16917
4880.801172447484 189.19102
4881.980459208598 194.26692
4883.159745969711 213.16687
4884.339032730826 199.98143
4885.518319491939 181.20915
4886.697606253053 191.2335
4887.876893014167 186.29552
4889.056179775281 183.14381
4890.235466536395 205.29387
4891.4147532975085 200.57423
4892.594040058622 167.33334
4893.773326819736 179.55957
4894.95261358085 184.1893
4896.131900341964 215.47977
4897.311187103078 182.5711
4898.490473864192 185.84598
4899.669760625306 182.32832
4900.849047386419 191.61742
4902.028334147533 201.62337
4903.207620908646 204.52478
4904.386907669761 198.94933
4905.566194430874 190.32079
4906.745481191989 191.1244
4907.924767953102 202.88231
4909.104054714216 197.88394
4910.2833414753295 172.50691
4911.462628236443 179.76271
4912.641914997557 173.64137
4913.821201758671 181.65625
4915.000488519785 204.36789
4916.179775280899 193.17688
4917.359062042013 181.03635
4918.538348803127 190.96577
4919.7176355642405 209.54771
4920.896922325354 197.0754
4922.076209086468 194.34332
4923.255495847582 224.29744
4924.434782608696 214.28119
4925.61406936981 209.0364
4926.793356130924 208.89113
4927.972642892037 188.12064
4929.1519296531515 173.12091
4930.331216414264 175.9888
4931.510503175378 175.22455
4932.689789936492 202.4191
4933.869076697606 188.84879
4935.04836345872 172.4881
4936.227650219834 191.0187
4937.406936980948 171.77667
4938.5862237420615 174.05318
4939.765510503175 181.47742
4940.944797264289 208.12692
4942.124084025403 200.26141
4943.303370786517 170.05597
4944.482657547631 169.6629
4945.661944308745 187.99055
4946.841231069859 202.21689
4948.0205178309725 188.80573
4949.199804592086 174.2398
4950.379091353199 182.56046
4951.558378114314 183.84232
4952.737664875427 187.25587
4953.916951636542 200.26721
4955.096238397655 186.89737
4956.275525158769 176.43912
4957.454811919883 221.49507
4958.634098680996 160.98929
4959.81338544211 2452.3242
4960.992672203224 6749.6416
4962.171958964338 6561.089
4963.351245725452 2879.027
4964.530532486566 218.7768
4965.70981924768 249.47319
4966.8891060087935 185.37883
4968.068392769907 208.70227
4969.247679531021 180.86006
4970.426966292135 198.15282
4971.606253053249 185.76825
4972.785539814362 198.14752
4973.964826575477 187.13434
4975.14411333659 192.37717
4976.3234000977045 192.06961
4977.5026868588175 185.08774
4978.681973619931 165.56683
4979.861260381045 182.92438
4981.040547142159 198.67401
4982.219833903273 164.13885
4983.399120664387 317.45166
4984.578407425501 271.68823
4985.757694186615 172.73335
4986.936980947728 198.6372
4988.116267708842 188.87387
4989.295554469956 183.151
4990.47484123107 190.99815
4991.654127992184 191.99495
4992.833414753298 181.30432
4994.012701514412 173.37318
4995.191988275525 178.77138
4996.371275036639 174.44315
4997.550561797752 192.29459
4998.729848558867 187.12921
4999.90913531998 186.16388
5001.088422081094 193.79935
5002.267708842208 174.89587
5003.446995603322 179.34608
5004.626282364436 227.2305
5005.8055691255495 199.65222
5006.984855886663 895.4502
5008.164142647777 11543.613
5009.343429408891 20691.592
5010.522716170005 17069.506
5011.702002931119 3823.6482
5012.881289692233 253.72331
5014.060576453347 318.03436
5015.2398632144605 166.31992
5016.419149975574 202.83551
5017.598436736688 241.8571
5018.777723497802 252.06998
5019.957010258915 209.25699
5021.13629702003 162.12321
5022.315583781143 165.89568
5023.494870542257 177.39702
5024.6741573033705 179.5104
5025.853444064484 186.84695
5027.032730825598 174.51599
5028.212017586712 174.0729
5029.391304347826 168.90437
5030.57059110894 161.34613
5031.749877870054 173.57372
5032.929164631168 174.58064
5034.1084513922815 160.15222
5035.287738153395 151.07202
5036.467024914509 173.65897
5037.646311675623 173.63556
5038.825598436737 158.55144
5040.004885197851 161.75029
5041.184171958965 178.06656
5042.363458720078 169.43452
5043.5427454811925 163.25128
5044.722032242305 153.11407
5045.90131900342 171.78821
5047.080605764533 169.07256
5048.259892525647 168.44568
5049.439179286761 167.78389
5050.618466047875 175.77957
5051.797752808989 159.7826
5052.9770395701025 159.92165
5054.156326331216 181.72348
5055.33561309233 160.6864
5056.514899853444 156.40881
5057.694186614558 171.17557
5058.873473375672 162.69466
5060.052760136786 171.93666
5061.2320468979 167.87599
5062.4113336590135 154.528
5063.590620420127 155.08801
5064.76990718124 153.95386
5065.949193942355 174.41728
5067.128480703468 159.95001
5068.307767464583 147.38348
5069.487054225696 165.84792
5070.66634098681 146.78471
5071.845627747924 183.81677
5073.024914509037 153.80127
5074.204201270151 154.91968
5075.383488031265 150.90828
5076.562774792379 148.62737
5077.742061553493 154.68715
5078.921348314607 165.59944
5080.100635075721 154.87492
5081.279921836835 170.94975
5082.459208597948 167.97032
5083.638495359062 154.14468
5084.817782120176 173.30315
5085.99706888129 171.80817
5087.176355642403 159.66382
5088.355642403518 157.02336
5089.534929164631 140.6756
5090.7142159257455 158.0067
5091.8935026868585 171.42554
5093.072789447972 145.30435
5094.252076209086 154.38414
5095.4313629702 148.81107
5096.610649731314 161.19304
5097.789936492428 168.18039
5098.969223253542 156.9501
5100.148510014656 151.11403
5101.3277967757695 146.25961
5102.507083536883 133.12192
5103.686370297997 163.18005
5104.865657059111 148.82562
5106.044943820225 131.57726
5107.224230581339 146.01985
5108.403517342453 161.84938
5109.582804103567 146.94061
5110.76209086468 141.2964
5111.941377625793 144.43681
5113.120664386908 166.84631
5114.299951148021 160.45918
5115.479237909136 161.97598
5116.658524670249 164.84767
5117.837811431363 167.35999
5119.017098192477 189.94061
5120.1963849535905 181.17883
5121.375671714704 160.01427
5122.554958475818 152.95929
5123.734245236932 156.82228
5124.913531998046 138.83281
5126.09281875916 151.4803
5127.272105520274 143.36232
5128.451392281388 151.58391
5129.6306790425015 144.59184
5130.809965803615 154.50441
5131.989252564729 145.35355
5133.168539325843 153.04799
5134.347826086956 152.00647
5135.527112848071 162.6446
5136.706399609184 167.22453
5137.885686370299 140.68181
5139.0649731314115 145.79263
5140.244259892525 154.81769
5141.423546653639 131.09142
5142.602833414753 145.80748
5143.782120175867 159.04659
5144.961406936981 145.94038
5146.140693698095 146.56743
5147.319980459209 149.81952
5148.4992672203225 158.58014
5149.678553981436 164.12192
5150.85784074255 160.03915
5152.037127503664 160.72397
5153.216414264778 157.05319
5154.395701025892 171.06863
5155.574987787006 143.26833
5156.754274548119 145.95323
5157.9335613092335 137.26389
5159.112848070346 150.27988
5160.292134831461 138.14415
5161.471421592574 158.97081
5162.650708353688 158.53044
5163.829995114802 153.512
5165.009281875916 161.99622
5166.18856863703 164.65216
5167.367855398144 150.87886
5168.547142159257 141.7319
5169.726428920371 135.5688
5170.905715681485 144.59428
5172.085002442599 155.35722
5173.264289203713 155.77365
5174.443575964827 138.67099
5175.622862725941 131.64053
5176.8021494870545 151.14775
5177.981436248168 156.2308
5179.160723009281 146.1593
5180.340009770396 126.13994
5181.519296531509 134.48154
5182.698583292624 153.89401
5183.877870053737 141.9028
5185.057156814851 139.60013
5186.236443575965 148.49109
5187.4157303370785 156.76353
5188.595017098192 165.06253
5189.774303859306 140.92606
5190.95359062042 136.3788
5192.132877381534 135.97325
5193.312164142648 158.48256
5194.491450903762 143.61609
5195.670737664876 157.33469
5196.850024425989 229.35764
5198.029311187103 269.59964
5199.208597948217 265.0628
5200.387884709331 237.90753
5201.567171470445 194.22559
5202.746458231559 159.05252
5203.925744992672 159.35814
5205.1050317537865 156.74236
5206.2843185148995 132.3982
5207.463605276014 151.62735
5208.642892037127 156.70975
5209.822178798241 164.45148
5211.001465559355 147.9352
5212.180752320469 153.93385
5213.360039081583 167.5414
5214.539325842697 145.44499
5215.7186126038105 141.54382
5216.897899364924 141.40868
5218.077186126038 161.091
5219.256472887152 153.41092
5220.435759648266 147.29317
5221.61504640938 124.25026
5222.794333170494 136.93086
5223.973619931608 159.49046
5225.152906692721 152.43346
5226.332193453834 149.73573
5227.511480214949 143.41743
5228.690766976062 136.70245
5229.870053737177 145.30383
5231.04934049829 147.98096
5232.228627259404 152.10745
5233.407914020518 154.01224
5234.5872007816315 147.01122
5235.766487542745 147.59052
5236.945774303859 146.19513
5238.125061064973 148.56084
5239.304347826087 154.3051
5240.483634587201 154.22873
5241.662921348315 156.53554
5242.842208109429 140.99516
5244.0214948705425 137.7876
5245.200781631656 140.10498
5246.38006839277 142.66876
5247.559355153884 142.5687
5248.738641914997 140.28603
5249.917928676112 132.3392
5251.097215437225 146.48793
5252.27650219834 144.85094
5253.455788959453 143.33127
5254.635075720566 157.45256
5255.81436248168 151.01718
5256.993649242794 153.62509
5258.172936003908 151.46587
5259.352222765022 139.88457
5260.531509526136 135.03
5261.71079628725 153.23352
5262.8900830483635 147.88495
5264.069369809477 144.31487
5265.248656570591 129.50743
5266.427943331705 133.53822
5267.607230092819 127.02634
5268.786516853933 117.72389
5269.965803615047 133.38913
5271.14509037616 135.86615
5272.3243771372745 131.83209
5273.5036638983875 157.08528
5274.682950659502 159.36185
5275.862237420615 144.14516
5277.041524181729 149.92232
5278.220810942843 147.29825
5279.400097703957 132.38211
5280.579384465071 138.2094
5281.758671226185 125.464294
5282.937957987298 112.2974
5284.117244748412 144.5932
5285.296531509526 129.96056
5286.47581827064 126.74279
5287.655105031754 140.27911
5288.834391792868 153.0629
5290.013678553982 160.45364
5291.1929653150955 148.38809
5292.372252076209 144.63934
5293.551538837323 139.86493
5294.730825598437 143.36574
5295.91011235955 131.39948
5297.089399120665 125.26559
5298.268685881778 138.08847
5299.447972642893 130.75706
5300.627259404006 122.3332
5301.8065461651195 127.28909
5302.985832926233 136.38583
5304.165119687347 144.96936
5305.344406448461 139.80061
5306.523693209575 122.837555
5307.702979970689 175.16292
5308.882266731803 286.15118
5310.061553492917 238.10104
5311.24084025403 128.82126
5312.420127015144 138.31808
5313.599413776258 136.81473
5314.778700537372 134.32706
5315.957987298486 129.00455
5317.1372740596 145.02231
5318.316560820713 123.15616
5319.495847581828 136.86107
5320.6751343429405 141.86514
5321.854421104055 134.75447
5323.033707865168 136.91766
5324.212994626282 122.679214
5325.392281387396 141.20802
5326.57156814851 155.85648
5327.750854909624 144.17554
5328.930141670738 139.26299
5330.1094284318515 156.99657
5331.288715192965 170.21007
5332.468001954079 128.71475
5333.647288715193 126.35428
5334.826575476307 141.04253
5336.005862237421 138.26408
5337.185148998535 131.20471
5338.364435759649 138.82365
5339.5437225207625 144.65799
5340.723009281875 138.39006
5341.90229604299 118.96996
5343.081582804103 140.58725
5344.260869565218 129.96973
5345.440156326331 138.88803
5346.619443087445 138.80049
5347.798729848559 124.09916
5348.9780166096725 140.75949
5350.157303370786 141.3251
5351.3365901319 135.05681
5352.515876893014 130.89423
5353.695163654128 117.3599
5354.874450415242 122.11567
5356.053737176356 127.57185
5357.23302393747 137.0329
5358.4123106985835 126.3911
5359.591597459697 131.15259
5360.770884220811 107.55992
5361.950170981925 121.76904
5363.129457743038 115.66819
5364.308744504153 125.69869
5365.488031265266 113.33366
5366.667318026381 111.78775
5367.846604787494 124.80359
5369.025891548607 126.075455
5370.205178309721 126.06116
5371.384465070835 117.10398
5372.563751831949 111.911644
5373.743038593063 127.08202
5374.922325354177 125.012054
5376.101612115291 110.009415
5377.2808988764045 117.428734
5378.460185637518 126.02794
5379.639472398632 125.8033
5380.818759159746 127.31352
5381.99804592086 125.95543
5383.177332681974 133.95476
5384.356619443088 128.73515
5385.535906204202 119.792465
5386.7151929653155 135.16275
5387.8944797264285 136.24908
5389.073766487543 118.44444
5390.253053248656 126.62832
5391.432340009771 132.1456
5392.611626770884 132.05928
5393.790913531998 133.0907
5394.970200293112 132.5091
5396.149487054226 125.226425
5397.328773815339 125.904465
5398.508060576453 134.3864
5399.687347337567 138.55888
5400.866634098681 136.8536
5402.045920859795 138.19781
5403.225207620909 144.60187
5404.404494382023 125.75884
5405.583781143137 133.7876
5406.76306790425 156.51852
5407.942354665364 163.32335
5409.121641426478 153.25848
5410.300928187591 161.26904
5411.480214948706 181.46004
5412.659501709819 175.54758
5413.838788470934 160.5982
5415.018075232047 173.31563
5416.1973619931605 170.23119
5417.376648754274 161.46431
5418.555935515388 155.48834
5419.735222276502 150.7138
5420.914509037616 158.32942
5422.09379579873 144.70525
5423.273082559844 133.32149
5424.452369320958 147.05737
5425.6316560820715 137.24301
5426.810942843185 145.41493
5427.990229604299 149.27992
5429.169516365413 142.43594
5430.348803126527 148.18233
5431.528089887641 143.24901
5432.707376648754 131.64456
5433.886663409869 117.85613
5435.0659501709815 130.47012
5436.245236932096 127.705666
5437.424523693209 130.3494
5438.603810454323 119.17703
5439.783097215437 125.330475
5440.962383976551 127.691025
5442.141670737665 128.08334
5443.320957498779 121.68948
5444.5002442598925 105.72421
5445.679531021006 118.35381
5446.85881778212 121.15675
5448.038104543234 104.17995
5449.217391304348 113.38191
5450.396678065462 128.14754
5451.575964826576 125.4245
5452.75525158769 124.21247
5453.9345383488035 123.196045
5455.113825109916 121.55326
5456.293111871031 115.95912
5457.472398632144 119.505936
5458.651685393259 123.22189
5459.830972154372 117.488434
5461.010258915486 121.80428
5462.1895456766 114.11499
5463.3688324377135 101.40201
5464.548119198827 114.503494
5465.727405959941 119.957664
5466.906692721055 108.765755
5468.085979482169 111.94324
5469.265266243283 115.03299
5470.444553004397 119.15782
5471.623839765511 123.22014
5472.8031265266245 109.330536
5473.982413287738 110.514946
5475.161700048852 111.17117
5476.340986809966 108.98464
5477.52027357108 115.91989
5478.699560332194 112.94496
5479.878847093307 101.186966
5481.058133854422 113.10943
5482.237420615535 109.152115
5483.416707376649 107.33826
5484.595994137762 110.99155
5485.775280898876 116.53994
5486.95456765999 117.57871
5488.133854421104 114.96909
5489.313141182218 117.59703
5490.492427943332 115.15862
5491.671714704446 116.95673
5492.851001465559 121.23667
5494.030288226673 122.43824
5495.209574987787 107.6936
5496.388861748901 120.60733
5497.568148510015 115.41208
5498.747435271129 100.02309
5499.926722032243 117.68094
5501.1060087933565 111.56026
5502.2852955544695 115.526306
5503.464582315584 114.76909
5504.643869076697 118.656456
5505.823155837812 113.73394
5507.002442598925 105.84938
5508.181729360039 114.54239
5509.361016121153 117.411156
5510.540302882267 113.747856
5511.7195896433805 120.44949
5512.898876404494 121.50505
5514.078163165608 113.62645
5515.257449926722 115.079956
5516.436736687836 121.39683
5517.61602344895 115.1149
5518.795310210064 109.72312
5519.974596971178 116.24487
5521.153883732291 118.658424
5522.333170493405 121.465195
5523.512457254519 101.713425
5524.691744015632 106.4339
5525.871030776747 127.15532
5527.05031753786 115.45436
5528.229604298975 108.51123
5529.408891060088 110.91859
5530.5881778212015 114.70766
5531.767464582315 113.811035
5532.946751343429 97.66871
5534.126038104543 105.94372
5535.305324865657 115.61574
5536.484611626771 108.2814
5537.663898387885 102.795235
5538.843185148999 121.61073
5540.0224719101125 116.8338
5541.201758671226 109.07472
5542.38104543234 127.71431
5543.560332193454 119.66561
5544.739618954568 118.04261
5545.918905715682 109.9299
5547.098192476795 103.04108
5548.27747923791 112.1843
5549.4567659990225 120.84297
5550.636052760137 109.24077
5551.81533952125 102.24729
5552.994626282364 105.536896
5554.173913043478 106.039085
5555.353199804592 120.3803
5556.532486565706 117.502975
5557.71177332682 106.44936
5558.8910600879335 115.18169
5560.070346849047 111.75876
5561.249633610161 116.26146
5562.428920371275 122.38086
5563.608207132389 116.48223
5564.787493893503 121.35861
5565.966780654617 116.950424
5567.146067415731 116.06081
5568.3253541768445 112.787506
5569.504640937958 108.15839
5570.683927699072 113.938065
5571.863214460185 110.340515
5573.0425012213 134.48405
5574.221787982413 65.21945
5575.401074743528 547.5451
5576.580361504641 1934.9238
5577.759648265755 2313.638
5578.938935026868 1356.4993
5580.118221787982 211.32027
5581.297508549096 110.922485
5582.47679531021 122.936905
5583.656082071324 124.46741
5584.835368832438 100.913795
5586.014655593552 107.079315
5587.1939423546655 116.44922
5588.373229115779 105.72646
5589.552515876893 104.1654
5590.731802638007 110.97301
5591.911089399121 111.78548
5593.090376160235 104.477165
5594.269662921348 99.691734
5595.448949682463 104.508156
5596.628236443576 110.25574
5597.80752320469 110.96481
5598.986809965803 103.98318
5600.166096726917 113.5634
5601.345383488031 106.36656
5602.524670249145 112.933304
5603.703957010259 114.12047
5604.883243771373 115.38451
5606.062530532487 102.26036
5607.2418172936 110.5503
5608.421104054714 118.49095
5609.600390815828 121.22614
5610.779677576942 103.90863
5611.958964338056 101.22253
5613.13825109917 109.77151
5614.317537860283 104.88687
5615.4968246213975 111.818726
5616.6761113825105 114.906
5617.855398143625 106.23487
5619.034684904738 102.41365
5620.213971665853 105.398865
5621.393258426966 110.884155
5622.572545188081 117.683556
5623.751831949194 111.99699
5624.931118710308 97.3401
5626.1104054714215 116.385284
5627.289692232535 111.24337
5628.468978993649 103.60571
5629.648265754763 98.30741
5630.827552515877 100.37746
5632.006839276991 108.466896
5633.186126038105 107.36944
5634.365412799219 102.09188
5635.544699560332 103.41527
5636.723986321445 104.68613
5637.90327308256 100.320946
5639.082559843673 100.98016
5640.261846604788 101.33087
5641.441133365901 101.453316
5642.620420127016 104.4415
5643.799706888129 101.72756
5644.978993649243 97.41933
5646.158280410356 121.23781
5647.337567171471 102.92202
5648.516853932584 105.973785
5649.696140693698 103.06758
5650.875427454812 95.77307
5652.054714215926 100.34092
5653.23400097704 102.58498
5654.4132877381535 100.79921
5655.592574499267 97.714424
5656.771861260381 96.568634
5657.951148021495 98.62842
5659.130434782608 106.96869
5660.309721543723 102.87908
5661.489008304836 100.237434
5662.668295065951 94.78334
5663.847581827064 98.304985
5665.026868588178 115.3877
5666.206155349291 105.55576
5667.385442110406 109.95688
5668.564728871519 92.601845
5669.744015632634 111.054405
5670.923302393747 107.69214
5672.102589154861 103.130325
5673.2818759159745 107.56735
5674.461162677088 101.5332
5675.640449438202 101.88062
5676.819736199316 93.88674
5677.99902296043 100.103455
5679.178309721544 94.42979
5680.357596482658 106.206924
5681.536883243772 108.68022
5682.7161700048855 94.02269
5683.8954567659985 113.59199
5685.074743527113 108.99912
5686.254030288226 120.94921
5687.433317049341 92.019714
5688.612603810454 100.83021
5689.791890571569 110.73715
5690.971177332682 117.99005
5692.1504640937965 112.19996
5693.329750854909 97.21521
5694.509037616023 110.86258
5695.688324377137 114.89047
5696.867611138251 106.33372
5698.046897899365 108.50204
5699.226184660479 99.29802
5700.405471421593 108.270325
5701.5847581827065 98.366455
5702.76404494382 102.979546
5703.943331704934 116.7078
5705.122618466048 104.71584
5706.301905227161 101.55095
5707.481191988276 113.32175
5708.660478749389 99.44724
5709.839765510504 97.15894
5711.019052271617 100.63421
5712.198339032731 93.626045
5713.377625793844 102.67726
5714.556912554959 101.11758
5715.736199316072 92.214264
5716.915486077186 110.506
5718.0947728383 104.54405
5719.274059599414 102.92943
5720.453346360528 106.42723
5721.632633121641 94.34174
5722.811919882755 101.91339
5723.991206643869 97.7849
5725.170493404983 87.53032
5726.349780166097 102.54469
5727.529066927211 99.06183
5728.708353688324 102.275696
5729.887640449439 94.56153
5731.0669272105515 95.24286
5732.246213971666 105.43856
5733.425500732779 100.388565
5734.604787493894 98.43268
5735.784074255007 98.70776
5736.963361016122 97.68579
5738.142647777235 96.65792
5739.3219345383495 103.80596
5740.5012212994625 105.00828
5741.680508060576 91.98123
5742.85979482169 153.3948
5744.039081582804 129.21289
5745.218368343918 104.3067
5746.397655105032 99.020645
5747.576941866146 101.020164
5748.75622862726 96.6991
5749.9355153883735 88.04766
5751.114802149486 93.39293
5752.294088910601 99.63205
5753.473375671714 94.84357
5754.652662432829 96.05541
5755.831949193942 104.06522
5757.011235955057 104.96303
5758.19052271617 99.20797
5759.369809477284 94.58018
5760.549096238397 99.51583
5761.728382999512 104.47995
5762.907669760625 99.9979
5764.086956521739 98.53433
5765.266243282853 101.99411
5766.445530043967 91.90207
5767.624816805081 95.30135
5768.8041035661945 99.23127
5769.983390327308 93.41438
5771.162677088422 95.98326
5772.341963849536 96.37786
5773.52125061065 91.80753
5774.700537371764 96.49991
5775.879824132877 97.17123
5777.059110893992 96.88573
5778.238397655105 104.85873
5779.417684416219 100.36418
5780.596971177332 95.95238
5781.776257938447 102.86793
5782.95554469956 93.21799
5784.134831460675 104.01362
5785.314118221788 99.39933
5786.493404982902 99.41944
5787.6726917440155 91.19884
5788.851978505129 92.75662
5790.031265266243 105.15814
5791.210552027357 99.3387
5792.389838788471 86.33426
5793.569125549585 92.032166
5794.748412310699 105.6242
5795.927699071813 99.07963
5797.1069858329265 110.06238
5798.2862725940395 95.76416
5799.465559355154 102.9207
5800.644846116267 106.17076
5801.824132877382 110.610214
5803.003419638495 110.37384
5804.18270639961 111.60075
5805.361993160723 107.375694
5806.5412799218375 117.02142
5807.72056668295 108.30598
5808.899853444064 95.852745
5810.079140205178 104.95564
5811.258426966292 102.58011
5812.437713727406 100.51834
5813.61700048852 108.41475
5814.796287249634 106.27599
5815.975574010748 111.68924
5817.154860771861 91.45596
5818.334147532975 108.6686
5819.513434294089 119.23137
5820.692721055202 102.3678
5821.872007816317 112.72862
5823.05129457743 103.43879
5824.230581338545 97.717995
5825.409868099658 105.461525
5826.589154860772 98.45543
5827.768441621885 95.820145
5828.947728383 106.72984
5830.127015144113 103.26181
5831.306301905228 90.849075
5832.485588666341 88.96453
5833.664875427455 90.24301
5834.844162188569 86.83284
5836.0234489496825 82.943214
5837.202735710796 97.79282
5838.38202247191 86.367775
5839.561309233024 91.44385
5840.740595994138 89.93236
5841.919882755252 94.977165
5843.099169516365 90.224174
5844.27845627748 86.22092
5845.4577430385925 84.159676
5846.637029799707 95.54018
5847.81631656082 98.08752
5848.995603321935 87.11968
5850.174890083048 89.655
5851.354176844163 92.96326
5852.533463605276 100.3009
5853.7127503663905 92.42448
5854.8920371275035 87.83095
5856.071323888617 92.751076
5857.250610649731 90.308304
5858.429897410845 89.90876
5859.609184171959 92.82381
5860.788470933073 82.718414
5861.967757694187 93.49304
5863.147044455301 95.455376
5864.3263312164145 101.84749
5865.505617977528 116.12625
5866.684904738642 127.15923
5867.864191499755 122.95038
5869.04347826087 108.25141
5870.222765021983 111.64916
5871.402051783098 107.37929
5872.581338544211 107.670845
5873.760625305325 105.61329
5874.939912066438 109.07085
5876.119198827553 115.07341
5877.298485588666 194.55827
5878.47777234978 326.51685
5879.657059110894 347.98477
5880.836345872008 219.1442
5882.015632633122 124.452415
5883.1949193942355 106.85852
5884.374206155349 98.98271
5885.553492916463 105.42949
5886.732779677577 108.39677
5887.912066438691 171.49446
5889.091353199805 309.52948
5890.270639960918 319.2051
5891.449926722033 245.94571
5892.629213483146 136.24995
5893.80850024426 133.60689
5894.987787005373 206.79483
5896.167073766488 241.9412
5897.346360527601 172.5817
5898.525647288716 111.2211
5899.704934049829 94.20994
5900.884220810943 87.892235
5902.063507572057 99.78174
5903.24279433317 96.20862
5904.422081094284 94.54657
5905.601367855398 99.85413
5906.780654616512 94.034904
5907.959941377626 111.45146
5909.13922813874 97.30769
5910.318514899854 88.52888
5911.4978016609675 92.154816
5912.6770884220805 94.78197
5913.856375183195 108.21662
5915.035661944308 114.8175
5916.214948705423 119.70183
5917.394235466536 111.849434
5918.573522227651 97.14064
5919.752808988764 91.6082
5920.9320957498785 84.80056
5922.1113825109915 93.61108
5923.290669272106 98.24727
5924.469956033219 92.725876
5925.649242794333 98.59494
5926.828529555447 89.74278
5928.007816316561 92.773506
5929.187103077675 87.66837
5930.366389838789 84.33091
5931.545676599902 114.53707
5932.724963361016 126.09644
5933.90425012213 125.63504
5935.083536883243 93.93976
5936.262823644358 89.4342
5937.442110405471 90.31419
5938.621397166586 92.09761
5939.800683927699 97.570625
5940.979970688813 87.1656
5942.159257449926 87.9625
5943.338544211041 94.50858
5944.517830972154 88.86724
5945.697117733269 102.0757
5946.876404494382 85.26494
5948.055691255496 82.492424
5949.23497801661 83.30348
5950.4142647777235 84.54172
5951.593551538837 101.06358
5952.772838299951 103.4202
5953.952125061065 113.00629
5955.131411822179 109.09434
5956.310698583293 91.18954
5957.489985344407 90.731926
5958.669272105521 95.00474
5959.8485588666335 91.9728
5961.027845627748 85.006294
5962.207132388861 87.39283
5963.386419149976 90.79347
5964.565705911089 90.139725
5965.744992672204 86.202896
5966.924279433317 88.4877
5968.103566194432 90.78279
5969.2828529555445 88.65235
5970.462139716658 90.49807
5971.641426477772 92.89696
5972.820713238886 92.89003
5974.0 92.88229