wavelength flux
3448.0 -1167.4133
3450.609184171959 -1170.4946
3453.218368343918 -1173.4238
3455.827552515877 -1176.5046
3458.436736687836 -1179.4678
3461.045920859795 -1105.2051
3463.655105031754 -2174.5928
3466.264289203713 -1674.6848
3468.873473375672 -1071.8394
3471.482657547631 -376.54062
3474.09184171959 -1080.5024
3476.7010258915484 -137.30505
3479.3102100635074 -1273.0063
3481.9193942354664 -1056.051
3484.5285784074254 -687.9555
3487.1377625793843 -1908.7751
3489.7469467513433 -1756.6941
3492.3561309233023 -896.6599
3494.9653150952613 -1118.9651
3497.5744992672203 -700.7513
3500.1836834391793 -860.4928
3502.7928676111383 -426.13443
3505.4020517830972 -1342.2825
3508.0112359550562 -578.43854
3510.620420127015 -2092.5913
3513.229604298974 -141.22331
3515.838788470933 -328.97305
3518.447972642892 -938.37823
3521.057156814851 -1553.6892
3523.66634098681 -1817.6006
3526.275525158769 -587.1672
3528.8847093307277 -300.401
3531.4938935026867 -749.83484
3534.1030776746456 -867.2661
3536.7122618466046 -1240.7822
3539.3214460185636 -830.09906
3541.9306301905226 -1121.0999
3544.5398143624816 -734.3948
3547.1489985344406 -1057.7776
3549.7581827063996 207.29617
3552.3673668783586 -791.7324
3554.9765510503175 -1939.9337
3557.5857352222765 -813.16785
3560.1949193942355 -1061.1981
3562.8041035661945 -25.363373
3565.4132877381535 -1071.1948
3568.0224719101125 -1973.5503
3570.6316560820715 -412.1025
3573.2408402540304 249.44492
3575.8500244259894 -188.81511
3578.4592085979484 -500.93
3581.0683927699074 -1718.0792
3583.677576941866 -887.4238
3586.286761113825 -487.70874
3588.895945285784 14.486633
3591.505129457743 -875.58716
3594.114313629702 -1058.1252
3596.723497801661 -922.5425
3599.33268197362 -1087.4274
3601.941866145579 -513.8933
3604.551050317538 -1273.8348
3607.160234489497 -1674.1709
3609.769418661456 -953.47424
3612.378602833415 -791.3219
3614.987787005374 -709.5002
3617.5969711773328 -892.33716
3620.2061553492917 -640.6817
3622.8153395212507 -776.55383
3625.4245236932097 -898.27856
3628.0337078651687 -662.3141
3630.6428920371277 -624.47076
3633.2520762090867 -683.91296
3635.861260381045 72.45163
3638.470444553004 -497.77216
3641.079628724963 -238.68724
3643.688812896922 70.888695
3646.297997068881 -1110.793
3648.90718124084 -841.1214
3651.516365412799 677.44806
3654.125549584758 -468.02838
3656.734733756717 -751.59265
3659.343917928676 -1049.3243
3661.953102100635 -129.43793
3664.562286272594 -595.88684
3667.171470444553 -835.37604
3669.780654616512 -705.876
3672.389838788471 204.87462
3674.99902296043 -717.1908
3677.608207132389 -374.0936
3680.217391304348 -18.086466
3682.826575476307 -723.0199
3685.435759648266 -479.6925
3688.044943820225 -524.7613
3690.6541279921835 -602.9958
3693.2633121641425 -297.4533
3695.8724963361014 -572.42834
3698.4816805080604 -79.88019
3701.0908646800194 -589.1499
3703.7000488519784 -59.220787
3706.3092330239374 -124.366066
3708.9184171958964 -121.459015
3711.5276013678554 -21.376055
3714.1367855398144 -509.15186
3716.7459697117733 -280.35715
3719.3551538837323 -219.00626
3721.9643380556913 192.42792
3724.5735222276503 781.51776
3727.1827063996093 2061.0212
3729.7918905715683 2687.297
3732.4010747435273 1604.4915
3735.0102589154862 219.60788
3737.6194430874452 -179.51317
3740.2286272594038 70.58781
3742.8378114313628 161.62863
3745.4469956033217 -194.66873
3748.0561797752807 -102.51889
3750.6653639472397 -23.127558
3753.2745481191987 -145.8424
3755.8837322911577 -300.94226
3758.4929164631167 101.73081
3761.1021006350757 -67.5483
3763.7112848070346 -9.262379
3766.3204689789936 -227.81947
3768.9296531509526 251.57294
3771.5388373229116 565.3762
3774.1480214948706 171.70381
3776.7572056668296 -179.22075
3779.3663898387886 119.399055
3781.9755740107476 -319.58304
3784.5847581827065 -209.59341
3787.1939423546655 17.776516
3789.8031265266245 177.26538
3792.4123106985835 124.25302
3795.0214948705425 9.785746
3797.6306790425015 389.29947
3800.23986321446 381.43738
3802.849047386419 -82.998405
3805.458231558378 124.33284
3808.067415730337 -103.267
3810.676599902296 43.48595
3813.285784074255 139.96057
3815.894968246214 362.5403
3818.504152418173 159.2247
3821.113336590132 110.513016
3823.722520762091 -97.94987
3826.33170493405 107.32664
3828.940889106009 -63.184704
3831.550073277968 150.0172
3834.159257449927 305.21463
3836.768441621886 456.9448
3839.377625793845 399.30148
3841.986809965804 27.490517
3844.595994137763 100.39533
3847.2051783097213 66.81939
3849.8143624816803 216.08945
3852.4235466536393 62.183098
3855.0327308255983 113.412964
3857.6419149975573 333.41345
3860.2510991695162 69.34829
3862.860283341475 -27.00346
3865.469467513434 313.1627
3868.078651685393 1565.865
3870.687835857352 2648.0674
3873.297020029311 1610.4104
3875.90620420127 374.0877
3878.515388373229 76.46333
3881.124572545188 110.59346
3883.733756717147 31.294487
3886.342940889106 223.8809
3888.952125061065 918.8918
3891.561309233024 1317.6832
3894.170493404983 679.0706
3896.779677576942 165.19034
3899.388861748901 63.32109
3901.99804592086 71.437004
3904.607230092819 101.80281
3907.2164142647775 -9.5930605
3909.8255984367365 78.30325
3912.4347826086955 70.56236
3915.0439667806545 169.90372
3917.6531509526135 27.735363
3920.2623351245725 59.921345
3922.8715192965315 81.12867
3925.4807034684904 18.604021
3928.0898876404494 44.488113
3930.6990718124084 73.14757
3933.3082559843674 87.45608
3935.9174401563264 45.03703
3938.5266243282854 130.42532
3941.1358085002444 85.86424
3943.7449926722034 144.33896
3946.3541768441623 120.31964
3948.9633610161213 117.88999
3951.5725451880803 113.02673
3954.181729360039 155.19293
3956.790913531998 141.9137
3959.400097703957 159.04716
3962.009281875916 71.8079
3964.618466047875 127.445404
3967.227650219834 573.40607
3969.8368343917928 1177.6434
3972.4460185637517 1342.2625
3975.0552027357107 587.2811
3977.6643869076697 154.30128
3980.2735710796287 133.19882
3982.8827552515877 165.38043
3985.4919394235467 100.57058
3988.1011235955057 83.15375
3990.7103077674647 57.520226
3993.3194919394236 21.90852
3995.9286761113826 162.45091
3998.5378602833416 103.10699
4001.1470444553006 139.96819
4003.7562286272596 87.95351
4006.3654127992186 107.54849
4008.9745969711776 146.70639
4011.5837811431365 126.60026
4014.1929653150955 176.40755
4016.802149487054 192.01797
4019.411333659013 138.2131
4022.020517830972 149.02582
4024.629702002931 180.3262
4027.23888617489 130.77496
4029.848070346849 190.95325
4032.457254518808 159.51822
4035.066438690767 153.58235
4037.675622862726 173.4764
4040.284807034685 103.02724
4042.893991206644 127.67829
4045.503175378603 106.05898
4048.112359550562 102.37851
4050.721543722521 130.7469
4053.33072789448 156.709
4055.9399120664384 169.66347
4058.5490962383974 238.8385
4061.1582804103564 153.23848
4063.7674645823154 138.10315
4066.3766487542744 157.41037
4068.9858329262333 112.61035
4071.5950170981923 126.83739
4074.2042012701513 207.23172
4076.8133854421103 141.4895
4079.4225696140693 199.92998
4082.0317537860283 160.38731
4084.6409379579873 102.79753
4087.2501221299462 107.317154
4089.8593063019052 100.84877
4092.468490473864 95.57752
4095.077674645823 97.74008
4097.686858817782 188.32628
4100.296042989741 402.39502
4102.9052271617 1161.6442
4105.514411333659 1017.83655
4108.123595505618 518.8008
4110.732779677577 104.340546
4113.341963849536 151.07683
4115.951148021495 98.55372
4118.560332193454 105.07114
4121.169516365413 119.307396
4123.778700537372 96.927925
4126.387884709331 160.9554
4128.99706888129 127.393326
4131.606253053249 124.9599
4134.215437225208 134.8715
4136.824621397167 22.005766
4139.433805569126 132.29587
4142.042989741085 133.7049
4144.652173913044 131.46533
4147.261358085003 91.672745
4149.870542256961 114.97772
4152.47972642892 94.23007
4155.088910600879 92.95588
4157.698094772838 104.7968
4160.307278944797 147.43137
4162.916463116756 178.03067
4165.525647288715 80.98706
4168.134831460674 74.86929
4170.744015632633 112.52394
4173.353199804592 130.41385
4175.962383976551 108.18823
4178.57156814851 126.06762
4181.180752320469 65.40626
4183.789936492428 79.2251
4186.399120664387 120.09989
4189.008304836346 133.38626
4191.617489008305 104.99122
4194.226673180264 91.53122
4196.835857352223 87.40341
4199.445041524182 106.180695
4202.054225696141 65.95918
4204.6634098681 107.76976
4207.272594040059 108.135544
4209.881778212018 63.715736
4212.490962383977 116.84788
4215.100146555936 70.39815
4217.709330727895 109.73195
4220.318514899854 69.753204
4222.927699071813 61.809425
4225.536883243772 97.07517
4228.146067415731 70.07454
4230.75525158769 58.29822
4233.364435759649 62.50783
4235.973619931608 91.30084
4238.582804103567 90.90475
4241.191988275526 106.9816
4243.801172447484 86.241165
4246.410356619443 100.05756
4249.019540791402 79.25781
4251.628724963361 50.20462
4254.23790913532 77.04757
4256.847093307279 101.364586
4259.4562774792375 97.99515
4262.0654616511965 51.29448
4264.6746458231555 67.094574
4267.2838299951145 86.38207
4269.8930141670735 114.40108
4272.5021983390325 70.92472
4275.1113825109915 101.90603
4277.72056668295 89.43407
4280.329750854909 79.674644
4282.938935026868 87.95714
4285.548119198827 96.87523
4288.157303370786 60.36809
4290.766487542745 85.08972
4293.375671714704 83.73512
4295.984855886663 99.58815
4298.594040058622 67.71272
4301.203224230581 64.26295
4303.81240840254 96.30312
4306.421592574499 71.771385
4309.030776746458 98.07978
4311.639960918417 76.3492
4314.249145090376 84.57587
4316.858329262335 88.19775
4319.467513434294 85.96921
4322.076697606253 70.48362
4324.685881778212 87.10676
4327.295065950171 54.73309
4329.90425012213 93.720764
4332.513434294089 118.066345
4335.122618466048 77.23371
4337.731802638007 174.24805
4340.340986809966 1016.9741
4342.950170981925 1476.6837
4345.559355153884 1028.4368
4348.168539325843 199.1582
4350.777723497802 63.2585
4353.386907669761 90.83894
4355.99609184172 85.94852
4358.605276013679 97.3185
4361.214460185638 127.18033
4363.823644357596 260.94327
4366.432828529555 300.48996
4369.042012701514 213.15884
4371.651196873473 107.72217
4374.260381045432 65.2782
4376.869565217391 61.381027
4379.47874938935 97.95515
4382.087933561309 85.91968
4384.697117733268 81.42345
4387.306301905227 97.4273
4389.915486077186 110.217186
4392.524670249145 87.44921
4395.133854421104 89.13229
4397.743038593063 76.89816
4400.352222765022 91.786316
4402.961406936981 104.12486
4405.57059110894 111.03033
4408.179775280899 90.669205
4410.788959452858 92.213844
4413.398143624817 84.10277
4416.007327796776 108.827736
4418.616511968735 109.1572
4421.225696140694 81.19712
4423.834880312653 72.31423
4426.444064484612 92.711876
4429.053248656571 67.17373
4431.66243282853 65.88243
4434.271617000489 83.97861
4436.880801172448 103.27238
4439.489985344407 52.02436
4442.099169516366 115.91791
4444.708353688325 85.692566
4447.317537860284 100.86691
4449.926722032243 98.45651
4452.535906204202 72.60887
4455.145090376161 62.41371
4457.754274548119 80.128746
4460.363458720078 64.75462
4462.972642892037 62.92787
4465.581827063996 89.40978
4468.191011235955 75.21112
4470.800195407914 111.34912
4473.409379579873 181.81392
4476.018563751832 168.54535
4478.627747923791 83.88018
4481.23693209575 57.499287
4483.846116267709 66.3276
4486.455300439668 76.811646
4489.0644846116265 73.132614
4491.6736687835855 87.49106
4494.2828529555445 81.76271
4496.8920371275035 51.874077
4499.5012212994625 82.492165
4502.1104054714215 100.09429
4504.7195896433805 80.50988
4507.328773815339 74.13994
4509.937957987298 83.38251
4512.547142159257 88.334274
4515.156326331216 69.94261
4517.765510503175 93.94951
4520.374694675134 79.297424
4522.983878847093 61.192257
4525.593063019052 89.12722
4528.202247191011 62.425556
4530.81143136297 80.23567
4533.420615534929 74.873566
4536.029799706888 76.19569
4538.638983878847 78.782104
4541.248168050806 59.587273
4543.857352222765 62.38968
4546.466536394724 74.18139
4549.075720566683 77.56005
4551.684904738642 85.390686
4554.294088910601 56.05454
4556.90327308256 61.847736
4559.512457254519 71.32419
4562.121641426478 81.49519
4564.730825598437 76.81454
4567.340009770396 75.79146
4569.949193942355 53.21108
4572.558378114314 78.81881
4575.167562286273 78.05942
4577.776746458232 52.37749
4580.385930630191 71.039215
4582.99511480215 77.79146
4585.604298974108 81.501495
4588.213483146067 75.0875
4590.822667318026 63.35555
4593.431851489985 85.523224
4596.041035661944 81.78926
4598.650219833903 67.01035
4601.259404005862 75.24655
4603.868588177821 85.157074
4606.47777234978 70.49614
4609.086956521739 76.467545
4611.696140693698 70.11516
4614.305324865657 83.30541
4616.914509037616 76.12234
4619.523693209575 71.06081
4622.132877381534 86.54239
4624.742061553493 84.43408
4627.351245725452 60.944023
4629.960429897411 93.4801
4632.56961406937 76.07404
4635.178798241329 67.873566
4637.787982413288 67.43095
4640.397166585247 80.83312
4643.006350757206 62.47627
4645.615534929165 73.73164
4648.224719101124 75.08635
4650.833903273083 73.696526
4653.443087445042 64.788795
4656.052271617001 89.78798
4658.66145578896 70.023796
4661.270639960919 76.93031
4663.879824132877 48.304993
4666.489008304836 78.227356
4669.098192476795 85.03864
4671.707376648754 70.681755
4674.316560820713 67.60779
4676.925744992672 88.65913
4679.534929164631 66.51136
4682.14411333659 79.16441
4684.753297508549 83.1767
4687.362481680508 76.92716
4689.971665852467 93.37907
4692.580850024426 99.8247
4695.190034196385 62.23098
4697.799218368344 69.10417
4700.408402540303 74.69927
4703.017586712262 95.11083
4705.626770884221 65.80646
4708.23595505618 74.13949
4710.845139228139 95.539536
4713.454323400098 80.360985
4716.063507572057 90.33615
4718.6726917440155 95.039
4721.2818759159745 82.16147
4723.8910600879335 65.48787
4726.5002442598925 76.78887
4729.1094284318515 71.23935
4731.7186126038105 73.437515
4734.3277967757695 67.61363
4736.936980947728 76.64237
4739.546165119687 89.66381
4742.155349291646 87.35452
4744.764533463605 93.694374
4747.373717635564 65.32605
4749.982901807523 86.43339
4752.592085979482 73.6044
4755.201270151441 71.61125
4757.8104543234 72.53911
4760.419638495359 52.671276
4763.028822667318 63.00572
4765.638006839277 67.11135
4768.247191011236 78.13775
4770.856375183195 78.30972
4773.465559355154 74.64551
4776.074743527113 67.313805
4778.683927699072 62.09944
4781.293111871031 67.37303
4783.90229604299 73.97598
4786.511480214949 80.11713
4789.120664386908 84.261406
4791.729848558867 60.690556
4794.339032730826 61.73272
4796.948216902785 92.52862
4799.557401074743 69.72215
4802.166585246702 75.19528
4804.775769418661 51.234978
4807.38495359062 68.13841
4809.994137762579 67.85316
4812.603321934538 81.98588
4815.212506106497 66.05108
4817.821690278456 69.228065
4820.430874450415 69.17846
4823.040058622374 79.26174
4825.649242794333 76.48161
4828.258426966292 59.90939
4830.867611138251 79.73924
4833.47679531021 96.185974
4836.085979482169 89.671135
4838.695163654128 93.54447
4841.304347826087 86.327
4843.913531998046 68.67954
4846.522716170005 101.592415
4849.131900341964 71.95775
4851.741084513923 79.43604
4854.350268685882 59.410164
4856.959452857841 58.99669
4859.5686370298 747.3755
4862.177821201759 2589.0088
4864.787005373718 2668.8127
4867.396189545677 1298.2098
4870.005373717636 7.0611596
4872.614557889595 91.04222
4875.223742061554 71.88904
4877.832926233512 92.87097
4880.442110405471 61.17718
4883.05129457743 55.38987
4885.660478749389 66.275185
4888.269662921348 79.187256
4890.878847093307 65.00467
4893.488031265266 55.483505
4896.097215437225 68.41781
4898.706399609184 82.29625
4901.315583781143 72.26453
4903.924767953102 55.12991
4906.533952125061 79.48598
4909.14313629702 82.62732
4911.752320468979 67.26011
4914.361504640938 84.111664
4916.970688812897 58.948135
4919.579872984856 64.29922
4922.189057156815 90.22789
4924.798241328774 123.63635
4927.407425500733 87.63315
4930.016609672692 76.98161
4932.625793844651 66.81392
4935.23497801661 78.23568
4937.844162188569 72.67627
4940.453346360528 56.84755
4943.062530532487 83.681305
4945.671714704446 76.93413
4948.2808988764045 67.79439
4950.8900830483635 79.93184
4953.4992672203225 133.41069
4956.1084513922815 334.39014
4958.7176355642405 3376.3333
4961.3268197361995 5114.8394
4963.936003908158 3629.4646
4966.545188080117 465.52405
4969.154372252076 98.17469
4971.763556424035 101.82103
4974.372740595994 82.347626
4976.981924767953 75.04837
4979.591108939912 72.29093
4982.200293111871 76.87875
4984.80947728383 69.03355
4987.418661455789 75.12499
4990.027845627748 66.93157
4992.637029799707 103.760025
4995.246213971666 92.114426
4997.855398143625 70.38561
5000.464582315584 82.839325
5003.073766487543 383.4438
5005.682950659502 5600.6377
5008.292134831461 14868.566
5010.90131900342 12884.71
5013.510503175378 4261.5605
5016.119687347337 -130.35324
5018.728871519296 252.89307
5021.338055691255 83.978226
5023.947239863214 73.18581
5026.556424035173 41.70789
5029.165608207132 82.81761
5031.774792379091 70.93473
5034.38397655105 60.085255
5036.993160723009 57.03334
5039.602344894968 75.11872
5042.211529066927 68.52166
5044.820713238886 58.236423
5047.429897410845 76.78974
5050.039081582804 63.58793
5052.648265754763 61.431187
5055.257449926722 64.59842
5057.866634098681 66.14495
5060.47581827064 80.42615
5063.085002442599 83.21157
5065.694186614558 69.25827
5068.303370786517 64.13946
5070.912554958476 69.29513
5073.521739130435 71.49423
5076.130923302394 59.5436
5078.740107474353 64.06584
5081.349291646312 69.520256
5083.958475818271 65.321396
5086.56765999023 73.701515
5089.176844162189 56.892097
5091.786028334147 54.162697
5094.395212506106 55.057674
5097.004396678065 77.91753
5099.613580850024 66.419525
5102.222765021983 61.338783
5104.831949193942 62.604942
5107.441133365901 53.14694
5110.05031753786 56.324337
5112.659501709819 46.427227
5115.268685881778 51.207996
5117.877870053737 59.814613
5120.487054225696 56.110588
5123.096238397655 46.94495
5125.705422569614 77.2401
5128.314606741573 69.95444
5130.923790913532 70.58735
5133.532975085491 53.040527
5136.14215925745 61.99861
5138.751343429409 65.422935
5141.360527601368 52.028564
5143.969711773327 53.08232
5146.578895945286 55.31122
5149.188080117245 44.98241
5151.797264289204 62.940426
5154.406448461163 56.470123
5157.015632633122 59.171978
5159.624816805081 76.54354
5162.23400097704 81.51815
5164.843185148999 51.321503
5167.452369320958 50.27671
5170.061553492917 57.36819
5172.670737664876 63.4051
5175.279921836835 57.667576
5177.8891060087935 71.649994
5180.4982901807525 61.351044
5183.1074743527115 45.36598
5185.7166585246705 55.389267
5188.3258426966295 55.91122
5190.9350268685885 42.473076
5193.544211040547 79.45188
5196.153395212506 130.91823
5198.762579384465 132.93335
5201.371763556424 124.63679
5203.980947728383 85.77494
5206.590131900342 59.594322
5209.199316072301 57.76359
5211.80850024426 61.859047
5214.417684416219 50.743973
5217.026868588178 51.106453
5219.636052760137 60.44158
5222.245236932096 59.5779
5224.854421104054 78.70434
5227.463605276013 44.340813
5230.072789447972 58.39478
5232.681973619931 62.019695
5235.29115779189 31.877111
5237.900341963849 63.869736
5240.509526135808 34.366077
5243.118710307767 63.243694
5245.727894479726 50.567398
5248.337078651685 56.480858
5250.946262823644 32.10873
5253.555446995603 62.547787
5256.164631167562 68.82296
5258.773815339521 72.64953
5261.38299951148 69.76953
5263.992183683439 32.89985
5266.601367855398 52.733746
5269.210552027357 43.72215
5271.819736199316 59.361923
5274.428920371275 60.741325
5277.038104543234 48.360992
5279.647288715193 48.01038
5282.256472887152 67.238014
5284.865657059111 58.818092
5287.47484123107 65.531685
5290.084025403029 54.86492
5292.693209574988 62.120003
5295.302393746947 65.71276
5297.911577918906 46.984135
5300.520762090865 50.740803
5303.129946262824 58.307014
5305.739130434782 49.867016
5308.348314606741 59.19358
5310.9574987787 66.723526
5313.566682950659 55.526978
5316.175867122618 59.03316
5318.785051294577 41.81561
5321.394235466536 64.81432
5324.003419638495 65.287735
5326.612603810454 50.758286
5329.221787982413 59.255363
5331.830972154372 46.224957
5334.440156326331 55.57308
5337.04934049829 70.668564
5339.658524670249 57.54237
5342.267708842208 46.754726
5344.876893014167 36.17831
5347.486077186126 55.906532
5350.095261358085 49.054314
5352.704445530044 59.59684
5355.313629702003 48.262302
5357.922813873962 48.056778
5360.531998045921 46.139732
5363.14118221788 57.612892
5365.750366389839 58.221176
5368.359550561798 46.470108
5370.968734733757 42.233326
5373.577918905716 51.775097
5376.187103077675 52.3036
5378.796287249634 50.809544
5381.405471421593 41.60677
5384.014655593552 57.677235
5386.623839765511 48.98464
5389.23302393747 52.645535
5391.842208109429 49.668335
5394.451392281388 59.9813
5397.060576453347 44.545967
5399.669760625306 36.125824
5402.278944797265 40.40597
5404.8881289692235 57.539886
5407.4973131411825 42.532818
5410.1064973131415 48.50043
5412.7156814851005 55.239983
5415.3248656570595 44.05835
5417.9340498290185 51.756462
5420.5432340009775 47.461258
5423.152418172936 59.666256
5425.761602344895 51.328995
5428.370786516854 51.45977
5430.979970688813 27.36666
5433.589154860772 58.527477
5436.198339032731 52.810055
5438.8075232046895 50.790646
5441.416707376648 41.511982
5444.025891548607 50.181263
5446.635075720566 52.884125
5449.244259892525 48.328754
5451.853444064484 51.189236
5454.462628236443 50.225002
5457.071812408402 38.673317
5459.680996580361 53.481297
5462.29018075232 51.49314
5464.899364924279 55.501205
5467.508549096238 61.233974
5470.117733268197 52.32912
5472.726917440156 54.203667
5475.336101612115 34.04886
5477.945285784074 48.527557
5480.554469956033 48.265385
5483.163654127992 42.654636
5485.772838299951 45.98236
5488.38202247191 41.200935
5490.991206643869 38.65197
5493.600390815828 46.331085
5496.209574987787 43.596348
5498.818759159746 46.430454
5501.427943331705 58.86721
5504.037127503664 59.60921
5506.646311675622 42.68805
5509.255495847581 64.53311
5511.86468001954 48.943
5514.473864191499 49.828667
5517.083048363458 61.998642
5519.692232535417 53.63961
5522.301416707376 60.86039
5524.910600879335 53.39213
5527.519785051294 44.823017
5530.128969223253 46.654354
5532.738153395212 37.73776
5535.347337567171 48.045868
5537.95652173913 34.794445
5540.565705911089 39.65881
5543.174890083048 51.967087
5545.784074255007 55.662884
5548.393258426966 52.38346
5551.002442598925 45.492718
5553.611626770884 47.39525
5556.220810942843 40.942566
5558.829995114802 48.923553
5561.439179286761 43.884804
5564.04836345872 50.518856
5566.657547630679 49.65608
5569.266731802638 37.258232
5571.875915974597 138.88446
5574.485100146556 924.77167
5577.094284318515 1195.6753
5579.703468490474 788.9262
5582.312652662433 102.59007
5584.921836834392 55.921932
5587.531021006351 37.244545
5590.14020517831 41.685883
5592.749389350269 36.797867
5595.358573522228 50.568768
5597.967757694187 39.74075
5600.576941866146 50.962173
5603.186126038105 54.99532
5605.795310210064 39.89965
5608.404494382023 29.132141
5611.013678553982 43.335167
5613.622862725941 61.10069
5616.2320468979 49.043076
5618.841231069859 47.069588
5621.450415241818 52.87292
5624.059599413777 52.804
5626.668783585736 49.172615
5629.277967757695 56.143845
5631.887151929654 42.41944
5634.4963361016125 46.76262
5637.1055202735715 36.891804
5639.7147044455305 49.398754
5642.3238886174895 51.147778
5644.9330727894485 57.604164
5647.5422569614075 45.17911
5650.1514411333665 51.86683
5652.760625305325 40.340824
5655.369809477284 40.805992
5657.978993649243 46.599365
5660.588177821202 41.34509
5663.197361993161 46.98362
5665.8065461651195 49.378536
5668.4157303370785 42.29054
5671.024914509037 47.63278
5673.634098680996 41.31948
5676.243282852955 42.4463
5678.852467024914 45.717495
5681.461651196873 43.94336
5684.070835368832 41.988274
5686.680019540791 42.321114
5689.28920371275 42.980988
5691.898387884709 36.173164
5694.507572056668 40.314747
5697.116756228627 43.579678
5699.725940400586 44.415848
5702.335124572545 34.267067
5704.944308744504 35.697598
5707.553492916463 52.126793
5710.162677088422 49.812263
5712.771861260381 38.773293
5715.38104543234 49.28374
5717.990229604299 55.27909
5720.599413776257 49.834625
5723.208597948216 42.388103
5725.817782120175 38.39668
5728.426966292134 42.705452
5731.036150464093 49.254414
5733.645334636052 49.89497
5736.254518808011 43.354908
5738.86370297997 35.14631
5741.472887151929 41.177883
5744.082071323888 48.028
5746.691255495847 40.184006
5749.300439667806 51.120174
5751.909623839765 42.72487
5754.518808011724 39.92293
5757.127992183683 42.98756
5759.737176355642 38.504436
5762.346360527601 44.5218
5764.95554469956 35.49712
5767.564728871519 38.79807
5770.173913043478 38.5911
5772.783097215437 45.563805
5775.392281387396 35.54998
5778.001465559355 40.453865
5780.610649731314 35.940002
5783.219833903273 36.780006
5785.829018075232 37.059017
5788.438202247191 45.12835
5791.04738641915 47.83436
5793.656570591109 48.03703
5796.265754763068 47.34314
5798.874938935027 44.736916
5801.484123106986 38.53098
5804.093307278945 43.48433
5806.702491450904 44.24163
5809.311675622863 39.98277
5811.920859794822 36.278805
5814.530043966781 47.34797
5817.13922813874 48.593662
5819.748412310699 43.800495
5822.357596482658 36.19823
5824.966780654617 37.98516
5827.575964826576 39.257683
5830.185148998535 35.262238
5832.794333170494 43.466137
5835.403517342453 30.36312
5838.012701514412 35.105858
5840.621885686371 39.727142
5843.23106985833 43.068928
5845.840254030289 41.375492
5848.449438202248 47.137085
5851.058622374207 37.981125
5853.667806546166 38.922375
5856.276990718125 39.466232
5858.886174890084 33.664913
5861.495359062043 34.12967
5864.1045432340015 54.33818
5866.7137274059605 67.73072
5869.3229115779195 65.12668
5871.9320957498785 46.182613
5874.5412799218375 105.95234
5877.1504640937965 253.59914
5879.759648265755 255.73727
5882.3688324377135 116.740814
5884.9780166096725 62.222588
5887.5872007816315 159.05016
5890.1963849535905 178.45447
5892.8055691255495 152.25195
5895.4147532975085 134.5964
5898.0239374694675 96.17433
5900.633121641426 48.897835
5903.242305813385 50.649815
5905.851489985344 49.200386
5908.460674157303 44.15245
5911.069858329262 46.46171
5913.679042501221 55.064995
5916.28822667318 51.03613
5918.897410845139 46.451733
5921.506595017098 47.63804
5924.115779189057 49.072445
5926.724963361016 51.35895
5929.334147532975 52.192257
5931.943331704934 47.33977
5934.552515876892 34.177643
5937.161700048851 38.073414
5939.77088422081 47.882336
5942.380068392769 52.34445
5944.989252564728 53.32582
5947.598436736687 56.630646
5950.207620908646 67.50753
5952.816805080605 68.524506
5955.425989252564 51.22536
5958.035173424523 46.96132
5960.644357596482 46.969696
5963.253541768441 34.17567
5965.8627259404 42.390987
5968.471910112359 47.717144
5971.081094284318 42.23372
5973.690278456277 61.421684
5976.299462628236 52.940186
5978.908646800195 41.347454
5981.517830972154 46.106712
5984.127015144113 49.373997
5986.736199316072 43.687046
5989.345383488031 41.29119
5991.95456765999 43.958717
5994.563751831949 39.357063
5997.172936003908 36.00077
5999.782120175867 31.39751
6002.391304347826 35.66114
6005.000488519785 39.25229
6007.609672691744 32.853973
6010.218856863703 47.076805
6012.828041035662 45.82975
6015.437225207621 33.48517
6018.04640937958 45.504498
6020.655593551539 34.11147
6023.264777723498 40.194313
6025.873961895457 25.882132
6028.483146067416 26.062946
6031.092330239375 39.061783
6033.701514411334 35.7705
6036.310698583293 45.702457
6038.919882755252 40.190655
6041.529066927211 30.438772
6044.13825109917 29.214643
6046.747435271129 35.28088
6049.356619443088 28.562376
6051.965803615047 37.578625
6054.574987787006 35.987225
6057.184171958965 34.453053
6059.793356130924 40.06153
6062.402540302883 35.595608
6065.011724474842 29.078514
6067.620908646801 37.040955
6070.23009281876 27.513367
6072.839276990719 22.544636
6075.448461162678 34.797333
6078.057645334637 33.65025
6080.666829506596 25.566097
6083.276013678555 26.754608
6085.885197850514 27.41893
6088.494382022473 21.542479
6091.103566194432 28.015991
6093.71275036639 31.193386
6096.321934538349 30.169523
6098.931118710308 30.427326
6101.540302882267 33.300983
6104.149487054226 37.655876
6106.758671226185 29.225529
6109.367855398144 38.823883
6111.9770395701025 38.280304
6114.5862237420615 35.973995
6117.1954079140205 33.61783
6119.8045920859795 36.6205
6122.4137762579385 38.8926
6125.0229604298975 17.050192
6127.632144601856 30.003836
6130.241328773815 23.20458
6132.850512945774 25.048117
6135.459697117733 31.930199
6138.068881289692 27.232176
6140.678065461651 37.78863
6143.28724963361 27.483818
6145.896433805569 28.94881
6148.505617977527 32.0101
6151.114802149486 30.622278
6153.723986321445 49.51904
6156.333170493404 48.819183
6158.942354665363 55.555973
6161.551538837322 21.298637
6164.160723009281 28.126797
6166.76990718124 29.059086
6169.379091353199 31.887829
6171.988275525158 36.59659
6174.597459697117 24.762043
6177.206643869076 27.875916
6179.815828041035 30.2914
6182.425012212994 20.331787
6185.034196384953 36.60859
6187.643380556912 32.523598
6190.252564728871 33.88784
6192.86174890083 26.996735
6195.470933072789 24.290997
6198.080117244748 28.049063
6200.689301416707 39.405266
6203.298485588666 43.309624
6205.907669760625 35.5313
6208.516853932584 28.900423
6211.126038104543 30.873304
6213.735222276502 32.26643
6216.344406448461 29.540241
6218.95359062042 31.766857
6221.562774792379 35.947346
6224.171958964338 43.58588
6226.781143136297 20.39396
6229.390327308256 19.130482
6231.999511480215 53.914284
6234.608695652174 59.50638
6237.217879824133 54.607777
6239.827063996092 42.378838
6242.436248168051 45.159794
6245.04543234001 36.32757
6247.654616511969 26.301203
6250.263800683928 30.340096
6252.872984855887 32.373924
6255.482169027846 45.9627
6258.091353199805 47.774445
6260.700537371764 41.98294
6263.309721543723 48.04132
6265.918905715682 38.87159
6268.528089887641 29.915184
6271.1372740596 34.72726
6273.746458231559 27.355152
6276.355642403518 32.67356
6278.964826575477 25.805893
6281.574010747436 25.104973
6284.183194919395 34.393677
6286.792379091354 48.274582
6289.401563263313 31.877125
6292.010747435272 51.075207
6294.619931607231 57.139004
6297.22911577919 952.9043
6299.838299951149 1444.1194
6302.447484123108 1003.8981
6305.056668295067 261.41504
6307.665852467025 28.65138
6310.275036638984 49.045223
6312.884220810943 54.574543
6315.493404982902 52.698303
6318.102589154861 45.204845
6320.71177332682 42.985874
6323.320957498779 33.354843
6325.930141670738 39.33038
6328.539325842697 45.889595
6331.148510014656 45.14508
6333.757694186615 35.80734
6336.366878358574 23.496302
6338.9760625305325 24.408932
6341.5852467024915 30.643745
6344.1944308744505 27.580013
6346.8036150464095 34.561462
6349.4127992183685 33.580242
6352.0219833903275 36.09661
6354.6311675622865 37.656414
6357.240351734245 46.25483
6359.849535906204 184.64426
6362.4587200781625 487.10797
6365.0679042501215 413.89673
6367.6770884220805 145.7172
6370.2862725940395 29.893314
6372.8954567659985 30.685614
6375.504640937957 28.633251
6378.113825109916 30.34837
6380.723009281875 34.153873
6383.332193453834 25.448614
6385.941377625793 37.113476
6388.550561797752 37.82203
6391.159745969711 22.314592
6393.76893014167 28.220211
6396.378114313629 24.01914
6398.987298485588 25.722677
6401.596482657547 26.954853
6404.205666829506 24.369398
6406.814851001465 26.041962
6409.424035173424 21.805367
6412.033219345383 22.441175
6414.642403517342 27.659042
6417.251587689301 26.792686
6419.86077186126 37.80952
6422.469956033219 25.596214
6425.079140205178 20.136572
6427.688324377137 23.89637
6430.297508549096 24.0413
6432.906692721055 28.025558
6435.515876893014 30.24081
6438.125061064973 26.384766
6440.734245236932 17.235462
6443.343429408891 24.897135
6445.95261358085 30.158714
6448.561797752809 26.528214
6451.170981924768 29.426777
6453.780166096727 28.38475
6456.389350268686 24.287151
6458.998534440645 24.29008
6461.607718612604 32.573566
6464.216902784563 31.531807
6466.826086956522 43.999912
6469.435271128481 46.375015
6472.04445530044 29.237207
6474.653639472399 30.702255
6477.262823644358 22.47348
6479.872007816317 22.108017
6482.481191988276 31.016432
6485.090376160235 27.001759
6487.699560332194 17.252192
6490.308744504153 20.683577
6492.917928676112 24.352259
6495.527112848071 30.702213
6498.13629702003 50.59925
6500.745481191989 42.805126
6503.354665363948 30.595463
6505.963849535907 34.22154
6508.573033707866 30.079107
6511.182217879825 19.060404
6513.791402051784 22.292366
6516.400586223743 22.828993
6519.009770395702 31.38287
6521.61895456766 20.916029
6524.228138739619 20.350582
6526.837322911578 25.11624
6529.446507083537 40.099174
6532.055691255496 53.767265
6534.664875427455 44.683235
6537.274059599414 32.536533
6539.883243771373 28.529337
6542.492427943332 31.417866
6545.101612115291 30.58795
6547.71079628725 29.943813
6550.319980459209 43.30823
6552.929164631168 50.75556
6555.538348803127 61.43731
6558.147532975086 -45.90795
6560.756717147045 382.51422
6563.365901319004 2612.7388
6565.975085490963 4300.306
6568.5842696629215 3329.1226
6571.1934538348805 335.70554
6573.8026380068395 57.163048
6576.411822178798 48.93073
6579.021006350757 35.5601
6581.630190522716 25.981201
6584.239374694675 58.77804
6586.8485588666335 60.116585
6589.4577430385925 54.176003
6592.0669272105515 27.989288
6594.6761113825105 25.082539
6597.2852955544695 24.285198
6599.8944797264285 22.978197
6602.5036638983875 32.49229
6605.112848070346 33.118664
6607.722032242305 28.73388
6610.331216414264 29.973265
6612.940400586223 18.891315
6615.549584758182 20.746258
6618.158768930141 26.117895
6620.7679531021 23.280731
6623.377137274059 25.451054
6625.986321446018 25.610237
6628.595505617977 19.80204
6631.204689789936 22.451658
6633.813873961895 22.25575
6636.423058133854 25.172241
6639.032242305813 30.309568
6641.641426477772 25.75018
6644.250610649731 25.491003
6646.85979482169 22.206427
6649.468978993649 21.369413
6652.078163165608 18.1328
6654.687347337567 29.78622
6657.296531509526 26.182627
6659.905715681485 25.271158
6662.514899853444 13.903057
6665.124084025403 20.646616
6667.733268197362 21.401932
6670.342452369321 18.003256
6672.95163654128 22.16912
6675.560820713239 22.238235
6678.170004885198 46.991478
6680.779189057157 60.321766
6683.388373229116 53.54965
6685.997557401075 23.88211
6688.606741573034 17.03178
6691.215925744993 19.16542
6693.825109916952 26.81921
6696.434294088911 19.988697
6699.04347826087 22.327168
6701.652662432829 27.655048
6704.261846604788 24.271261
6706.871030776747 17.544573
6709.480214948706 16.41199
6712.089399120665 14.860523
6714.698583292624 19.664322
6717.307767464583 64.992065
6719.916951636542 101.775345
6722.526135808501 66.09462
6725.13531998046 24.43913
6727.744504152419 13.436188
6730.353688324378 27.339535
6732.962872496337 60.36804
6735.572056668295 57.25782
6738.181240840254 39.520294
6740.790425012213 27.265749
6743.399609184172 14.787873
6746.008793356131 15.213659
6748.61797752809 24.260014
6751.227161700049 18.400345
6753.836345872008 24.262518
6756.445530043967 14.580935
6759.054714215926 17.261385
6761.663898387885 18.297136
6764.273082559844 16.540981
6766.882266731803 21.127546
6769.491450903762 16.034964
6772.100635075721 25.932116
6774.70981924768 13.397846
6777.319003419639 23.228691
6779.928187591598 26.574196
6782.537371763557 21.959389
6785.146555935516 23.485752
6787.755740107475 16.033539
6790.364924279433 17.603785
6792.974108451392 23.188795
6795.583292623351 16.209393
6798.19247679531 20.345201
6800.801660967269 17.541664
6803.410845139228 13.885735
6806.020029311187 22.528776
6808.629213483146 23.922354
6811.238397655105 21.801052
6813.847581827064 23.772087
6816.4567659990225 21.092287
6819.0659501709815 21.247324
6821.6751343429405 22.438034
6824.2843185148995 26.98976
6826.8935026868585 53.435116
6829.5026868588175 67.60597
6832.1118710307765 65.00152
6834.721055202735 52.79653
6837.330239374694 31.251347
6839.939423546653 31.516205
6842.548607718612 24.334229
6845.157791890571 14.957699
6847.76697606253 19.040024
6850.376160234489 31.102654
6852.985344406448 18.010406
6855.594528578407 21.312222
6858.203712750366 18.985922
6860.812896922325 62.512985
6863.422081094284 72.591675
6866.031265266243 51.996696
6868.640449438202 26.018194
6871.249633610161 11.252208
6873.85881778212 18.766361
6876.468001954079 14.159008
6879.077186126038 18.313416
6881.686370297997 22.578842
6884.295554469956 20.906189
6886.904738641915 24.372559
6889.513922813874 27.150278
6892.123106985833 21.068333
6894.732291157792 19.471022
6897.341475329751 23.577513
6899.95065950171 21.694887
6902.559843673669 21.070183
6905.169027845628 21.324314
6907.778212017587 21.503504
6910.387396189546 29.735449
6912.996580361505 30.87347
6915.605764533464 22.47625
6918.214948705423 18.549887
6920.824132877382 26.500145
6923.433317049341 41.18205
6926.0425012213 40.938103
6928.651685393259 9.169167
6931.260869565218 22.483643
6933.870053737177 18.82249
6936.479237909136 30.508116
6939.088422081095 31.644325
6941.697606253054 25.552723
6944.306790425013 17.57542
6946.915974596972 34.956623
6949.52515876893 53.397736
6952.134342940889 33.60381
6954.743527112848 16.737162
6957.352711284807 17.418749
6959.961895456766 15.185396
6962.571079628725 27.196434
6965.180263800684 22.644249
6967.789447972643 22.481411
6970.398632144602 32.988716
6973.007816316561 23.82451
6975.61700048852 25.532782
6978.226184660479 37.17827
6980.835368832438 24.371073
6983.444553004397 15.165832
6986.053737176356 24.817583
6988.662921348315 20.778639
6991.272105520274 9.740066
6993.881289692233 20.360748
6996.490473864192 23.011301
6999.099658036151 11.68306
7001.708842208109 27.076775
7004.318026380068 27.47567
7006.927210552027 25.432495
7009.536394723986 29.845198
7012.145578895945 26.865196
7014.754763067904 20.65284
7017.363947239863 19.255695
7019.973131411822 15.527762
7022.582315583781 10.225892
7025.19149975574 11.187422
7027.800683927699 6.704316
7030.409868099658 18.85478
7033.019052271617 18.794315
7035.628236443576 17.594772
7038.237420615535 19.09259
7040.846604787494 21.642212
7043.455788959453 22.20922
7046.0649731314115 23.706367
7048.6741573033705 22.629826
7051.2833414753295 18.015215
7053.8925256472885 7.180646
7056.5017098192475 14.165116
7059.1108939912065 22.231646
7061.720078163165 22.887436
7064.329262335124 28.028788
7066.938446507083 36.07254
7069.547630679042 50.50897
7072.156814851001 33.04863
7074.76599902296 12.294185
7077.375183194919 23.024326
7079.984367366878 23.214943
7082.593551538837 22.203072
7085.202735710796 15.761701
7087.811919882755 15.052009
7090.421104054714 21.610569
7093.030288226673 17.701889
7095.639472398632 6.7305093
7098.248656570591 15.248657
7100.85784074255 11.580281
7103.467024914509 17.253464
7106.076209086468 16.349154
7108.685393258427 14.978012
7111.294577430386 14.847467
7113.903761602345 21.64293
7116.512945774304 15.550875
7119.122129946263 19.227634
7121.731314118222 21.118988
7124.340498290181 15.368925
7126.94968246214 9.488802
7129.558866634099 20.63562
7132.168050806058 12.275719
7134.777234978017 37.72119
7137.386419149976 100.548546
7139.995603321935 126.61982
7142.604787493894 86.11717
7145.213971665853 27.635614
7147.823155837812 17.877155
7150.432340009771 15.32921
7153.04152418173 13.2300005
7155.650708353689 15.378102
7158.259892525648 12.571995
7160.869076697607 26.547508
7163.478260869565 19.269567
7166.087445041524 10.330595
7168.696629213483 17.695303
7171.305813385442 27.062847
7173.914997557401 21.942043
7176.52418172936 22.17085
7179.133365901319 17.620335
7181.742550073278 16.155016
7184.351734245237 22.468437
7186.960918417196 15.084752
7189.570102589155 18.853447
7192.179286761114 8.337616
7194.788470933073 17.446283
7197.397655105032 20.451048
7200.006839276991 10.510102
7202.61602344895 18.331583
7205.225207620909 23.660904
7207.834391792868 23.616634
7210.443575964827 14.760113
7213.052760136786 14.147813
7215.661944308744 21.978342
7218.271128480703 28.40581
7220.880312652662 31.972885
7223.489496824621 22.955555
7226.09868099658 20.361027
7228.707865168539 24.655943
7231.317049340498 18.9798
7233.926233512457 19.355972
7236.535417684416 59.295006
7239.144601856375 109.28369
7241.753786028334 118.91052
7244.362970200293 107.29345
7246.972154372252 76.45247
7249.581338544211 37.247234
7252.19052271617 31.873825
7254.799706888129 30.332151
7257.408891060088 15.317557
7260.018075232047 19.430851
7262.627259404006 16.326958
7265.236443575965 12.327845
7267.845627747924 18.481499
7270.454811919883 16.247807
7273.063996091842 84.0551
7275.6731802638005 125.04134
7278.2823644357595 89.99807
7280.8915486077185 54.792274
7283.5007327796775 53.88951
7286.1099169516365 55.21507
7288.7191011235955 32.756332
7291.328285295554 21.865927
7293.937469467513 21.869587
7296.546653639472 22.187452
7299.155837811431 24.034489
7301.76502198339 26.999313
7304.374206155349 34.718037
7306.983390327308 20.785751
7309.592574499267 18.55409
7312.201758671226 39.757393
7314.810942843185 93.977974
7317.420127015144 88.135544
7320.029311187103 39.225224
7322.638495359062 19.82541
7325.247679531021 36.433865
7327.85686370298 51.63867
7330.466047874939 46.429935
7333.075232046898 26.326096
7335.684416218857 36.91911
7338.293600390816 80.989365
7340.902784562775 112.40179
7343.511968734734 78.40698
7346.121152906693 24.657064
7348.730337078652 22.054277
7351.339521250611 10.756012
7353.94870542257 15.416525
7356.557889594529 35.639988
7359.167073766488 46.92609
7361.776257938447 28.701593
7364.385442110406 26.424486
7366.994626282365 65.06222
7369.603810454324 80.58054
7372.212994626283 47.10097
7374.822178798242 14.3838825
7377.4313629702 16.416533
7380.040547142159 13.52203
7382.649731314118 4.0650606
7385.258915486077 20.216007
7387.868099658036 22.907497
7390.477283829995 23.933613
7393.086468001954 31.074657
7395.695652173913 27.371628
7398.304836345872 39.141476
7400.914020517831 54.188995
7403.52320468979 50.839542
7406.132388861749 14.107032
7408.741573033708 8.459381
7411.350757205667 18.669254
7413.959941377626 25.906118
7416.569125549585 15.125912
7419.178309721544 18.12875
7421.787493893503 12.752296
7424.396678065462 19.057384
7427.005862237421 19.360815
7429.615046409379 25.497292
7432.224230581338 10.102671
7434.833414753297 19.858608
7437.442598925256 36.931625
7440.051783097215 37.141712
7442.660967269174 27.821766
7445.270151441133 14.867199
7447.879335613092 21.399454
7450.488519785051 21.174929
7453.09770395701 16.091402
7455.706888128969 16.583424
7458.316072300928 17.61529
7460.925256472887 23.950912
7463.534440644846 20.811079
7466.143624816805 20.915447
7468.752808988764 34.895256
7471.361993160723 36.035683
7473.971177332682 29.306595
7476.580361504641 35.036663
7479.1895456766 41.42011
7481.798729848559 38.087696
7484.407914020518 40.903557
7487.017098192477 21.077808
7489.626282364436 18.99674
7492.235466536395 21.222572
7494.844650708354 20.847916
7497.453834880313 15.314897
7500.063019052272 18.294243
7502.6722032242305 14.323303
7505.2813873961895 17.835636
7507.8905715681485 24.897888
7510.4997557401075 32.44587
7513.1089399120665 34.83171
7515.7181240840255 32.727066
7518.3273082559845 34.59324
7520.936492427943 52.247112
7523.545676599902 70.034195
7526.154860771861 56.05446
7528.76404494382 40.174446
7531.373229115779 26.766144
7533.982413287738 21.63439
7536.591597459697 14.885724
7539.200781631656 13.640632
7541.809965803615 17.656567
7544.419149975574 15.259302
7547.028334147533 13.458825
7549.637518319492 23.243368
7552.246702491451 20.839647
7554.85588666341 32.485718
7557.465070835369 42.149963
7560.074255007328 15.688464
7562.683439179286 15.230219
7565.292623351245 22.058237
7567.901807523204 33.904835
7570.510991695163 58.208855
7573.120175867122 46.772102
7575.729360039081 19.880016
7578.33854421104 20.824818
7580.947728382999 15.249434
7583.556912554958 14.097455
7586.166096726917 26.44779
7588.775280898876 22.36509
7591.384465070835 9.372257
7593.993649242794 8.916165
7596.602833414753 13.076841
7599.212017586712 11.276508
7601.821201758671 10.65493
7604.43038593063 2.4219398
7607.039570102589 4.925219
7609.648754274548 2.744011
7612.257938446507 5.697725
7614.867122618466 18.41344
7617.476306790425 15.400892
7620.085490962384 9.732315
7622.694675134343 5.0394707
7625.303859306302 11.442782
7627.913043478261 21.142725
7630.52222765022 12.687979
7633.131411822179 6.252044
7635.740595994138 7.4663982
7638.349780166097 9.933746
7640.958964338056 5.716318
7643.568148510015 4.6058884
7646.177332681974 6.490484
7648.786516853933 10.486751
7651.395701025892 10.610567
7654.004885197851 12.4581175
7656.61406936981 11.949724
7659.223253541769 21.142683
7661.832437713728 24.443453
7664.441621885687 16.469872
7667.050806057646 19.606173
7669.659990229604 10.830116
7672.269174401563 11.266195
7674.878358573522 17.134033
7677.487542745481 8.346692
7680.09672691744 16.185236
7682.705911089399 17.567856
7685.315095261358 22.210484
7687.924279433317 22.262907
7690.533463605276 19.048595
7693.142647777235 20.79036
7695.751831949194 17.805376
7698.361016121153 23.680374
7700.970200293112 18.423246
7703.579384465071 14.210625
7706.18856863703 11.605492
7708.797752808989 53.845924
7711.406936980948 91.427765
7714.016121152907 123.86148
7716.625305324866 128.45718
7719.234489496825 84.604576
7721.843673668784 45.836704
7724.452857840743 42.56185
7727.062042012702 40.804245
7729.671226184661 24.662788
7732.2804103566195 11.481228
7734.8895945285785 10.113602
7737.4987787005375 21.196526
7740.1079628724965 27.588423
7742.7171470444555 14.250834
7745.3263312164145 34.454933
7747.9355153883735 101.12812
7750.544699560332 124.337875
7753.153883732291 109.918915
7755.76306790425 54.789486
7758.372252076209 59.8098
7760.981436248168 55.815956
7763.590620420127 24.164137
7766.199804592086 28.284151
7768.808988764045 77.1898
7771.418172936004 155.53908
7774.027357107963 158.95308
7776.636541279921 88.96238
7779.24572545188 54.406364
7781.854909623839 38.822346
7784.464093795798 26.717577
7787.073277967757 19.595783
7789.682462139716 56.16469
7792.291646311675 89.51537
7794.900830483634 84.2748
7797.510014655593 46.15134
7800.119198827552 15.205259
7802.728382999511 23.29933
7805.33756717147 38.45539
7807.946751343429 38.784237
7810.555935515388 33.43188
7813.165119687347 23.915983
7815.774303859306 27.67318
7818.383488031265 86.30493
7820.992672203224 118.2507
7823.601856375183 89.344986
7826.211040547142 23.441547
7828.820224719101 18.515642
7831.42940889106 15.667132
7834.038593063019 13.421613
7836.647777234978 21.276104
7839.256961406937 43.814796
7841.866145578896 41.818962
7844.475329750855 29.578552
7847.084513922814 35.591675
7849.693698094773 73.07275
7852.302882266732 109.02211
7854.912066438691 101.250084
7857.52125061065 71.668304
7860.130434782609 62.3476
7862.739618954568 35.70734
7865.348803126527 40.703094
7867.957987298486 63.868904
7870.567171470445 60.653717
7873.176355642404 45.604374
7875.785539814363 32.709423
7878.394723986322 47.318974
7881.003908158281 51.124123
7883.613092330239 37.042946
7886.222276502198 44.13007
7888.831460674157 65.20036
7891.440644846116 53.78493
7894.049829018075 23.04463
7896.659013190034 23.65489
7899.268197361993 10.24309
7901.877381533952 17.490711
7904.486565705911 18.926785
7907.09574987787 29.707363
7909.704934049829 99.541725
7912.314118221788 151.40747
7914.923302393747 139.22424
7917.532486565706 92.68821
7920.141670737665 84.774994
7922.750854909624 59.929295
7925.360039081583 37.00862
7927.969223253542 34.799534
7930.578407425501 51.63323
7933.18759159746 36.98849
7935.796775769419 15.002121
7938.405959941378 16.561195
7941.015144113337 16.152653
7943.624328285296 13.995323
7946.233512457255 24.268284
7948.842696629214 42.14469
7951.451880801173 30.705412
7954.061064973132 9.481977
7956.670249145091 15.392454
7959.27943331705 36.635376
7961.8886174890085 78.221756
7964.4978016609675 98.92851
7967.1069858329265 66.65505
7969.7161700048855 35.009697
7972.3253541768445 23.651785
7974.9345383488035 28.587635
7977.5437225207625 50.816296
7980.152906692721 50.962166
7982.76209086468 31.507391
7985.371275036639 18.924994
7987.980459208598 36.847958
7990.5896433805565 86.69231
7993.1988275525155 119.919365
7995.808011724474 81.955246
7998.417195896433 46.872147
8001.026380068392 29.89836
8003.635564240351 14.536041
8006.24474841231 16.261585
8008.853932584269 22.743326
8011.463116756228 27.573368
8014.072300928187 37.504837
8016.681485100146 33.915894
8019.290669272105 29.473745
8021.899853444064 59.776974
8024.509037616023 85.02378
8027.118221787982 73.14141
8029.727405959941 34.762043
8032.3365901319 20.87014
8034.945774303859 14.461546
8037.554958475818 -0.14761257
8040.164142647777 14.390264
8042.773326819736 17.082785
8045.382510991695 17.984505
8047.991695163654 26.464785
8050.600879335613 23.78378
8053.210063507572 22.14336
8055.819247679531 15.196392
8058.42843185149 28.020552
8061.037616023449 57.32252
8063.646800195408 40.662273
8066.255984367367 16.234951
8068.865168539326 10.177931
8071.474352711285 12.470782
8074.083536883244 5.676303
8076.692721055203 4.9942827
8079.301905227162 13.961988
8081.911089399121 17.187963
8084.52027357108 14.922129
8087.129457743039 5.60239
8089.738641914998 17.7337
8092.347826086957 27.753618
8094.957010258916 14.361625
8097.566194430874 17.564358
8100.175378602833 14.8809
8102.784562774792 26.09776
8105.393746946751 21.240849
8108.00293111871 27.521004
8110.612115290669 10.148144
8113.221299462628 10.143022
8115.830483634587 14.174723
8118.439667806546 4.251075
8121.048851978505 11.799486
8123.658036150464 16.57882
8126.267220322423 8.19314
8128.876404494382 14.995628
8131.485588666341 12.121953
8134.0947728383 4.8689027
8136.703957010259 13.105989
8139.313141182218 15.090662
8141.922325354177 11.240074
8144.531509526136 16.181547
8147.140693698095 20.648643
8149.749877870054 14.504672
8152.359062042013 11.052845
8154.968246213972 11.383196
8157.577430385931 6.8842974
8160.18661455789 11.930998
8162.795798729849 10.659563
8165.404982901808 4.440682
8168.014167073767 7.9274855
8170.623351245726 12.491921
8173.232535417685 5.630624
8175.841719589644 2.887535
8178.450903761603 17.786715
8181.060087933562 10.605959
8183.669272105521 2.2179925
8186.27845627748 2.1305099
8188.887640449439 1.3372368
8191.4968246213975 15.453031
8194.106008793357 16.196655
8196.715192965316 13.56041
8199.324377137274 19.82502
8201.933561309233 14.200773
8204.54274548119 8.221954
8207.151929653151 21.332329
8209.761113825109 23.996029
8212.37029799707 16.86321
8214.979482169027 6.6640124
8217.588666340987 6.713561
8220.197850512945 9.342283
8222.807034684905 1.4520743
8225.416218856863 8.531338
8228.025403028823 2.4668622
8230.63458720078 5.282893
8233.243771372741 17.540586
8235.852955544698 6.079482
8238.46213971666 3.853518
8241.071323888616 -6.0995975
8243.680508060577 14.729018
8246.289692232534 10.908049
8248.898876404495 2.5213103
8251.508060576452 6.3619084
8254.117244748413 -2.127256
8256.72642892037 13.755644
8259.335613092331 10.148145
8261.944797264288 13.949772
8264.55398143625 11.592983
8267.163165608206 9.741852
8269.772349780167 10.042818
8272.381533952124 6.1015415
8274.990718124085 22.361464
8277.599902296042 46.081936
8280.209086468003 58.02057
8282.81827063996 66.221466
8285.427454811921 77.49478
8288.036638983878 92.03291
8290.645823155839 73.120575
8293.255007327796 53.161816
8295.864191499757 85.61629
8298.473375671714 84.89088
8301.082559843675 55.920967
8303.691744015632 26.224298
8306.300928187593 20.303774
8308.91011235955 36.94319
8311.51929653151 29.880077
8314.128480703468 18.821274
8316.737664875427 15.370218
8319.346849047386 11.920007
8321.956033219345 6.3818135
8324.565217391304 11.99895
8327.174401563263 16.948334
8329.783585735222 3.4736376
8332.392769907181 11.905203
8335.00195407914 12.406923
8337.611138251099 26.181925
8340.220322423058 109.940094
8342.829506595017 193.36115
8345.438690766976 198.44057
8348.047874938935 120.17573
8350.657059110894 68.049515
8353.266243282853 62.452297
8355.875427454812 36.610245
8358.48461162677 24.979206
8361.09379579873 26.27948
8363.702979970689 24.891632
8366.312164142648 29.217104
8368.921348314607 20.179842
8371.530532486566 7.479133
8374.139716658525 11.900411
8376.748900830484 23.341917
8379.358085002443 33.356766
8381.967269174402 48.56271
8384.57645334636 33.667244
8387.18563751832 9.1333
8389.794821690279 10.1467495
8392.404005862238 14.373487
8395.013190034197 67.90238
8397.622374206156 140.0677
8400.231558378115 144.4253
8402.840742550074 60.888718
8405.449926722033 10.768005
8408.059110893992 16.060717
8410.66829506595 37.05863
8413.27747923791 55.58674
8415.886663409869 60.546436
8418.495847581828 36.02652
8421.105031753785 12.71104
8423.714215925746 34.65504
8426.323400097703 99.76443
8428.932584269663 169.5206
8431.54176844162 151.8547
8434.150952613581 58.77438
8436.760136785539 12.384859
8439.3693209575 4.7888823
8441.978505129457 22.902384
8444.587689301417 46.87338
8447.196873473375 62.45014
8449.806057645335 73.938385
8452.415241817293 53.490143
8455.024425989253 32.31051
8457.63361016121 8.757071
8460.242794333171 42.039207
8462.851978505128 101.044205
8465.46116267709 109.05723
8468.070346849046 60.759735
8470.679531021007 22.076859
8473.288715192964 9.030885
8475.897899364925 2.7184553
8478.507083536882 10.476168
8481.116267708843 9.083797
8483.7254518808 7.222869
8486.334636052761 16.801332
8488.943820224718 25.477427
8491.55300439668 36.433628
8494.162188568636 45.11387
8496.771372740597 33.473877
8499.380556912554 19.563055
8501.989741084515 42.36482
8504.598925256472 65.81607
8507.208109428433 51.87903
8509.81729360039 8.866776
8512.426477772351 7.8001633
8515.035661944308 14.857462
8517.644846116269 20.603535
8520.254030288226 7.062252
8522.863214460187 18.242271
8525.472398632144 8.717845
8528.081582804103 5.5144043
8530.690766976062 -0.97423
8533.299951148021 6.861821
8535.90913531998 19.74878
8538.51831949194 20.515415
8541.127503663898 13.588577
8543.736687835857 19.68825
8546.345872007816 31.293736
8548.955056179775 43.805405
8551.564240351734 40.982113
8554.173424523693 17.11465
8556.782608695652 11.499144
8559.391792867611 9.095125
8562.00097703957 0.4690771
8564.610161211529 10.288081
8567.219345383488 15.130059
8569.828529555447 14.411731
8572.437713727406 10.327689
8575.046897899365 13.374503
8577.656082071324 5.913493
8580.265266243283 10.041526
8582.874450415242 10.090928
8585.4836345872 6.7114363
8588.09281875916 13.616334
8590.702002931119 7.6269994
8593.311187103078 13.700491
8595.920371275037 4.334385
8598.529555446996 23.094048
8601.138739618955 18.502913
8603.747923790914 13.167891
8606.357107962873 1.4416606
8608.966292134832 16.018106
8611.57547630679 20.551685
8614.18466047875 12.909504
8616.793844650709 29.936405
8619.403028822668 47.14589
8622.012212994627 51.51509
8624.621397166586 57.433956
8627.230581338545 62.269146
8629.839765510504 61.71138
8632.44894968246 54.90621
8635.058133854422 46.599113
8637.667318026379 37.45579
8640.27650219834 28.359322
8642.885686370297 28.94532
8645.494870542258 20.994621
8648.104054714215 30.107626
8650.713238886176 53.06452
8653.322423058133 41.41696
8655.931607230094 54.55964
8658.54079140205 67.337875
8661.149975574011 53.698875
8663.759159745969 50.332043
8666.36834391793 55.10311
8668.977528089887 61.83182
8671.586712261847 46.88915
8674.195896433805 30.324272
8676.805080605765 32.645172
8679.414264777723 29.59265
8682.023448949683 18.366993
8684.63263312164 10.653964
8687.241817293601 24.327267
8689.851001465559 23.363005
8692.46018563752 5.7309175
8695.069369809476 13.603941
8697.678553981437 15.67076
8700.287738153394 15.110917
8702.896922325355 19.587477
8705.506106497312 9.7416115
8708.115290669273 26.527166
8710.72447484123 22.08261
8713.333659013191 16.812782
8715.942843185148 10.329748
8718.55202735711 1.226186
8721.161211529066 13.352108
8723.770395701027 8.180686
8726.379579872984 19.051605
8728.988764044945 5.5464983
8731.597948216902 13.124294
8734.207132388863 8.355297
8736.81631656082 -1.8547902
8739.42550073278 8.737161
8742.034684904738 14.242423
8744.643869076697 9.394169
8747.253053248656 22.563625
8749.862237420615 18.173857
8752.471421592574 20.296234
8755.080605764533 43.664185
8757.689789936492 73.753365
8760.298974108451 113.74699
8762.90815828041 137.30264
8765.51734245237 136.98233
8768.126526624328 123.92753
8770.735710796287 92.25898
8773.344894968246 92.10388
8775.954079140205 138.81586
8778.563263312164 132.1035
8781.172447484123 73.019775
8783.781631656082 50.694
8786.390815828041 28.90763
8789.0 52.664448
