5330.0 338.27734
5331.052760136786 322.75317
5332.1055202735715 283.9662
5333.158280410356 261.79333
5334.211040547142 232.42361
5335.263800683928 217.17676
5336.316560820714 230.82462
5337.3693209574985 204.29585
5338.422081094284 258.68225
5339.47484123107 262.6956
5340.527601367856 257.72314
5341.580361504641 256.12186
5342.633121641426 201.35825
5343.685881778212 236.72314
5344.738641914998 220.07986
5345.791402051783 238.19397
5346.844162188569 243.03172
5347.896922325354 258.20847
5348.94968246214 185.2269
5350.002442598925 192.30954
5351.055202735711 213.25366
5352.1079628724965 248.16934
5353.160723009282 240.65646
5354.213483146067 250.30882
5355.266243282853 265.7726
5356.319003419639 232.46568
5357.371763556424 218.47481
5358.424523693209 224.5169
5359.477283829995 203.91994
5360.530043966781 252.27148
5361.582804103567 247.26001
5362.635564240351 248.29607
5363.688324377137 229.32156
5364.741084513923 242.10944
5365.793844650709 227.59436
5366.846604787494 226.62366
5367.899364924279 245.69348
5368.952125061065 243.53096
5370.004885197851 222.7589
5371.057645334636 207.1186
5372.1104054714215 213.24164
5373.163165608207 253.79538
5374.215925744993 204.34569
5375.268685881778 216.93358
5376.321446018564 256.75943
5377.374206155349 241.67932
5378.426966292135 228.6617
5379.47972642892 226.85515
5380.532486565706 227.1518
5381.5852467024915 221.05112
5382.638006839277 217.1728
5383.690766976062 240.7393
5384.743527112848 212.21353
5385.796287249634 229.87259
5386.849047386419 204.71169
5387.901807523204 246.50142
5388.95456765999 211.388
5390.007327796776 217.03708
5391.060087933562 237.27524
5392.112848070346 208.29291
5393.165608207132 237.0386
5394.218368343918 242.01463
5395.271128480704 205.84474
5396.323888617489 187.71938
5397.376648754274 249.33795
5398.42940889106 190.58008
5399.482169027846 222.3588
5400.534929164631 228.62482
5401.5876893014165 219.7174
5402.640449438202 232.48584
5403.693209574988 225.5846
5404.745969711774 243.20839
5405.798729848559 239.49377
5406.851489985344 237.48177
5407.90425012213 261.53278
5408.957010258915 262.71478
5410.009770395701 281.2254
5411.062530532487 286.00085
5412.115290669272 287.4532
5413.168050806058 302.7979
5414.220810942843 278.3551
5415.273571079629 294.91943
5416.3263312164145 297.0102
5417.3790913532 318.53885
5418.431851489985 263.00845
5419.484611626771 291.92676
5420.537371763557 275.34067
5421.590131900342 257.9236
5422.642892037127 292.82074
5423.695652173913 279.7706
5424.748412310699 243.7052
5425.8011724474845 237.44312
5426.853932584269 257.62613
5427.906692721055 248.09154
5428.959452857841 216.52118
5430.012212994627 216.1038
5431.0649731314115 218.12509
5432.117733268197 232.8281
5433.170493404983 207.86739
5434.223253541769 211.65024
5435.276013678554 239.54996
5436.328773815339 234.76205
5437.381533952125 235.95697
5438.434294088911 217.35364
5439.487054225696 199.36911
5440.539814362482 216.96721
5441.592574499267 232.40698
5442.645334636053 222.7326
5443.698094772838 255.97073
5444.750854909624 229.29523
5445.8036150464095 242.95123
5446.856375183195 210.87918
5447.90913531998 220.14142
5448.961895456766 215.8645
5450.014655593552 191.35767
5451.067415730337 217.45514
5452.120175867122 254.25833
5453.172936003908 228.55096
5454.225696140694 209.0509
5455.27845627748 228.68675
5456.331216414264 226.87474
5457.38397655105 276.43677
5458.436736687836 197.54613
5459.489496824622 235.8273
5460.542256961407 218.8146
5461.595017098192 199.1263
5462.647777234978 197.25426
5463.700537371764 231.00624
5464.753297508549 205.52731
5465.8060576453345 219.76056
5466.85881778212 211.59485
5467.911577918906 221.16418
5468.964338055691 223.14478
5470.017098192477 201.7657
5471.069858329262 206.10239
5472.122618466048 212.1995
5473.175378602833 221.79088
5474.228138739619 182.10103
5475.2808988764045 184.95633
5476.33365901319 184.53142
5477.386419149975 191.36601
5478.439179286761 202.30104
5479.491939423547 197.92625
5480.544699560332 196.9902
5481.597459697117 192.15015
5482.650219833903 241.55458
5483.702979970689 194.74466
5484.755740107475 190.04286
5485.80850024426 205.74515
5486.861260381045 201.2066
5487.914020517831 223.81987
5488.966780654617 223.66283
5490.0195407914025 209.33398
5491.072300928187 222.18791
5492.125061064973 233.93365
5493.177821201759 219.06874
5494.230581338545 189.88159
5495.2833414753295 220.84207
5496.336101612115 237.61751
5497.388861748901 201.95888
5498.441621885687 169.58122
5499.494382022472 196.09903
5500.547142159257 202.4574
5501.599902296043 236.42636
5502.652662432829 221.6538
5503.705422569614 199.39256
5504.7581827064 215.71373
5505.810942843185 194.21472
5506.863702979971 209.49036
5507.916463116756 196.16891
5508.969223253542 229.98157
5510.0219833903275 222.75056
5511.074743527113 185.58685
5512.127503663898 206.28297
5513.180263800684 215.84448
5514.23302393747 196.09103
5515.285784074255 209.5888
5516.33854421104 224.64413
5517.391304347826 210.03082
5518.444064484612 225.53165
5519.4968246213975 251.93863
5520.549584758182 225.61101
5521.602344894968 224.84503
5522.655105031754 197.75032
5523.70786516854 210.11388
5524.7606253053245 193.38542
5525.81338544211 204.7719
5526.866145578896 185.56972
5527.918905715682 200.22932
5528.971665852467 206.92528
5530.024425989252 190.31438
5531.077186126038 200.6518
5532.129946262824 205.09549
5533.182706399609 220.33035
5534.235466536395 205.91138
5535.28822667318 202.77647
5536.340986809966 206.5683
5537.393746946751 197.24402
5538.446507083537 168.65305
5539.4992672203225 176.70813
5540.552027357108 221.51431
5541.604787493893 176.7333
5542.657547630679 216.04277
5543.710307767465 242.3693
5544.76306790425 234.35121
5545.815828041035 225.47217
5546.868588177821 211.51398
5547.921348314607 189.46019
5548.974108451393 210.79315
5550.026868588177 191.02365
5551.079628724963 207.28174
5552.132388861749 193.87863
5553.185148998535 220.18523
5554.23790913532 216.8197
5555.290669272105 208.12286
5556.343429408891 207.03822
5557.396189545677 195.84769
5558.448949682463 195.22305
5559.5017098192475 194.0588
5560.554469956033 197.42198
5561.607230092819 198.48012
5562.659990229604 211.08778
5563.71275036639 223.86787
5564.765510503175 224.16872
5565.818270639961 194.9536
5566.871030776747 224.41595
5567.923790913532 175.61856
5568.9765510503175 213.78554
5570.029311187103 207.33383
5571.082071323889 205.91408
5572.134831460674 195.9358
5573.18759159746 186.8377
5574.240351734245 218.97327
5575.293111871031 395.76337
5576.345872007816 3173.0474
5577.398632144602 6065.809
5578.451392281388 4426.036
5579.504152418173 986.2322
5580.556912554958 94.73724
5581.609672691744 233.0086
5582.66243282853 200.11392
5583.7151929653155 193.4585
5584.7679531021 158.84203
5585.820713238886 181.64989
5586.873473375672 204.28136
5587.926233512458 193.76987
5588.9789936492425 236.0947
5590.031753786028 231.09526
5591.084513922814 220.41705
5592.1372740596 185.78961
5593.190034196385 173.8971
5594.24279433317 194.59177
5595.295554469956 185.24913
5596.348314606742 194.18053
5597.401074743527 219.96745
5598.453834880313 184.46373
5599.506595017098 199.17242
5600.559355153884 184.77426
5601.612115290669 198.45375
5602.664875427455 180.2591
5603.7176355642405 209.00198
5604.770395701026 213.81267
5605.823155837811 205.4432
5606.875915974597 196.46063
5607.928676111383 195.58168
5608.981436248168 187.40485
5610.034196384953 162.52615
5611.086956521739 201.95013
5612.139716658525 207.61453
5613.1924767953105 220.0268
5614.245236932095 201.8555
5615.297997068881 196.55379
5616.350757205667 183.83188
5617.403517342453 217.95767
5618.4562774792375 208.54472
5619.509037616023 188.60652
5620.561797752809 200.52864
5621.614557889595 169.94778
5622.66731802638 180.3875
5623.720078163165 206.41837
5624.772838299951 239.983
5625.825598436737 206.32664
5626.878358573522 186.16629
5627.931118710308 186.72478
5628.983878847093 177.59361
5630.036638983879 197.51642
5631.089399120665 193.9994
5632.14215925745 181.19649
5633.1949193942355 189.17528
5634.247679531021 169.25955
5635.300439667806 183.24281
5636.353199804592 176.64049
5637.405959941378 197.82365
5638.458720078163 186.99316
5639.511480214949 174.98032
5640.564240351734 201.94138
5641.61700048852 179.49564
5642.669760625306 182.76926
5643.72252076209 208.27444
5644.775280898876 195.92035
5645.828041035662 198.1012
5646.880801172448 186.76775
5647.9335613092335 209.16563
5648.986321446018 180.37352
5650.039081582804 198.40024
5651.09184171959 174.00223
5652.144601856376 161.42729
5653.1973619931605 212.73485
5654.250122129946 210.51454
5655.302882266732 216.34433
5656.355642403518 170.22966
5657.408402540303 207.19211
5658.461162677088 180.36691
5659.513922813874 213.75891
5660.56668295066 169.13351
5661.619443087445 171.19365
5662.6722032242305 196.06981
5663.724963361016 199.86014
5664.777723497802 209.08481
5665.830483634587 213.96361
5666.883243771373 178.55026
5667.936003908158 172.62311
5668.988764044944 186.95213
5670.041524181729 195.3036
5671.094284318515 177.05054
5672.147044455301 194.5709
5673.199804592086 204.3491
5674.252564728871 205.19167
5675.305324865657 203.2429
5676.358085002443 174.3353
5677.4108451392285 201.80144
5678.463605276013 189.8677
5679.516365412799 184.46452
5680.569125549585 188.29848
5681.621885686371 192.20605
5682.6746458231555 166.18599
5683.727405959941 194.27103
5684.780166096727 208.42749
5685.832926233513 184.90205
5686.885686370298 165.29515
5687.938446507083 196.81113
5688.991206643869 205.04779
5690.043966780655 181.89217
5691.09672691744 211.7794
5692.149487054226 201.04758
5693.202247191011 161.57053
5694.255007327797 172.62854
5695.307767464582 178.23737
5696.360527601368 188.51923
5697.4132877381535 198.75531
5698.466047874939 194.57333
5699.518808011724 185.93893
5700.57156814851 167.86606
5701.624328285296 189.31451
5702.677088422081 202.3782
5703.729848558866 208.19673
5704.782608695652 189.36894
5705.835368832438 176.98396
5706.8881289692235 198.21124
5707.940889106008 183.57991
5708.993649242794 196.20044
5710.04640937958 183.8345
5711.099169516366 200.19923
5712.1519296531515 141.29407
5713.204689789936 192.18173
5714.257449926722 194.90907
5715.310210063508 154.77473
5716.362970200293 189.59833
5717.4157303370785 180.1621
5718.468490473864 173.31308
5719.52125061065 185.51204
5720.574010747436 168.27121
5721.626770884221 197.56169
5722.679531021006 199.19241
5723.732291157792 184.24434
5724.785051294578 185.04854
5725.837811431363 203.3752
5726.8905715681485 210.8672
5727.943331704934 183.10129
5728.99609184172 161.23093
5730.048851978505 154.75061
5731.101612115291 171.95816
5732.154372252076 176.84647
5733.207132388862 161.21419
5734.259892525647 198.2072
5735.312652662433 178.87918
5736.365412799219 165.89749
5737.418172936004 174.09637
5738.470933072789 170.05046
5739.523693209575 188.98799
5740.576453346361 179.46457
5741.6292134831465 172.88992
5742.681973619931 165.99443
5743.734733756717 193.128
5744.787493893503 159.9584
5745.840254030289 164.23016
5746.8930141670735 148.06711
5747.945774303859 163.23901
5748.998534440645 156.8736
5750.051294577431 161.74622
5751.104054714216 202.84729
5752.156814851001 184.71744
5753.209574987787 181.34398
5754.262335124573 169.1022
5755.315095261358 148.61903
5756.367855398144 151.7485
5757.420615534929 179.69933
5758.473375671715 177.6723
5759.5261358085 174.73235
5760.578895945286 161.70193
5761.6316560820715 185.22215
5762.684416218857 159.74986
5763.737176355642 170.31679
5764.789936492428 177.48412
5765.842696629214 164.59512
5766.895456765999 161.95436
5767.948216902784 185.51323
5769.00097703957 184.0285
5770.053737176356 175.2698
5771.1064973131415 157.57599
5772.159257449926 165.19504
5773.212017586712 193.56805
5774.264777723498 192.04158
5775.317537860284 180.78654
5776.3702979970685 185.6994
5777.423058133854 180.9776
5778.47581827064 186.78256
5779.528578407426 168.91061
5780.581338544211 155.96498
5781.634098680996 149.44681
5782.686858817782 169.04488
5783.739618954568 164.32994
5784.792379091354 182.43408
5785.845139228139 174.40738
5786.897899364924 179.93164
5787.95065950171 159.84097
5789.003419638495 160.50671
5790.056179775281 156.17258
5791.1089399120665 168.56795
5792.161700048852 193.67429
5793.214460185638 209.63533
5794.267220322423 178.3765
5795.319980459209 200.34952
5796.372740595994 173.04434
5797.425500732779 166.41632
5798.478260869565 176.6152
5799.531021006351 210.42056
5800.583781143137 202.51105
5801.636541279922 189.77864
5802.689301416707 210.82692
5803.742061553493 205.3721
5804.794821690279 177.41768
5805.8475818270645 187.70816
5806.900341963849 192.68637
5807.953102100635 173.99484
5809.005862237421 196.10855
5810.058622374207 181.17192
5811.1113825109915 192.38622
5812.164142647777 203.30505
5813.216902784563 195.49593
5814.269662921349 211.54262
5815.322423058134 184.60812
5816.375183194919 195.63774
5817.427943331705 195.15416
5818.480703468491 178.3666
5819.533463605276 198.20668
5820.5862237420615 174.155
5821.638983878847 172.7711
5822.691744015633 189.07597
5823.744504152418 180.6855
5824.797264289204 173.33168
5825.850024425989 171.90475
5826.902784562775 168.54684
5827.95554469956 164.63565
5829.008304836346 184.76892
5830.061064973132 180.43129
5831.113825109917 159.19922
5832.166585246702 168.01196
5833.219345383488 157.57608
5834.272105520274 161.84143
5835.3248656570595 176.65775
5836.377625793844 176.92252
5837.43038593063 169.87753
5838.483146067416 179.4118
5839.535906204202 181.45834
5840.5886663409865 173.25555
5841.641426477772 170.8375
5842.694186614558 162.54948
5843.746946751344 176.74428
5844.799706888129 160.92174
5845.852467024914 169.75287
5846.9052271617 177.4679
5847.957987298486 172.26137
5849.010747435271 183.21144
5850.063507572057 160.27707
5851.116267708842 148.77826
5852.169027845628 178.02243
5853.221787982413 189.46562
5854.274548119199 176.71645
5855.3273082559845 183.33125
5856.38006839277 156.0182
5857.432828529556 160.0661
5858.485588666341 156.81705
5859.538348803127 173.65372
5860.591108939912 178.01068
5861.643869076697 155.24927
5862.696629213483 185.95325
5863.749389350269 188.3982
5864.8021494870545 218.2432
5865.85490962384 227.4975
5866.907669760625 237.68228
5867.960429897411 229.2886
5869.013190034197 246.96677
5870.0659501709815 182.45166
5871.118710307767 198.53345
5872.171470444553 219.42308
5873.224230581339 195.36986
5874.276990718125 212.82909
5875.329750854909 192.90015
5876.382510991695 185.07782
5877.435271128481 310.11816
5878.488031265266 661.91644
5879.540791402052 712.44226
5880.593551538837 445.85678
5881.646311675623 203.65115
5882.699071812409 203.61954
5883.751831949194 190.61186
5884.8045920859795 185.80055
5885.857352222765 189.41345
5886.91011235955 227.028
5887.962872496336 321.61902
5889.015632633122 627.54144
5890.068392769907 846.1564
5891.121152906693 564.7041
5892.173913043478 240.09346
5893.226673180264 165.94936
5894.27943331705 271.4799
5895.332193453835 487.50418
5896.38495359062 557.06726
5897.437713727406 336.528
5898.490473864192 171.14908
5899.5432340009775 178.2208
5900.595994137762 161.59312
5901.648754274548 175.22903
5902.701514411334 187.06027
5903.75427454812 179.80496
5904.8070346849045 193.28777
5905.85979482169 208.23056
5906.912554958476 188.41605
5907.965315095262 151.17836
5909.018075232047 161.46797
5910.070835368832 180.73181
5911.123595505618 163.79044
5912.176355642404 163.38974
5913.229115779189 183.41507
5914.2818759159745 208.93376
5915.33463605276 248.56924
5916.387396189546 217.29648
5917.440156326331 185.29253
5918.492916463117 154.05975
5919.545676599902 145.78137
5920.598436736688 164.21964
5921.651196873473 165.4311
5922.703957010259 151.85736
5923.756717147045 184.16307
5924.80947728383 209.68048
5925.862237420615 196.72429
5926.914997557401 176.51498
5927.967757694187 177.99161
5929.0205178309725 160.68025
5930.073277967758 176.89238
5931.126038104543 195.39526
5932.178798241329 219.68611
5933.231558378115 248.59871
5934.2843185148995 195.9577
5935.337078651685 158.37253
5936.389838788471 155.80118
5937.442598925257 149.38835
5938.495359062043 159.42735
5939.548119198827 153.84518
5940.600879335613 141.77402
5941.653639472399 159.80179
5942.706399609184 153.38876
5943.75915974597 144.75996
5944.811919882755 161.07379
5945.864680019541 202.77454
5946.917440156327 162.82634
5947.970200293112 164.11087
5949.0229604298975 153.14656
5950.075720566683 153.7218
5951.128480703468 176.67862
5952.181240840254 172.10713
5953.23400097704 219.02927
5954.286761113825 213.62677
5955.339521250611 182.3855
5956.392281387396 159.03069
5957.445041524182 144.32433
5958.4978016609675 167.61209
5959.550561797752 158.82494
5960.603321934538 141.65302
5961.656082071324 152.2227
5962.70884220811 147.7308
5963.761602344895 152.46692
5964.81436248168 160.09251
5965.867122618466 140.44139
5966.919882755252 155.15855
5967.972642892038 142.95563
5969.025403028822 139.22362
5970.078163165608 205.89816
5971.130923302394 180.03389
5972.18368343918 134.42589
5973.236443575965 142.59377
5974.28920371275 153.6154
5975.341963849536 173.63815
5976.394723986322 187.83733
5977.447484123107 229.71681
5978.5002442598925 177.41113
5979.553004396678 147.1204
5980.605764533464 154.92175
5981.658524670249 148.16913
5982.711284807035 160.257
5983.76404494382 140.95741
5984.816805080606 153.54634
5985.869565217391 166.60341
5986.922325354177 166.84793
5987.975085490963 163.8247
5989.027845627748 153.77686
5990.080605764533 186.15271
5991.133365901319 161.14658
5992.186126038105 157.97375
5993.2388861748905 152.63016
5994.291646311675 146.87119
5995.344406448461 138.07368
5996.397166585247 151.63794
5997.449926722033 149.8388
5998.5026868588175 151.2976
5999.555446995603 144.19267
6000.608207132389 158.6313
6001.660967269175 155.30481
6002.71372740596 166.29489
6003.766487542745 178.35336
6004.819247679531 161.9108
6005.872007816317 135.89838
6006.924767953102 172.20988
6007.9775280898875 146.14351
6009.030288226673 150.84012
6010.083048363459 168.17526
6011.135808500245 152.97923
6012.18856863703 156.28891
6013.241328773815 158.4739
6014.294088910601 133.54366
6015.346849047386 143.56488
6016.399609184172 137.15608
6017.452369320958 127.60394
6018.505129457743 139.1837
6019.557889594529 133.8366
6020.610649731314 146.3144
6021.6634098681 138.23833
6022.7161700048855 137.6838
6023.76893014167 138.83894
6024.821690278456 128.70667
6025.874450415242 119.12151
6026.927210552028 133.96017
6027.979970688813 145.72528
6029.032730825598 130.85497
6030.085490962384 133.97711
6031.13825109917 121.50556
6032.191011235955 149.79137
6033.24377137274 136.71837
6034.296531509526 155.0337
6035.349291646312 140.04471
6036.402051783098 127.47403
6037.454811919883 147.20891
6038.507572056668 147.42508
6039.560332193454 127.24507
6040.613092330239 130.89583
6041.665852467025 154.69437
6042.7186126038105 135.09073
6043.771372740596 122.13536
6044.824132877382 130.51918
6045.876893014167 151.47566
6046.929653150953 138.1853
6047.982413287738 132.28415
6049.035173424524 142.72975
6050.087933561309 142.03003
6051.140693698095 142.58714
6052.1934538348805 140.60883
6053.246213971666 127.59839
6054.298974108451 131.85986
6055.351734245237 129.87154
6056.404494382023 128.80075
6057.457254518808 142.15424
6058.510014655593 142.21732
6059.562774792379 129.24615
6060.615534929165 130.26582
6061.668295065951 137.20882
6062.721055202735 149.42615
6063.773815339521 143.42007
6064.826575476307 132.80632
6065.879335613093 133.87326
6066.932095749878 121.39837
6067.984855886663 145.39908
6069.037616023449 139.30821
6070.090376160235 110.45711
6071.14313629702 137.85013
6072.1958964338055 141.68184
6073.248656570591 115.1641
6074.301416707377 137.8094
6075.354176844162 130.27382
6076.406936980948 129.09392
6077.459697117733 122.80549
6078.512457254519 133.46634
6079.565217391304 150.72466
6080.61797752809 127.31617
6081.670737664876 102.49256
6082.723497801661 141.65063
6083.776257938447 122.59434
6084.829018075232 122.52858
6085.881778212018 111.95099
6086.9345383488035 123.82466
6087.987298485588 125.01301
6089.040058622374 121.28668
6090.09281875916 122.78202
6091.145578895946 132.86076
6092.198339032731 135.98253
6093.251099169516 140.74887
6094.303859306302 123.95306
6095.356619443088 128.51625
6096.409379579873 116.41978
6097.462139716658 120.48485
6098.514899853444 138.49997
6099.56765999023 143.4652
6100.620420127016 135.54892
6101.6731802638005 132.93587
6102.725940400586 128.39798
6103.778700537372 119.24425
6104.831460674157 120.9825
6105.884220810943 124.52711
6106.936980947728 135.07942
6107.989741084514 142.01303
6109.0425012213 136.43825
6110.095261358085 124.651436
6111.148021494871 137.89728
6112.200781631656 126.549805
6113.253541768441 135.58714
6114.306301905227 111.67322
6115.359062042013 107.41559
6116.4118221787985 123.69512
6117.464582315584 124.38651
6118.517342452369 136.18852
6119.570102589155 126.09215
6120.622862725941 111.98128
6121.675622862726 115.39928
6122.728382999511 129.62831
6123.781143136297 136.26285
6124.833903273083 126.73697
6125.886663409869 118.68466
6126.939423546653 127.35513
6127.992183683439 148.04263
6129.044943820225 137.55469
6130.097703957011 114.2351
6131.150464093796 111.24962
6132.203224230581 108.24519
6133.255984367367 116.66738
6134.308744504153 126.175804
6135.361504640938 120.6968
6136.4142647777235 103.499176
6137.467024914509 121.12314
6138.519785051295 126.64895
6139.57254518808 139.99721
6140.625305324866 126.55067
6141.678065461651 119.16287
6142.730825598437 121.50606
6143.783585735222 139.60246
6144.836345872008 153.1196
6145.8891060087935 136.69333
6146.941866145579 127.474335
6147.994626282364 123.492035
6149.04738641915 122.65296
6150.100146555936 132.94025
6151.152906692721 129.38553
6152.205666829506 112.569244
6153.258426966292 110.79883
6154.311187103078 128.54553
6155.363947239864 161.51018
6156.416707376648 194.33513
6157.469467513434 222.15988
6158.52222765022 201.85678
6159.574987787006 152.23187
6160.627747923791 131.50287
6161.680508060576 125.713585
6162.733268197362 113.1431
6163.786028334148 104.653175
6164.838788470934 112.60634
6165.8915486077185 113.29843
6166.944308744504 123.41881
6167.99706888129 113.79752
6169.049829018075 128.83594
6170.102589154861 142.97441
6171.155349291646 133.02376
6172.208109428432 125.97875
6173.260869565218 125.368576
6174.313629702003 128.65671
6175.366389838789 122.695946
6176.419149975574 136.61859
6177.471910112359 144.19254
6178.524670249145 129.39966
6179.577430385931 138.87024
6180.6301905227165 133.49808
6181.682950659502 110.376114
6182.735710796287 120.13699
6183.788470933073 130.03809
6184.841231069859 112.35785
6185.8939912066435 111.34418
6186.946751343429 111.16606
6187.999511480215 96.32098
6189.052271617001 118.89316
6190.1050317537865 121.73367
6191.157791890571 106.60335
6192.210552027357 126.966354
6193.263312164143 130.12726
6194.316072300928 111.125175
6195.3688324377135 115.332436
6196.421592574499 115.88106
6197.474352711285 109.972565
6198.527112848071 129.30191
6199.579872984856 120.41967
6200.632633121641 112.31816
6201.685393258427 124.400085
6202.738153395213 144.5152
6203.790913531998 154.0722
6204.843673668784 129.87648
6205.896433805569 126.72406
6206.949193942355 125.49158
6208.00195407914 122.90418
6209.054714215926 114.3555
6210.1074743527115 111.55334
6211.160234489497 122.49198
6212.212994626282 135.9748
6213.265754763068 135.49377
6214.318514899854 122.01891
6215.371275036639 129.274
6216.424035173424 129.18445
6217.47679531021 131.78316
6218.529555446996 121.31329
6219.582315583782 117.8556
6220.635075720566 141.32802
6221.687835857352 165.05138
6222.740595994138 156.14645
6223.793356130924 113.56613
6224.846116267709 123.74948
6225.898876404494 122.28427
6226.95163654128 112.31658
6228.004396678066 124.90076
6229.057156814851 128.14801
6230.1099169516365 121.53092
6231.162677088422 120.000534
6232.215437225208 120.92251
6233.268197361993 146.16486
6234.320957498779 197.15909
6235.373717635564 213.11833
6236.42647777235 206.28845
6237.479237909136 183.08122
6238.531998045921 142.07788
6239.5847581827065 137.26495
6240.637518319492 159.33731
6241.690278456277 147.97145
6242.743038593063 142.98524
6243.795798729849 127.81916
6244.848558866634 109.09936
6245.90131900342 112.16662
6246.954079140205 126.66667
6248.006839276991 147.90993
6249.059599413777 135.64558
6250.112359550561 121.309715
6251.165119687347 108.94283
6252.217879824133 120.90633
6253.270639960919 126.29685
6254.3234000977045 103.65872
6255.376160234489 109.25945
6256.428920371275 156.99371
6257.481680508061 236.86688
6258.534440644846 225.86432
6259.5872007816315 159.7329
6260.639960918417 114.674194
6261.692721055203 133.41243
6262.745481191989 134.91847
6263.798241328774 141.33917
6264.851001465559 151.6109
6265.903761602345 134.43152
6266.95652173913 132.88991
6268.009281875916 123.85357
6269.062042012702 123.70623
6270.114802149487 120.177986
6271.167562286273 118.78293
6272.220322423058 119.3591
6273.273082559844 126.09737
6274.3258426966295 123.184906
6275.378602833415 121.933876
6276.4313629702 106.593216
6277.484123106986 108.71943
6278.536883243772 107.019424
6279.589643380557 107.53233
6280.642403517342 102.932556
6281.695163654128 115.51805
6282.747923790914 107.52458
6283.8006839276995 101.26381
6284.853444064484 104.18558
6285.90620420127 137.03796
6286.958964338056 196.52603
6288.011724474842 219.00655
6289.0644846116265 153.08974
6290.117244748412 103.78547
6291.170004885198 102.85592
6292.222765021984 112.122375
6293.275525158769 110.43724
6294.328285295554 133.37344
6295.38104543234 119.49108
6296.433805569126 148.56471
6297.486565705911 255.06165
6298.539325842697 1167.8088
6299.592085979482 5111.914
6300.644846116268 5818.0044
6301.697606253053 2985.321
6302.750366389839 236.49692
6303.8031265266245 156.64687
6304.85588666341 146.6703
6305.908646800195 210.08865
6306.961406936981 254.98679
6308.014167073767 195.37979
6309.066927210552 138.81326
6310.119687347337 124.74516
6311.172447484123 120.4032
6312.225207620909 131.57755
6313.277967757695 122.90293
6314.330727894479 139.162
6315.383488031265 151.83545
6316.436248168051 175.93108
6317.489008304837 124.61742
6318.5417684416225 100.61791
6319.594528578407 122.497604
6320.647288715193 160.0403
6321.700048851979 160.31134
6322.752808988764 125.17898
6323.8055691255495 109.215164
6324.858329262335 104.055855
6325.911089399121 111.69203
6326.963849535907 126.6303
6328.016609672692 140.1827
6329.069369809477 190.96782
6330.122129946263 238.89188
6331.174890083048 170.72433
6332.227650219834 110.79372
6333.2804103566195 109.44352
6334.333170493405 112.122635
6335.385930630191 117.17208
6336.438690766976 109.67335
6337.491450903762 110.1758
6338.544211040547 104.63544
6339.596971177332 105.65971
6340.649731314118 108.18789
6341.702491450904 101.06267
6342.75525158769 112.41713
6343.808011724475 113.24173
6344.86077186126 111.74018
6345.913531998046 107.010025
6346.966292134832 115.7654
6348.019052271617 129.34618
6349.071812408402 123.79424
6350.124572545188 115.92745
6351.177332681974 115.85002
6352.23009281876 109.69401
6353.2828529555445 108.83417
6354.33561309233 136.3942
6355.388373229116 163.88168
6356.441133365901 178.96701
6357.493893502687 150.85677
6358.546653639472 92.57
6359.599413776258 118.41234
6360.652173913044 136.47891
6361.704934049829 345.48865
6362.757694186615 1313.6887
6363.8104543234 2111.5383
6364.863214460185 1366.8884
6365.915974596971 254.59903
6366.968734733757 120.487495
6368.0214948705425 125.62345
6369.074255007328 113.61067
6370.127015144113 90.15463
6371.179775280899 119.115944
6372.232535417685 107.32674
6373.28529555447 112.341675
6374.338055691256 120.03252
6375.390815828041 88.33084
6376.443575964827 111.43904
6377.4963361016125 119.66303
6378.549096238397 116.857574
6379.601856375183 121.64518
6380.654616511969 140.20917
6381.707376648755 106.458435
6382.76013678554 117.20531
6383.812896922325 98.47253
6384.865657059111 99.58084
6385.918417195897 124.12166
6386.971177332682 129.04195
6388.0239374694675 111.49573
6389.076697606253 111.800186
6390.129457743039 110.267975
6391.182217879825 108.76203
6392.23497801661 95.54293
6393.287738153395 100.56781
6394.340498290181 107.07809
6395.393258426966 80.196655
6396.446018563752 102.16202
6397.4987787005375 94.474754
6398.551538837323 97.73576
6399.604298974109 105.72766
6400.657059110894 109.18068
6401.70981924768 87.15813
6402.762579384465 105.62456
6403.81533952125 102.211716
6404.868099658036 115.79298
6405.920859794822 111.08455
6406.973619931608 102.37666
6408.026380068393 104.05107
6409.079140205178 124.50801
6410.131900341964 115.90231
6411.18466047875 104.30774
6412.237420615535 114.38815
6413.29018075232 114.54042
6414.342940889106 102.86609
6415.395701025892 105.59051
6416.448461162678 101.8322
6417.5012212994625 95.06747
6418.553981436248 101.81687
6419.606741573034 121.82456
6420.659501709819 120.15661
6421.712261846605 94.48627
6422.76502198339 93.17261
6423.817782120176 93.1261
6424.870542256962 104.426735
6425.923302393747 105.34879
6426.9760625305325 99.521
6428.028822667318 105.4151
6429.081582804103 84.63154
6430.134342940889 86.35115
6431.187103077675 87.64339
6432.2398632144605 95.15879
6433.292623351246 92.173546
6434.345383488031 99.342674
6435.398143624817 92.32606
6436.450903761603 107.53227
6437.5036638983875 95.60921
6438.556424035173 101.87491
6439.609184171959 97.57396
6440.661944308745 88.20557
6441.7147044455305 99.178986
6442.767464582315 92.38116
6443.820224719101 98.403
6444.872984855887 90.98535
6445.925744992672 100.57938
6446.978505129458 109.045845
6448.031265266243 93.8866
6449.084025403029 91.809555
6450.136785539815 95.427956
6451.1895456766 100.47408
6452.242305813385 101.11572
6453.295065950171 106.812706
6454.347826086957 121.501884
6455.400586223743 117.338684
6456.453346360528 100.73231
6457.506106497313 115.05641
6458.558866634099 120.783745
6459.611626770884 113.25928
6460.66438690767 94.071594
6461.7171470444555 102.581825
6462.769907181241 114.07803
6463.822667318027 132.3679
6464.875427454812 136.32916
6465.928187591598 158.76823
6466.980947728383 140.75694
6468.033707865168 99.95973
6469.086468001954 116.91405
6470.13922813874 140.09885
6471.191988275526 153.08696
6472.244748412311 125.798035
6473.297508549096 89.369896
6474.350268685882 92.40755
6475.403028822668 85.03981
6476.455788959453 91.3281
6477.508549096238 97.4452
6478.561309233024 93.52724
6479.61406936981 92.7696
6480.666829506596 94.77942
6481.7195896433805 106.81213
6482.772349780166 98.34928
6483.825109916952 96.26248
6484.877870053737 98.12421
6485.930630190523 99.02668
6486.983390327308 95.39581
6488.036150464094 92.30885
6489.08891060088 103.67553
6490.141670737665 99.844246
6491.1944308744505 84.36609
6492.247191011236 77.77097
6493.299951148021 99.13767
6494.352711284807 83.94222
6495.405471421593 106.52045
6496.458231558378 96.15381
6497.510991695164 173.53229
6498.563751831949 220.23846
6499.616511968735 183.67566
6500.669272105521 104.88578
6501.722032242305 102.622375
6502.774792379091 96.69238
6503.827552515877 116.94183
6504.880312652663 127.014
6505.9330727894485 116.55641
6506.985832926233 106.753006
6508.038593063019 100.10582
6509.091353199805 86.39731
6510.14411333659 80.487045
6511.1968734733755 91.327896
6512.249633610161 106.783936
6513.302393746947 103.92813
6514.355153883733 92.712204
6515.407914020518 87.79999
6516.460674157303 84.99409
6517.513434294089 95.47793
6518.566194430874 101.88975
6519.61895456766 92.35809
6520.671714704446 105.0351
6521.724474841231 129.67455
6522.777234978017 133.9675
6523.829995114802 127.78405
6524.882755251588 104.818695
6525.9355153883735 91.292755
6526.988275525159 108.16051
6528.041035661945 94.064156
6529.09379579873 107.45918
6530.146555935516 104.06976
6531.199316072301 117.403885
6532.252076209086 180.47699
6533.304836345872 227.72343
6534.357596482658 149.38626
6535.4103566194435 101.941284
6536.463116756229 85.20411
6537.515876893014 91.415634
6538.5686370298 117.058136
6539.621397166586 111.62692
6540.6741573033705 95.22818
6541.726917440156 104.47075
6542.779677576942 115.16029
6543.832437713728 150.20767
6544.885197850514 126.5554
6545.937957987298 112.82047
6546.990718124084 103.03919
6548.04347826087 115.27441
6549.096238397655 125.57779
6550.148998534441 128.6733
6551.201758671226 140.27335
6552.254518808012 201.47682
6553.307278944798 252.07028
6554.360039081583 231.449
6555.4127992183685 164.50974
6556.465559355154 150.81836
6557.518319491939 179.96631
6558.571079628725 168.07771
6559.623839765511 174.56863
6560.676599902296 177.47754
6561.729360039082 177.11163
6562.782120175867 278.64508
6563.834880312653 272.63867
6564.887640449439 3008.231
6565.940400586223 9326.199
6566.993160723009 9533.745
6568.045920859795 4075.5923
6569.098680996581 380.2346
6570.1514411333665 327.4929
6571.204201270151 197.0294
6572.256961406937 157.38945
6573.309721543723 152.65572
6574.362481680508 137.88158
6575.4152418172935 142.20772
6576.468001954079 219.18097
6577.520762090865 217.36967
6578.573522227651 170.53595
6579.626282364436 119.52541
6580.679042501221 121.614525
6581.731802638007 115.1759
6582.784562774792 116.9772
6583.837322911578 128.9674
6584.8900830483635 118.96895
6585.942843185149 152.63724
6586.995603321935 177.62144
6588.04836345872 165.7648
6589.101123595506 120.34568
6590.153883732291 96.551796
6591.206643869076 104.44729
6592.259404005862 104.90674
6593.312164142648 98.23588
6594.364924279434 93.86015
6595.417684416219 111.15279
6596.470444553004 119.5425
6597.52320468979 103.62918
6598.575964826576 93.90187
6599.628724963361 89.37132
6600.681485100147 104.775856
6601.734245236932 104.642006
6602.787005373718 111.84926
6603.839765510504 132.23483
6604.8925256472885 136.6246
6605.945285784074 99.62335
6606.99804592086 101.03919
6608.050806057646 97.47579
6609.103566194432 87.26152
6610.156326331216 97.479256
6611.209086468002 90.0446
6612.261846604788 80.82719
6613.314606741573 97.71973
6614.367366878359 77.724556
6615.420127015144 79.28624
6616.47288715193 100.18988
6617.525647288716 73.31726
6618.578407425501 89.11115
6619.6311675622865 85.67487
6620.683927699072 82.73438
6621.736687835857 92.092285
6622.789447972643 80.56256
6623.842208109429 94.96842
6624.894968246214 91.87381
6625.947728383 84.66628
6627.000488519785 87.14454
6628.053248656571 78.3156
6629.1060087933565 81.09063
6630.158768930141 85.84721
6631.211529066927 89.33133
6632.264289203713 80.727066
6633.317049340499 95.43941
6634.369809477284 116.29901
6635.422569614069 106.57568
6636.475329750855 85.503784
6637.528089887641 91.66066
6638.580850024426 90.06307
6639.633610161211 86.05059
6640.686370297997 83.13995
6641.739130434783 88.64073
6642.791890571569 79.86368
6643.844650708354 76.27451
6644.897410845139 85.55151
6645.950170981925 87.59863
6647.00293111871 84.209816
6648.055691255496 91.71064
6649.1084513922815 85.5127
6650.161211529067 92.93957
6651.213971665853 80.68968
6652.266731802638 88.86491
6653.319491939424 82.82975
6654.372252076209 74.94522
6655.425012212994 77.17713
6656.47777234978 77.48042
6657.530532486566 89.02323
6658.583292623352 93.11972
6659.636052760137 91.37106
6660.688812896922 87.70993
6661.741573033708 91.74176
6662.794333170494 101.59536
6663.847093307279 84.839386
6664.899853444064 78.7643
6665.95261358085 76.08559
6667.005373717636 82.59689
6668.058133854422 93.379
6669.1108939912065 87.467354
6670.163654127992 87.22669
6671.216414264778 80.05907
6672.269174401563 81.32786
6673.321934538349 97.169235
6674.374694675134 89.95713
6675.42745481192 83.328545
6676.480214948706 89.02997
6677.532975085491 96.32293
6678.5857352222765 85.7811
6679.638495359062 93.40303
6680.691255495848 152.25235
6681.744015632634 200.74435
6682.796775769419 170.64828
6683.849535906204 103.875145
6684.90229604299 90.79504
6685.955056179775 98.48097
6687.007816316561 93.88617
6688.060576453347 81.88119
6689.113336590132 82.37173
6690.166096726918 92.44149
6691.218856863703 90.163055
6692.271617000489 88.20332
6693.3243771372745 80.73631
6694.377137274059 83.13024
6695.429897410845 86.89054
6696.482657547631 86.032196
6697.535417684417 76.95899
6698.588177821202 96.72812
6699.640937957987 100.232086
6700.693698094773 89.2484
6701.746458231559 82.61052
6702.799218368344 68.24001
6703.851978505129 77.84128
6704.904738641915 79.63431
6705.957498778701 86.65901
6707.010258915487 87.183975
6708.063019052272 79.95858
6709.115779189057 89.81941
6710.168539325843 89.674736
6711.221299462628 84.972565
6712.274059599414 81.93077
6713.3268197361995 74.34868
6714.379579872985 87.03719
6715.432340009771 87.29935
6716.485100146556 86.84828
6717.537860283342 83.57279
6718.590620420127 120.03997
6719.643380556912 205.49106
6720.696140693698 221.78183
6721.748900830484 159.23795
6722.8016609672695 84.69705
6723.854421104055 100.97001
6724.90718124084 83.88417
6725.959941377626 86.039856
6727.012701514412 97.79928
6728.0654616511965 93.87444
6729.118221787982 75.79198
6730.170981924768 77.685196
6731.223742061554 88.727844
6732.27650219834 78.735344
6733.329262335124 130.75902
6734.38202247191 184.74426
6735.434782608696 167.55446
6736.487542745481 114.97631
6737.540302882267 80.49577
6738.593063019052 89.750694
6739.645823155838 101.70241
6740.698583292624 82.97139
6741.751343429409 80.32147
6742.8041035661945 86.49349
6743.85686370298 78.46808
6744.909623839765 79.70007
6745.962383976551 93.88739
6747.015144113337 93.19967
6748.067904250122 78.70962
6749.120664386908 75.13619
6750.173424523693 73.009026
6751.226184660479 79.0378
6752.278944797265 70.664894
6753.331704934049 74.76463
6754.384465070835 77.02457
6755.437225207621 89.624374
6756.489985344407 74.43133
6757.5427454811925 64.35897
6758.595505617977 70.71654
6759.648265754763 75.299904
6760.701025891549 71.66474
6761.753786028335 74.658905
6762.80654616512 83.33072
6763.859306301905 87.042206
6764.912066438691 69.69089
6765.964826575477 55.44939
6767.017586712262 69.28471
6768.070346849047 71.075195
6769.123106985833 61.67667
6770.175867122619 59.07218
6771.228627259405 63.330437
6772.2813873961895 74.15576
6773.334147532975 68.02338
6774.386907669761 71.89686
6775.439667806546 90.10337
6776.492427943332 77.818504
6777.545188080117 76.09134
6778.597948216903 58.349957
6779.650708353689 83.74045
6780.703468490474 93.73651
6781.75622862726 81.508484
6782.808988764045 73.81567
6783.86174890083 74.28238
6784.914509037616 77.71779
6785.967269174402 66.533905
6787.0200293111875 83.531204
6788.072789447973 74.922386
6789.125549584758 65.5993
6790.178309721544 79.024185
6791.23106985833 79.58848
6792.2838299951145 73.644424
6793.3365901319 79.783226
6794.389350268686 88.446045
6795.442110405472 87.09887
6796.494870542258 83.64702
6797.547630679042 76.25637
6798.600390815828 71.80716
6799.653150952614 79.64152
6800.705911089399 71.50268
6801.758671226185 75.47867
6802.81143136297 85.18398
6803.864191499756 75.27375
6804.916951636542 68.16447
6805.969711773327 82.29316
6807.0224719101125 62.26347
6808.075232046898 76.324234
6809.127992183683 73.17471
6810.180752320469 70.69612
6811.233512457255 74.4951
6812.28627259404 79.51064
6813.339032730826 82.60677
6814.391792867611 80.591095
6815.444553004397 69.49859
6816.4973131411825 72.818985
6817.550073277967 78.497375
6818.602833414753 74.55933
6819.655593551539 68.17861
6820.708353688325 62.41266
6821.76111382511 68.808266
6822.813873961895 72.26182
6823.866634098681 70.13025
6824.919394235467 76.635635
6825.972154372252 86.396805
6827.024914509037 143.17764
6828.077674645823 197.26282
6829.130434782609 232.34009
6830.183194919395 198.99255
6831.23595505618 116.62299
6832.288715192965 99.01341
6833.341475329751 188.51553
6834.394235466537 225.04826
6835.446995603323 159.8736
6836.4997557401075 85.732315
6837.552515876893 73.78256
6838.605276013679 78.335396
6839.658036150464 77.53904
6840.71079628725 109.6988
6841.763556424035 119.66965
6842.816316560821 95.81579
6843.869076697607 77.33397
6844.921836834392 67.30218
6845.974596971178 67.30329
6847.027357107963 67.97137
6848.080117244748 66.34318
6849.132877381534 68.54836
6850.18563751832 75.06
6851.2383976551055 70.06354
6852.291157791891 80.07743
6853.343917928676 82.87136
6854.396678065462 68.954025
6855.449438202248 66.551765
6856.5021983390325 72.717224
6857.554958475818 70.89731
6858.607718612604 59.460968
6859.66047874939 69.48244
6860.7132388861755 79.671425
6861.76599902296 99.06755
6862.818759159746 276.92123
6863.871519296532 395.31665
6864.924279433317 246.56418
6865.9770395701025 87.559845
6867.029799706888 53.92373
6868.082559843674 52.091705
6869.13531998046 57.565098
6870.188080117245 61.865765
6871.24084025403 69.92058
6872.293600390816 65.33806
6873.346360527601 56.188496
6874.399120664387 45.738194
6875.451880801173 53.54049
6876.504640937958 46.83734
6877.557401074744 69.66172
6878.610161211529 54.941128
6879.662921348315 72.46228
6880.7156814851005 107.03606
6881.768441621885 108.91839
6882.821201758671 83.91767
6883.873961895457 62.449905
6884.926722032243 65.74307
6885.979482169028 55.898643
6887.032242305813 65.51398
6888.085002442599 102.526306
6889.137762579385 118.98366
6890.19052271617 96.96322
6891.243282852955 66.10632
6892.296042989741 71.62199
6893.348803126527 87.33843
6894.401563263313 81.34853
6895.454323400098 72.9022
6896.507083536883 51.88492
6897.559843673669 68.19043
6898.612603810454 77.87723
6899.66536394724 104.393456
6900.7181240840255 114.390785
6901.770884220811 91.6855
6902.823644357597 70.32831
6903.876404494382 67.22615
6904.929164631168 60.105846
6905.981924767953 70.51154
6907.034684904738 69.48684
6908.087445041524 56.82775
6909.14020517831 64.813126
6910.1929653150955 71.9807
6911.245725451881 109.17627
6912.298485588666 172.39333
6913.351245725452 149.45715
6914.404005862238 74.83767
6915.456765999023 57.609642
6916.509526135809 59.999474
6917.562286272594 60.322002
6918.61504640938 57.78727
6919.667806546166 61.508537
6920.72056668295 69.825356
6921.773326819736 142.25314
6922.826086956522 230.63889
6923.878847093308 200.38625
6924.9316072300935 104.312836
6925.984367366878 60.36918
6927.037127503664 73.84107
6928.08988764045 74.35325
6929.142647777235 71.368866
6930.1954079140205 62.808594
6931.248168050806 63.978264
6932.300928187592 75.78697
6933.353688324378 65.389336
6934.406448461163 56.29257
6935.459208597948 65.22014
6936.511968734734 70.41228
6937.564728871519 90.25068
6938.617489008305 126.17603
6939.670249145091 145.77946
6940.723009281876 120.09873
6941.775769418662 58.585575
6942.828529555447 71.21948
6943.881289692233 67.225334
6944.9340498290185 59.703213
6945.986809965803 81.30466
6947.039570102589 99.90381
6948.092330239375 238.26334
6949.145090376161 275.52383
6950.197850512946 145.16531
6951.250610649731 79.638016
6952.303370786517 81.22358
6953.356130923303 68.011284
6954.408891060088 69.19544
6955.461651196873 75.88333
6956.514411333659 71.71818
6957.567171470445 68.84065
6958.619931607231 67.812874
6959.6726917440155 73.69637
6960.725451880801 74.28165
6961.778212017587 68.99627
6962.830972154372 71.53161
6963.883732291158 72.04854
6964.936492427943 71.289536
6965.989252564729 67.698105
6967.042012701515 73.1298
6968.0947728383 82.73448
6969.147532975086 103.4803
6970.200293111871 121.18176
6971.253053248656 88.107254
6972.305813385442 65.073524
6973.358573522228 77.787575
6974.4113336590135 71.56358
6975.464093795799 63.618023
6976.516853932584 97.43943
6977.56961406937 156.06766
6978.622374206156 172.72476
6979.6751343429405 116.2431
6980.727894479726 78.92839
6981.780654616512 81.08327
6982.833414753298 77.50511
6983.886174890084 78.32068
6984.938935026868 83.89101
6985.991695163654 79.98392
6987.04445530044 64.37893
6988.097215437226 74.35199
6989.1499755740115 70.9884
6990.202735710796 69.26309
6991.255495847582 65.69752
6992.308255984368 74.0661
6993.361016121153 70.31525
6994.4137762579385 59.696842
6995.466536394724 79.84395
6996.51929653151 83.23305
6997.572056668296 61.249054
6998.624816805081 69.338356
6999.677576941866 75.736946
7000.730337078652 75.16231
7001.783097215437 101.58338
7002.835857352223 122.80595
7003.8886174890085 106.17669
7004.941377625794 89.09927
7005.99413776258 62.47332
7007.046897899365 64.087364
7008.099658036151 70.28174
7009.152418172936 81.69124
7010.205178309721 101.01087
7011.257938446507 121.76552
7012.310698583293 105.16064
7013.363458720079 76.44174
7014.416218856864 63.354588
7015.468978993649 61.544235
7016.521739130435 68.01716
7017.574499267221 64.53139
7018.627259404006 63.677044
7019.680019540791 70.88058
7020.732779677577 70.61124
7021.785539814363 74.308754
7022.838299951149 83.20929
7023.8910600879335 83.56314
7024.943820224719 69.01851
7025.996580361505 74.50395
7027.04934049829 51.28029
7028.102100635076 56.316505
7029.154860771861 64.115814
7030.207620908647 71.987686
7031.260381045433 60.97161
7032.313141182218 51.844288
7033.365901319004 61.96956
7034.418661455789 64.66408
7035.471421592574 66.35866
7036.52418172936 72.47842
7037.576941866146 73.446785
7038.6297020029315 71.712036
7039.682462139717 61.00631
7040.735222276502 76.17991
7041.787982413288 76.27929
7042.840742550074 76.01543
7043.8935026868585 66.36296
7044.946262823644 73.74281
7045.99902296043 81.14302
7047.051783097216 96.99773
7048.1045432340015 108.02155
7049.157303370786 95.78783
7050.210063507572 80.524086
7051.262823644358 73.65774
7052.315583781143 74.313354
7053.3683439179285 72.73729
7054.421104054714 69.19072
7055.4738641915 73.48306
7056.526624328286 70.31404
7057.579384465071 66.49647
7058.632144601856 76.74034
7059.684904738642 70.79056
7060.737664875427 72.10065
7061.790425012213 89.72728
7062.843185148999 78.593994
7063.895945285784 75.12355
7064.94870542257 71.68582
7066.001465559355 77.48693
7067.054225696141 89.40237
7068.1069858329265 114.582756
7069.159745969712 158.10014
7070.212506106498 133.8395
7071.265266243283 86.29127
7072.318026380069 72.303085
7073.370786516854 75.275856
7074.423546653639 79.065094
7075.476306790425 62.978363
7076.529066927211 59.065655
7077.581827063997 59.63113
7078.634587200782 79.752
7079.687347337567 72.9789
7080.740107474353 75.65695
7081.792867611139 66.19866
7082.845627747924 82.61668
7083.898387884709 81.491455
7084.951148021495 69.28801
7086.003908158281 58.963028
7087.056668295067 77.00385
7088.1094284318515 83.442604
7089.162188568637 82.01751
7090.214948705423 83.13628
7091.267708842208 74.45223
7092.320468978994 81.5695
7093.373229115779 82.2229
7094.425989252565 63.612274
7095.478749389351 71.22849
7096.531509526136 65.86704
7097.5842696629215 75.6068
7098.637029799707 57.97058
7099.689789936492 57.11258
7100.742550073278 76.75961
7101.795310210064 73.31707
7102.848070346849 68.67951
7103.900830483635 65.68118
7104.95359062042 67.85768
7106.006350757206 79.58426
7107.059110893992 74.57485
7108.1118710307765 79.05951
7109.164631167562 78.235435
7110.217391304348 67.323044
7111.270151441134 73.451096
7112.3229115779195 73.94818
7113.375671714704 84.805855
7114.42843185149 86.764404
7115.481191988276 77.81773
7116.533952125061 79.54178
7117.5867122618465 71.95333
7118.639472398632 68.60851
7119.692232535418 74.95593
7120.744992672204 68.18333
7121.797752808989 67.06504
7122.850512945774 68.89981
7123.90327308256 79.75741
7124.956033219345 78.93866
7126.008793356131 73.98158
7127.061553492917 80.80844
7128.114313629702 72.59852
7129.167073766488 59.510345
7130.219833903273 71.40593
7131.272594040059 82.96552
7132.3253541768445 79.43624
7133.378114313629 72.913124
7134.430874450415 80.909004
7135.483634587201 67.44699
7136.536394723987 59.132477
7137.589154860772 65.97905
7138.641914997557 199.00305
7139.694675134343 269.47955
7140.747435271129 204.10019
7141.8001954079145 116.64662
7142.8529555447 79.95935
7143.905715681485 78.380455
7144.958475818271 75.01802
7146.011235955057 69.41899
7147.063996091842 74.33971
7148.116756228627 68.97925
7149.169516365413 60.289684
7150.222276502199 72.33767
7151.275036638985 64.770744
7152.3277967757695 67.50208
7153.380556912555 56.35792
7154.433317049341 64.49863
7155.486077186126 60.384132
7156.538837322912 67.27138
7157.591597459697 66.86302
7158.644357596483 62.54087
7159.697117733269 63.030846
7160.749877870054 67.10297
7161.8026380068395 71.571365
7162.855398143625 69.82033
7163.90815828041 61.487755
7164.960918417196 62.56727
7166.013678553982 68.299934
7167.066438690767 59.31353
7168.119198827553 63.275772
7169.171958964338 71.39429
7170.224719101124 72.5248
7171.27747923791 59.406574
7172.330239374694 66.82805
7173.38299951148 62.797062
7174.435759648266 77.41558
7175.488519785052 75.13256
7176.5412799218375 65.13768
7177.594040058622 75.57525
7178.646800195408 77.908264
7179.699560332194 87.45108
7180.752320468979 87.324455
7181.8050806057645 73.70149
7182.85784074255 76.04553
7183.910600879336 64.24261
7184.963361016122 69.170784
7186.016121152907 57.693928
7187.068881289692 67.95875
7188.121641426478 67.53879
7189.174401563263 77.613266
7190.227161700049 53.416832
7191.279921836835 54.77866
7192.33268197362 55.41753
7193.385442110406 52.124207
7194.438202247191 67.11036
7195.490962383977 54.440887
7196.5437225207625 60.160934
7197.596482657547 69.67128
7198.649242794333 54.578163
7199.702002931119 55.09953
7200.754763067905 42.434982
7201.80752320469 53.566116
7202.860283341475 57.142593
7203.913043478261 45.845642
7204.965803615047 49.81281
7206.018563751832 49.167446
7207.071323888617 56.32155
7208.124084025403 60.722054
7209.176844162189 59.882767
7210.229604298975 53.15724
7211.2823644357595 48.074116
7212.335124572545 57.141273
7213.387884709331 58.667213
7214.440644846116 61.971252
7215.493404982902 64.38273
7216.546165119687 61.08799
7217.598925256473 69.76759
7218.651685393259 55.731857
7219.704445530044 52.354515
7220.75720566683 64.35855
7221.809965803615 75.11671
7222.862725940401 63.972458
7223.915486077187 75.10121
7224.968246213972 64.547455
7226.0210063507575 53.55276
7227.073766487543 63.35764
7228.126526624328 64.63307
7229.179286761114 57.10278
7230.2320468979 53.067387
7231.284807034685 62.60849
7232.337567171471 74.52757
7233.390327308256 71.56607
7234.443087445042 67.341576
7235.495847581828 59.419872
7236.548607718612 65.989975
7237.601367855398 139.57564
7238.654127992184 255.87915
7239.70688812897 342.04657
7240.7596482657555 324.93866
7241.81240840254 180.21027
7242.865168539326 154.44012
7243.917928676112 286.14624
7244.970688812897 367.4204
7246.0234489496825 260.3896
7247.076209086468 121.18942
7248.128969223254 72.4586
7249.18172936004 58.255302
7250.234489496825 66.01448
7251.28724963361 92.17601
7252.340009770396 111.51162
7253.392769907181 125.06833
7254.445530043967 100.94224
7255.4982901807525 86.08724
7256.551050317538 68.17762
7257.603810454324 70.41367
7258.656570591109 75.17481
7259.709330727895 64.695366
7260.76209086468 59.020607
7261.814851001465 66.298805
7262.867611138251 74.87286
7263.920371275037 52.467346
7264.973131411823 42.158268
7266.025891548608 61.50878
7267.078651685393 70.64957
7268.131411822179 84.41251
7269.184171958965 66.043564
7270.23693209575 62.685577
7271.289692232535 54.857716
7272.342452369321 71.728065
7273.395212506107 75.2275
7274.447972642893 242.23404
7275.5007327796775 509.96945
7276.553492916463 535.5175
7277.606253053249 287.46115
7278.659013190034 93.78276
7279.71177332682 61.19836
7280.764533463605 71.06868
7281.817293600391 77.71127
7282.870053737177 145.0819
7283.922813873962 264.1332
7284.975574010748 248.72583
7286.028334147533 136.1293
7287.081094284318 73.31459
7288.133854421104 48.538338
7289.18661455789 62.050545
7290.2393746946755 69.43348
7291.292134831461 59.423855
7292.344894968246 70.58342
7293.397655105032 70.15059
7294.450415241818 91.574875
7295.503175378603 109.89917
7296.555935515389 103.96854
7297.608695652174 84.44092
7298.66145578896 50.564026
7299.7142159257455 55.210484
7300.76697606253 72.72864
7301.819736199316 72.88867
7302.872496336102 142.95825
7303.925256472888 157.86954
7304.978016609673 107.813126
7306.030776746458 58.6243
7307.083536883244 59.717278
7308.13629702003 53.839417
7309.189057156815 70.25913
7310.2418172936 73.86813
7311.294577430386 61.858803
7312.347337567172 58.53071
7313.400097703958 64.312355
7314.452857840743 179.87296
7315.505617977528 386.27676
7316.558378114314 401.4746
7317.611138251099 208.91287
7318.663898387885 74.35464
7319.7166585246705 51.362404
7320.769418661456 67.89087
7321.822178798242 60.874535
7322.874938935027 72.92781
7323.927699071813 73.62164
7324.980459208598 63.44449
7326.033219345383 61.777565
7327.085979482169 99.63416
7328.138739618955 183.57402
7329.191499755741 218.73117
7330.244259892526 147.5529
7331.297020029311 72.78592
7332.349780166097 67.10961
7333.402540302883 78.76977
7334.455300439668 78.53817
7335.508060576453 74.375374
7336.560820713239 58.54585
7337.613580850025 53.56865
7338.666340986811 135.51355
7339.7191011235955 391.75674
7340.771861260381 522.894
7341.824621397167 326.98572
7342.877381533952 119.06519
7343.930141670738 68.354164
7344.982901807523 62.891796
7346.035661944309 62.777966
7347.088422081095 63.852917
7348.14118221788 67.424255
7349.1939423546655 59.033966
7350.246702491451 63.264435
7351.299462628236 66.26044
7352.352222765022 72.05528
7353.404982901808 62.38305
7354.457743038593 52.08033
7355.510503175379 64.32543
7356.563263312164 96.109924
7357.61602344895 162.51349
7358.668783585736 198.36398
7359.72154372252 141.01184
7360.774303859306 72.595505
7361.827063996092 59.97874
7362.879824132878 66.64681
7363.9325842696635 69.104225
7364.985344406448 59.920483
7366.038104543234 70.417946
7367.09086468002 89.405136
7368.143624816805 297.25537
7369.1963849535905 377.8022
7370.249145090376 256.7077
7371.301905227162 116.06373
7372.354665363948 75.79559
7373.407425500733 63.04724
7374.460185637518 56.088203
7375.512945774304 50.89774
7376.56570591109 56.804855
7377.618466047876 70.18519
7378.671226184661 50.587452
7379.723986321446 72.146355
7380.776746458232 57.175423
7381.829506595017 56.05506
7382.882266731803 49.24195
7383.9350268685885 56.416176
7384.987787005373 50.66609
7386.04054714216 55.131935
7387.093307278945 54.42031
7388.146067415731 47.000378
7389.198827552516 60.393333
7390.251587689301 90.64885
7391.304347826087 130.42365
7392.357107962873 143.89851
7393.409868099658 104.13859
7394.462628236444 69.26544
7395.515388373229 62.090935
7396.568148510015 71.04525
7397.620908646801 53.135757
7398.6736687835855 55.586693
7399.726428920371 103.100525
7400.779189057157 195.69505
7401.831949193942 236.77606
7402.884709330729 165.88943
7403.937469467513 83.279396
7404.990229604299 58.36887
7406.042989741085 58.829548
7407.09574987787 58.86875
7408.148510014656 53.919197
7409.201270151441 50.117786
7410.254030288227 56.98044
7411.306790425013 60.43368
7412.359550561798 63.036613
7413.4123106985835 55.974583
7414.465070835369 58.212585
7415.517830972154 66.94092
7416.570591108941 56.84265
7417.623351245726 56.93189
7418.676111382511 47.317154
7419.728871519297 47.48291
7420.781631656082 54.283195
7421.834391792868 56.974304
7422.887151929654 58.929005
7423.939912066438 47.616932
7424.992672203225 55.94445
7426.04543234001 45.03429
7427.098192476796 50.461205
7428.1509526135815 81.37893
7429.203712750366 113.968155
7430.256472887152 96.3719
7431.309233023938 69.21768
7432.361993160723 52.307976
7433.414753297509 57.571125
7434.467513434294 61.289085
7435.52027357108 54.3972
7436.573033707866 84.221176
7437.625793844651 136.18549
7438.678553981436 138.63304
7439.731314118222 97.83016
7440.784074255007 59.209694
7441.836834391794 48.004353
7442.8895945285785 49.167244
7443.942354665364 54.28435
7444.99511480215 50.18555
7446.047874938935 52.055798
7447.100635075721 50.30506
7448.153395212506 49.033504
7449.206155349291 53.04046
7450.258915486078 54.08321
7451.311675622863 54.604385
7452.364435759649 52.56501
7453.417195896434 61.28679
7454.469956033219 41.17761
7455.522716170005 50.49163
7456.575476306791 56.82412
7457.628236443576 56.51062
7458.680996580362 55.266552
7459.733756717147 52.63704
7460.786516853933 53.983635
7461.839276990719 59.16562
7462.8920371275035 63.85804
7463.944797264289 62.707935
7464.997557401075 69.78385
7466.05031753786 87.67665
7467.103077674647 103.6001
7468.155837811431 76.87206
7469.208597948217 57.27527
7470.261358085003 78.38567
7471.314118221788 95.20116
7472.366878358574 96.753845
7473.419638495359 121.26294
7474.472398632144 138.0474
7475.525158768931 93.723564
7476.577918905716 61.698563
7477.6306790425015 68.62451
7478.683439179287 71.82547
7479.736199316072 71.81599
7480.788959452858 71.80647
7481.841719589644 71.79637
7482.8944797264285 71.7876
7483.947239863215 71.77745
7485.0 71.76726
