3561.035 1927.636
3562.213 1443.066
3563.392 1712.135
3564.571 1993.471
3565.750 1369.752
3566.929 1549.524
3568.108 1133.219
3569.286 1299.270
3570.465 1585.112
3571.644 630.872
3572.823 1373.540
3574.002 1391.232
3575.180 1761.478
3576.359 1479.401
3577.538 1318.482
3578.717 1621.566
3579.896 1039.104
3581.075 1366.786
3582.253 1630.142
3583.432 1424.300
3584.611 1392.398
3585.790 1176.280
3586.969 1578.928
3588.147 1076.610
3589.326 1269.135
3590.505 1301.060
3591.684 1494.489
3592.863 1454.640
3594.042 1456.777
3595.220 1234.556
3596.399 1196.024
3597.578 1422.766
3598.757 1233.096
3599.936 1641.283
3601.114 1415.627
3602.293 1172.166
3603.472 1731.515
3604.651 1111.243
3605.830 1213.587
3607.009 1565.321
3608.187 1595.581
3609.366 1307.271
3610.545 1439.285
3611.724 1485.597
3612.903 1449.580
3614.081 1153.329
3615.260 1519.106
3616.439 2372.217
3617.618 1975.075
3618.797 1580.341
3619.976 1502.675
3621.154 1605.807
3622.333 1443.304
3623.512 1564.209
3624.691 1536.490
3625.870 2013.655
3627.048 1424.513
3628.227 2242.543
3629.406 1552.452
3630.585 1643.948
3631.764 1875.747
3632.943 1818.526
3634.121 2164.649
3635.300 1997.269
3636.479 2391.627
3637.658 1986.856
3638.837 2122.952
3640.015 2037.327
3641.194 2005.960
3642.373 1784.616
3643.552 1709.353
3644.731 1498.380
3645.910 1802.050
3647.088 1704.416
3648.267 1749.463
3649.446 1781.630
3650.625 1455.519
3651.804 1598.349
3652.982 1408.604
3654.161 1440.149
3655.340 951.563
3656.519 1077.618
3657.698 1191.427
3658.877 1517.674
3660.055 1550.586
3661.234 1465.572
3662.413 1546.906
3663.592 1720.951
3664.771 1525.060
3665.949 1425.526
3667.128 1195.057
3668.307 1268.707
3669.486 1416.177
3670.665 1385.321
3671.844 1143.853
3673.022 1394.879
3674.201 1137.173
3675.380 1360.156
3676.559 1219.775
3677.738 1399.338
3678.916 1717.878
3680.095 1361.291
3681.274 1576.952
3682.453 1140.338
3683.632 1083.989
3684.811 1232.904
3685.989 1499.699
3687.168 1339.041
3688.347 1288.815
3689.526 1740.515
3690.705 1217.125
3691.883 1446.717
3693.062 1411.974
3694.241 1867.047
3695.420 1353.921
3696.599 1296.890
3697.777 1573.320
3698.956 1662.655
3700.135 1596.328
3701.314 1553.333
3702.493 1452.495
3703.672 1331.762
3704.850 1885.639
3706.029 1934.941
3707.208 2391.533
3708.387 1506.078
3709.566 920.856
3710.744 1159.821
3711.923 1249.764
3713.102 1369.261
3714.281 2234.772
3715.460 1872.762
3716.639 1467.933
3717.817 1108.967
3718.996 1092.805
3720.175 881.188
3721.354 1301.712
3722.533 1701.119
3723.711 2441.932
3724.890 2628.737
3726.069 2654.847
3727.248 6461.878
3728.427 11105.086
3729.606 13344.717
3730.784 15831.789
3731.963 14549.206
3733.142 7326.152
3734.321 2786.750
3735.500 2389.101
3736.678 2404.128
3737.857 2076.226
3739.036 1636.437
3740.215 1656.100
3741.394 1364.795
3742.573 1379.019
3743.751 1301.886
3744.930 1053.834
3746.109 1231.019
3747.288 1227.780
3748.467 1341.859
3749.645 1067.573
3750.824 1784.486
3752.003 2346.292
3753.182 2739.065
3754.361 2113.798
3755.540 1141.971
3756.718 1308.192
3757.897 1084.967
3759.076 1184.280
3760.255 1006.439
3761.434 1042.769
3762.612 1092.820
3763.791 1015.301
3764.970 1185.165
3766.149 1298.803
3767.328 1117.219
3768.507 1023.354
3769.685 1261.509
3770.864 1200.555
3772.043 2359.685
3773.222 2984.394
3774.401 2320.336
3775.579 1187.652
3776.758 889.181
3777.937 1178.104
3779.116 1177.481
3780.295 1212.319
3781.474 1176.343
3782.652 1021.066
3783.831 1163.139
3785.010 1380.676
3786.189 1167.314
3787.368 1170.784
3788.546 1116.128
3789.725 1099.821
3790.904 1049.399
3792.083 1088.313
3793.262 1271.219
3794.441 1309.338
3795.619 1254.990
3796.798 1117.572
3797.977 1176.939
3799.156 2383.321
3800.335 3373.049
3801.513 2794.337
3802.692 1306.724
3803.871 875.190
3805.050 1083.528
3806.229 1086.328
3807.408 1094.715
3808.586 1181.967
3809.765 1109.380
3810.944 1223.266
3812.123 1152.417
3813.302 1206.979
3814.480 1184.762
3815.659 1231.298
3816.838 1311.499
3818.017 1197.181
3819.196 1170.895
3820.375 1404.895
3821.553 1378.297
3822.732 1562.588
3823.911 1293.624
3825.090 897.602
3826.269 1129.975
3827.447 970.635
3828.626 1306.174
3829.805 1392.372
3830.984 1232.281
3832.163 1196.669
3833.342 1236.161
3834.520 1161.731
3835.699 1582.836
3836.878 3657.901
3838.057 4506.480
3839.236 3168.296
3840.414 1072.810
3841.593 1181.886
3842.772 1060.827
3843.951 1032.207
3845.130 1127.237
3846.309 1091.018
3847.487 1019.570
3848.666 1053.612
3849.845 1013.347
3851.024 1072.113
3852.203 1000.453
3853.381 1009.254
3854.560 819.483
3855.739 1117.721
3856.918 942.219
3858.097 1009.460
3859.275 891.266
3860.454 894.287
3861.633 1067.106
3862.812 1091.918
3863.991 1080.595
3865.170 1139.902
3866.348 959.242
3867.527 1172.874
3868.706 2263.776
3869.885 11841.938
3871.064 23140.655
3872.242 18849.310
3873.421 4342.705
3874.600 1191.339
3875.779 887.603
3876.958 915.394
3878.137 916.835
3879.315 846.446
3880.494 827.280
3881.673 881.237
3882.852 774.982
3884.031 923.272
3885.209 826.400
3886.388 822.830
3887.567 1017.193
3888.746 1293.989
3889.925 4698.995
3891.104 9245.381
3892.282 7943.272
3893.461 2793.336
3894.640 904.755
3895.819 779.808
3896.998 892.436
3898.176 885.722
3899.355 871.088
3900.534 866.821
3901.713 983.786
3902.892 955.674
3904.071 865.659
3905.249 997.078
3906.428 1051.612
3907.607 937.189
3908.786 1199.094
3909.965 1026.578
3911.143 1070.091
3912.322 1083.361
3913.501 1012.189
3914.680 928.157
3915.859 960.746
3917.038 962.905
3918.216 916.201
3919.395 938.186
3920.574 975.874
3921.753 831.144
3922.932 897.568
3924.110 862.116
3925.289 829.614
3926.468 877.019
3927.647 878.813
3928.826 860.809
3930.005 843.916
3931.183 752.322
3932.362 742.987
3933.541 573.067
3934.720 761.229
3935.899 688.648
3937.077 615.195
3938.256 750.002
3939.435 836.327
3940.614 898.607
3941.793 989.492
3942.972 953.674
3944.150 909.318
3945.329 855.970
3946.508 1052.131
3947.687 1147.134
3948.866 953.681
3950.044 939.901
3951.223 962.259
3952.402 974.469
3953.581 907.452
3954.760 784.073
3955.939 797.417
3957.117 809.396
3958.296 754.772
3959.475 735.706
3960.654 782.238
3961.833 827.724
3963.011 680.269
3964.190 677.104
3965.369 835.488
3966.548 1151.001
3967.727 1560.651
3968.906 4500.234
3970.084 6466.496
3971.263 7252.295
3972.442 6913.009
3973.621 5587.323
3974.800 1834.215
3975.978 779.793
3977.157 842.805
3978.336 781.308
3979.515 766.618
3980.694 847.502
3981.873 791.496
3983.051 844.405
3984.230 876.729
3985.409 740.263
3986.588 704.566
3987.767 751.817
3988.945 856.739
3990.124 718.235
3991.303 692.841
3992.482 817.046
3993.661 845.269
3994.840 775.976
3996.018 755.762
3997.197 723.727
3998.376 818.752
3999.555 854.180
4000.734 832.233
4001.912 804.051
4003.091 834.540
4004.270 800.508
4005.449 837.139
4006.628 831.934
4007.807 874.977
4008.985 852.019
4010.164 792.568
4011.343 845.978
4012.522 929.578
4013.701 835.396
4014.879 809.024
4016.058 799.382
4017.237 800.365
4018.416 758.136
4019.595 841.941
4020.773 790.205
4021.952 821.765
4023.131 751.957
4024.310 801.162
4025.489 748.715
4026.668 889.073
4027.846 1342.624
4029.025 1374.173
4030.204 1142.600
4031.383 777.279
4032.562 726.061
4033.740 782.812
4034.919 799.378
4036.098 800.773
4037.277 744.429
4038.456 698.016
4039.635 773.684
4040.813 788.695
4041.992 824.973
4043.171 795.858
4044.350 771.034
4045.529 777.573
4046.707 822.472
4047.886 769.594
4049.065 835.905
4050.244 755.423
4051.423 747.348
4052.602 848.684
4053.780 772.317
4054.959 727.730
4056.138 809.950
4057.317 759.291
4058.496 826.781
4059.674 823.186
4060.853 766.844
4062.032 824.468
4063.211 822.036
4064.390 797.488
4065.569 839.822
4066.747 852.039
4067.926 832.598
4069.105 755.314
4070.284 814.643
4071.463 995.709
4072.641 843.745
4073.820 756.114
4074.999 781.667
4076.178 796.840
4077.357 793.354
4078.536 760.477
4079.714 818.477
4080.893 733.052
4082.072 748.098
4083.251 775.540
4084.430 774.962
4085.608 700.226
4086.787 711.816
4087.966 730.058
4089.145 760.773
4090.324 700.129
4091.503 651.037
4092.681 666.254
4093.860 636.748
4095.039 666.543
4096.218 644.950
4097.397 657.567
4098.575 709.493
4099.754 605.245
4100.933 771.919
4102.112 1479.413
4103.291 6018.067
4104.470 8684.512
4105.648 5774.084
4106.827 1532.008
4108.006 672.585
4109.185 702.058
4110.364 654.694
4111.542 630.145
4112.721 654.568
4113.900 595.471
4115.079 671.960
4116.258 725.423
4117.437 564.230
4118.615 677.808
4119.794 626.681
4120.973 616.644
4122.152 731.801
4123.331 678.021
4124.509 721.968
4125.688 614.032
4126.867 620.425
4128.046 650.068
4129.225 688.605
4130.404 607.091
4131.582 638.394
4132.761 628.827
4133.940 594.554
4135.119 714.468
4136.298 641.683
4137.476 636.256
4138.655 666.795
4139.834 630.397
4141.013 652.891
4142.192 650.368
4143.371 572.689
4144.549 618.744
4145.728 672.246
4146.907 703.444
4148.086 640.641
4149.265 528.349
4150.443 634.570
4151.622 648.946
4152.801 559.178
4153.980 635.328
4155.159 614.283
4156.338 683.812
4157.516 549.181
4158.695 674.248
4159.874 628.673
4161.053 642.471
4162.232 635.148
4163.410 626.729
4164.589 631.683
4165.768 604.303
4166.947 678.790
4168.126 730.165
4169.305 672.498
4170.483 665.147
4171.662 628.780
4172.841 623.329
4174.020 610.458
4175.199 591.463
4176.377 621.819
4177.556 536.221
4178.735 584.963
4179.914 601.130
4181.093 556.684
4182.271 595.992
4183.450 556.599
4184.629 612.793
4185.808 537.041
4186.987 566.444
4188.166 542.107
4189.344 608.173
4190.523 609.984
4191.702 558.225
4192.881 619.625
4194.060 582.466
4195.238 493.799
4196.417 586.534
4197.596 541.497
4198.775 542.104
4199.954 535.700
4201.133 567.155
4202.311 542.344
4203.490 590.044
4204.669 569.668
4205.848 520.674
4207.027 570.983
4208.205 550.461
4209.384 558.899
4210.563 579.575
4211.742 549.902
4212.921 548.915
4214.100 545.405
4215.278 505.329
4216.457 523.272
4217.636 541.004
4218.815 519.722
4219.994 495.665
4221.172 508.593
4222.351 530.586
4223.530 538.237
4224.709 524.593
4225.888 503.684
4227.067 496.781
4228.245 443.692
4229.424 489.986
4230.603 463.790
4231.782 506.554
4232.961 524.083
4234.139 496.485
4235.318 480.493
4236.497 605.619
4237.676 635.439
4238.855 610.664
4240.034 556.451
4241.212 538.284
4242.391 442.587
4243.570 491.769
4244.749 542.469
4245.928 529.178
4247.106 533.226
4248.285 512.175
4249.464 535.705
4250.643 482.393
4251.822 534.705
4253.001 515.566
4254.179 477.341
4255.358 454.521
4256.537 497.061
4257.716 481.980
4258.895 486.336
4260.073 451.950
4261.252 489.892
4262.431 493.676
4263.610 483.710
4264.789 515.626
4265.968 515.312
4267.146 569.740
4268.325 538.061
4269.504 528.243
4270.683 492.698
4271.862 512.206
4273.040 493.899
4274.219 488.574
4275.398 453.930
4276.577 490.295
4277.756 512.800
4278.935 534.290
4280.113 502.666
4281.292 470.466
4282.471 463.705
4283.650 437.124
4284.829 478.218
4286.007 462.446
4287.186 474.277
4288.365 464.930
4289.544 469.835
4290.723 484.045
4291.902 426.802
4293.080 537.381
4294.259 553.256
4295.438 427.555
4296.617 498.717
4297.796 456.282
4298.974 475.036
4300.153 467.117
4301.332 407.677
4302.511 446.916
4303.690 419.646
4304.869 412.826
4306.047 431.995
4307.226 484.638
4308.405 438.202
4309.584 491.557
4310.763 419.429
4311.941 464.092
4313.120 432.690
4314.299 480.503
4315.478 503.596
4316.657 463.491
4317.836 530.285
4319.014 485.527
4320.193 494.652
4321.372 463.174
4322.551 453.157
4323.730 399.027
4324.908 424.648
4326.087 411.513
4327.266 448.221
4328.445 455.326
4329.624 456.537
4330.803 457.196
4331.981 446.530
4333.160 461.344
4334.339 409.781
4335.518 487.728
4336.697 464.125
4337.875 424.538
4339.054 473.201
4340.233 659.570
4341.412 3324.999
4342.591 9715.185
4343.769 10740.985
4344.948 5663.897
4346.127 604.520
4347.306 610.047
4348.485 468.373
4349.664 465.652
4350.842 458.892
4352.021 431.117
4353.200 416.090
4354.379 392.197
4355.558 466.823
4356.736 444.887
4357.915 419.360
4359.094 437.330
4360.273 446.140
4361.452 433.158
4362.631 453.151
4363.809 750.210
4364.988 1808.066
4366.167 2613.360
4367.346 1840.211
4368.525 752.200
4369.703 507.712
4370.882 472.701
4372.061 437.209
4373.240 405.987
4374.419 437.904
4375.598 459.511
4376.776 425.421
4377.955 428.328
4379.134 450.466
4380.313 436.584
4381.492 429.107
4382.670 428.209
4383.849 421.058
4385.028 423.273
4386.207 440.445
4387.386 428.173
4388.565 382.497
4389.743 482.117
4390.922 530.250
4392.101 445.860
4393.280 395.631
4394.459 437.580
4395.637 399.839
4396.816 422.507
4397.995 436.008
4399.174 413.229
4400.353 449.433
4401.532 459.113
4402.710 432.263
4403.889 436.781
4405.068 434.921
4406.247 433.125
4407.426 440.807
4408.604 433.019
4409.783 445.123
4410.962 445.276
4412.141 439.136
4413.320 439.272
4414.499 471.770
4415.677 492.961
4416.856 434.524
4418.035 471.987
4419.214 486.706
4420.393 464.476
4421.571 422.149
4422.750 421.545
4423.929 406.064
4425.108 426.749
4426.287 436.950
4427.466 420.784
4428.644 420.948
4429.823 429.060
4431.002 439.621
4432.181 428.954
4433.360 430.412
4434.538 414.202
4435.717 388.528
4436.896 419.531
4438.075 459.843
4439.254 425.198
4440.433 468.597
4441.611 419.450
4442.790 425.391
4443.969 374.635
4445.148 388.182
4446.327 419.441
4447.505 392.356
4448.684 365.910
4449.863 383.243
4451.042 404.526
4452.221 386.379
4453.400 377.346
4454.578 360.594
4455.757 393.162
4456.936 419.960
4458.115 356.644
4459.294 427.927
4460.472 378.956
4461.651 385.149
4462.830 363.878
4464.009 334.476
4465.188 415.918
4466.367 397.337
4467.545 381.689
4468.724 330.377
4469.903 376.437
4471.082 386.646
4472.261 481.776
4473.439 929.350
4474.618 1180.613
4475.797 843.549
4476.976 436.070
4478.155 368.588
4479.334 369.515
4480.512 352.354
4481.691 374.343
4482.870 404.822
4484.049 387.045
4485.228 375.488
4486.406 378.495
4487.585 366.924
4488.764 330.450
4489.943 388.298
4491.122 412.781
4492.301 400.466
4493.479 399.776
4494.658 393.336
4495.837 378.561
4497.016 388.686
4498.195 356.139
4499.373 382.790
4500.552 388.406
4501.731 362.527
4502.910 381.508
4504.089 397.197
4505.267 403.400
4506.446 396.129
4507.625 368.221
4508.804 391.772
4509.983 405.756
4511.162 367.089
4512.340 396.585
4513.519 384.294
4514.698 349.484
4515.877 383.694
4517.056 387.724
4518.234 383.838
4519.413 374.896
4520.592 371.814
4521.771 417.343
4522.950 381.863
4524.129 388.044
4525.307 393.331
4526.486 373.743
4527.665 397.312
4528.844 396.590
4530.023 387.001
4531.201 394.629
4532.380 392.580
4533.559 387.718
4534.738 404.272
4535.917 388.019
4537.096 396.497
4538.274 415.455
4539.453 413.919
4540.632 413.455
4541.811 398.776
4542.990 436.356
4544.168 422.361
4545.347 399.072
4546.526 412.070
4547.705 408.474
4548.884 397.662
4550.063 383.593
4551.241 370.493
4552.420 365.121
4553.599 377.878
4554.778 364.327
4555.957 376.311
4557.135 371.467
4558.314 382.801
4559.493 396.135
4560.672 359.967
4561.851 362.021
4563.030 362.496
4564.208 380.442
4565.387 378.073
4566.566 368.507
4567.745 388.870
4568.924 379.788
4570.102 365.224
4571.281 369.910
4572.460 371.285
4573.639 372.038
4574.818 366.825
4575.997 387.948
4577.175 403.212
4578.354 387.743
4579.533 398.120
4580.712 383.687
4581.891 391.923
4583.069 394.448
4584.248 376.172
4585.427 382.508
4586.606 329.465
4587.785 377.771
4588.964 405.801
4590.142 402.728
4591.321 383.017
4592.500 342.192
4593.679 318.520
4594.858 358.925
4596.036 365.836
4597.215 356.160
4598.394 372.349
4599.573 408.570
4600.752 371.226
4601.931 328.770
4603.109 359.701
4604.288 366.603
4605.467 337.190
4606.646 340.471
4607.825 336.238
4609.003 385.410
4610.182 370.334
4611.361 364.633
4612.540 333.625
4613.719 360.646
4614.898 366.616
4616.076 367.334
4617.255 365.264
4618.434 316.575
4619.613 343.500
4620.792 368.293
4621.970 368.569
4623.149 380.151
4624.328 352.221
4625.507 373.426
4626.686 380.331
4627.865 389.127
4629.043 397.000
4630.222 369.875
4631.401 363.220
4632.580 378.428
4633.759 391.912
4634.937 364.809
4636.116 386.850
4637.295 396.373
4638.474 365.669
4639.653 343.252
4640.832 377.938
4642.010 378.404
4643.189 380.737
4644.368 395.347
4645.547 361.481
4646.726 352.916
4647.904 348.221
4649.083 355.346
4650.262 377.930
4651.441 386.828
4652.620 418.064
4653.799 421.018
4654.977 398.102
4656.156 403.239
4657.335 431.333
4658.514 396.162
4659.693 388.623
4660.871 418.125
4662.050 397.688
4663.229 414.401
4664.408 437.760
4665.587 370.585
4666.765 354.054
4667.944 363.598
4669.123 330.570
4670.302 346.077
4671.481 391.269
4672.660 422.228
4673.838 426.080
4675.017 446.121
4676.196 451.026
4677.375 459.652
4678.554 479.287
4679.732 487.940
4680.911 555.965
4682.090 578.139
4683.269 655.158
4684.448 678.071
4685.627 696.846
4686.805 695.182
4687.984 718.491
4689.163 684.394
4690.342 677.826
4691.521 623.781
4692.699 568.767
4693.878 569.986
4695.057 555.773
4696.236 510.999
4697.415 531.157
4698.594 478.181
4699.772 419.410
4700.951 430.889
4702.130 446.959
4703.309 419.617
4704.488 462.493
4705.666 403.972
4706.845 410.840
4708.024 415.558
4709.203 382.356
4710.382 414.855
4711.561 433.669
4712.739 559.810
4713.918 788.594
4715.097 800.498
4716.276 597.871
4717.455 482.213
4718.633 425.430
4719.812 400.490
4720.991 352.724
4722.170 312.291
4723.349 374.151
4724.528 377.380
4725.706 386.505
4726.885 376.571
4728.064 392.993
4729.243 364.535
4730.422 347.647
4731.600 372.789
4732.779 359.658
4733.958 371.599
4735.137 357.223
4736.316 328.789
4737.495 348.934
4738.673 386.409
4739.852 373.435
4741.031 384.472
4742.210 552.702
4743.389 658.856
4744.567 505.785
4745.746 356.336
4746.925 361.536
4748.104 369.501
4749.283 376.909
4750.462 361.636
4751.640 389.962
4752.819 357.662
4753.998 340.350
4755.177 377.370
4756.356 345.305
4757.534 363.543
4758.713 375.641
4759.892 326.436
4761.071 358.672
4762.250 323.172
4763.429 353.696
4764.607 369.697
4765.786 348.914
4766.965 337.957
4768.144 344.081
4769.323 359.855
4770.501 363.699
4771.680 396.919
4772.859 375.238
4774.038 392.885
4775.217 352.895
4776.396 349.976
4777.574 356.037
4778.753 364.356
4779.932 336.208
4781.111 324.603
4782.290 365.655
4783.468 390.060
4784.647 380.031
4785.826 346.274
4787.005 331.342
4788.184 350.531
4789.363 346.837
4790.541 380.186
4791.720 394.529
4792.899 363.937
4794.078 361.091
4795.257 369.305
4796.435 367.252
4797.614 337.443
4798.793 365.249
4799.972 346.786
4801.151 352.498
4802.330 372.759
4803.508 370.424
4804.687 356.738
4805.866 337.619
4807.045 385.966
4808.224 335.384
4809.402 337.295
4810.581 310.947
4811.760 341.331
4812.939 344.135
4814.118 333.727
4815.296 358.725
4816.475 351.932
4817.654 374.904
4818.833 354.390
4820.012 356.289
4821.191 386.545
4822.369 355.193
4823.548 371.315
4824.727 377.026
4825.906 378.061
4827.085 363.011
4828.263 358.331
4829.442 367.171
4830.621 351.388
4831.800 364.929
4832.979 363.728
4834.158 352.012
4835.336 354.018
4836.515 356.049
4837.694 330.176
4838.873 332.315
4840.052 360.634
4841.230 357.213
4842.409 367.270
4843.588 366.501
4844.767 352.553
4845.946 348.499
4847.125 380.863
4848.303 370.198
4849.482 323.871
4850.661 323.726
4851.840 367.770
4853.019 388.868
4854.197 342.975
4855.376 328.054
4856.555 357.753
4857.734 363.269
4858.913 351.363
4860.092 401.720
4861.270 680.724
4862.449 5031.832
4863.628 17508.555
4864.807 19713.691
4865.986 9125.277
4867.164 1349.417
4868.343 432.001
4869.522 450.022
4870.701 376.929
4871.880 356.885
4873.059 362.674
4874.237 350.208
4875.416 338.017
4876.595 346.601
4877.774 343.813
4878.953 349.293
4880.131 350.432
4881.310 366.099
4882.489 378.293
4883.668 352.519
4884.847 355.216
4886.026 357.920
4887.204 336.242
4888.383 351.628
4889.562 356.719
4890.741 351.693
4891.920 331.057
4893.098 333.023
4894.277 349.230
4895.456 325.907
4896.635 347.939
4897.814 353.146
4898.993 340.289
4900.171 313.528
4901.350 356.344
4902.529 361.234
4903.708 368.586
4904.887 374.770
4906.065 348.147
4907.244 330.217
4908.423 369.226
4909.602 331.989
4910.781 345.759
4911.960 340.180
4913.138 343.009
4914.317 356.269
4915.496 347.776
4916.675 354.531
4917.854 346.459
4919.032 324.832
4920.211 344.291
4921.390 362.538
4922.569 376.765
4923.748 463.808
4924.927 566.975
4926.105 508.995
4927.284 375.036
4928.463 366.163
4929.642 356.480
4930.821 330.811
4931.999 352.797
4933.178 365.881
4934.357 358.361
4935.536 353.535
4936.715 361.540
4937.894 342.650
4939.072 340.611
4940.251 362.118
4941.430 362.110
4942.609 332.618
4943.788 328.139
4944.966 328.259
4946.145 326.020
4947.324 360.872
4948.503 358.904
4949.682 363.972
4950.861 349.343
4952.039 382.975
4953.218 365.178
4954.397 371.043
4955.576 408.496
4956.755 300.761
4957.933 747.912
4959.112 -100.034
4960.291 15551.931
4961.470 40283.967
4962.649 40013.254
4963.828 16969.759
4965.006 -135.891
4966.185 947.017
4967.364 365.719
4968.543 442.631
4969.722 412.885
4970.900 401.993
4972.079 362.980
4973.258 390.552
4974.437 360.138
4975.616 378.991
4976.794 373.048
4977.973 357.551
4979.152 384.312
4980.331 368.634
4981.510 349.890
4982.689 368.589
4983.867 393.833
4985.046 364.050
4986.225 358.425
4987.404 398.101
4988.583 420.248
4989.761 419.760
4990.940 420.247
4992.119 434.155
4993.298 401.599
4994.477 392.484
4995.656 408.331
4996.834 396.597
4998.013 412.765
4999.192 379.503
5000.371 366.806
5001.550 410.720
5002.728 447.658
5003.907 365.070
5005.086 753.653
5006.265 -249.217
5007.444 7493.742
5008.623 67871.241
5009.801 128803.062
5010.980 105287.490
5012.159 19687.146
5013.338 1244.306
5014.517 822.933
5015.695 410.589
5016.874 501.074
5018.053 688.072
5019.232 790.691
5020.411 565.992
5021.590 392.877
5022.768 368.526
5023.947 389.526
5025.126 356.881
5026.305 360.594
5027.484 360.463
5028.662 321.958
5029.841 336.228
5031.020 356.150
5032.199 349.029
5033.378 333.292
5034.557 336.950
5035.735 333.597
5036.914 342.128
5038.093 375.355
5039.272 323.270
5040.451 315.622
5041.629 330.077
5042.808 340.963
5043.987 345.193
5045.166 346.707
5046.345 292.844
5047.524 337.395
5048.702 344.717
5049.881 350.133
5051.060 350.568
5052.239 330.670
5053.418 308.390
5054.596 322.028
5055.775 308.284
5056.954 315.681
5058.133 348.531
5059.312 318.313
5060.491 286.305
5061.669 308.274
5062.848 329.237
5064.027 325.960
5065.206 310.287
5066.385 299.953
5067.563 306.839
5068.742 320.618
5069.921 317.139
5071.100 309.683
5072.279 326.560
5073.458 310.530
5074.636 307.487
5075.815 289.495
5076.994 302.186
5078.173 303.998
5079.352 275.416
5080.530 305.043
5081.709 305.332
5082.888 305.415
5084.067 303.528
5085.246 284.337
5086.425 307.583
5087.603 312.167
5088.782 343.825
5089.961 324.941
5091.140 301.692
5092.319 311.134
5093.497 293.117
5094.676 307.089
5095.855 294.909
5097.034 285.263
5098.213 284.737
5099.392 289.536
5100.570 311.069
5101.749 270.768
5102.928 280.180
5104.107 268.393
5105.286 281.086
5106.464 276.100
5107.643 284.027
5108.822 273.292
5110.001 297.496
5111.180 305.962
5112.359 300.118
5113.537 291.093
5114.716 281.848
5115.895 289.447
5117.074 285.724
5118.253 324.273
5119.431 323.144
5120.610 273.845
5121.789 268.119
5122.968 270.583
5124.147 288.096
5125.326 305.125
5126.504 287.611
5127.683 284.064
5128.862 290.672
5130.041 321.625
5131.220 303.866
5132.398 311.686
5133.577 277.794
5134.756 278.001
5135.935 280.130
5137.114 284.903
5138.292 293.868
5139.471 263.241
5140.650 289.354
5141.829 268.245
5143.008 291.629
5144.187 282.496
5145.365 275.907
5146.544 295.075
5147.723 301.024
5148.902 312.061
5150.081 298.867
5151.259 288.501
5152.438 298.360
5153.617 293.438
5154.796 291.705
5155.975 271.632
5157.154 298.328
5158.332 316.769
5159.511 287.525
5160.690 303.018
5161.869 309.137
5163.048 300.976
5164.226 264.885
5165.405 283.862
5166.584 263.017
5167.763 272.549
5168.942 304.011
5170.121 282.889
5171.299 270.589
5172.478 272.378
5173.657 278.855
5174.836 300.447
5176.015 282.191
5177.193 255.795
5178.372 266.297
5179.551 267.412
5180.730 276.366
5181.909 281.931
5183.088 265.917
5184.266 252.231
5185.445 241.302
5186.624 321.083
5187.803 312.183
5188.982 274.713
5190.160 285.155
5191.339 296.181
5192.518 248.561
5193.697 246.670
5194.876 297.962
5196.055 348.083
5197.233 641.838
5198.412 842.605
5199.591 763.173
5200.770 613.122
5201.949 470.509
5203.127 346.157
5204.306 295.051
5205.485 290.739
5206.664 284.236
5207.843 287.098
5209.022 277.510
5210.200 265.841
5211.379 262.131
5212.558 268.328
5213.737 315.551
5214.916 271.993
5216.094 254.509
5217.273 284.835
5218.452 292.349
5219.631 286.060
5220.810 308.270
5221.989 281.109
5223.167 278.146
5224.346 293.077
5225.525 293.432
5226.704 285.817
5227.883 272.431
5229.061 240.059
5230.240 250.450
5231.419 287.290
5232.598 282.248
5233.777 269.896
5234.956 264.677
5236.134 248.338
5237.313 244.905
5238.492 314.273
5239.671 321.731
5240.850 290.027
5242.028 282.818
5243.207 253.168
5244.386 273.073
5245.565 263.363
5246.744 252.416
5247.923 278.712
5249.101 300.274
5250.280 282.082
5251.459 252.955
5252.638 269.801
5253.817 296.483
5254.995 286.504
5256.174 304.778
5257.353 311.872
5258.532 254.820
5259.711 243.915
5260.890 269.269
5262.068 275.515
5263.247 278.765
5264.426 230.039
5265.605 267.399
5266.784 254.609
5267.962 239.435
5269.141 258.745
5270.320 267.131
5271.499 298.055
5272.678 262.226
5273.857 281.367
5275.035 347.120
5276.214 293.087
5277.393 277.717
5278.572 266.346
5279.751 282.727
5280.929 268.256
5282.108 253.470
5283.287 262.982
5284.466 234.467
5285.645 264.694
5286.824 266.839
5288.002 265.505
5289.181 261.164
5290.360 253.314
5291.539 266.412
5292.718 227.966
5293.896 252.081
5295.075 268.857
5296.254 233.981
5297.433 248.926
5298.612 282.401
5299.790 280.347
5300.969 252.874
5302.148 259.230
5303.327 287.982
5304.506 283.471
5305.685 274.915
5306.863 278.060
5308.042 272.016
5309.221 269.528
5310.400 277.604
5311.579 274.071
5312.757 259.723
5313.936 270.148
5315.115 243.056
5316.294 259.011
5317.473 256.698
5318.652 276.646
5319.830 259.954
5321.009 258.724
5322.188 263.933
5323.367 249.667
5324.546 276.409
5325.724 265.477
5326.903 241.403
5328.082 274.878
5329.261 340.394
5330.440 389.917
5331.619 362.496
5332.797 285.157
5333.976 257.118
5335.155 265.781
5336.334 260.819
5337.513 280.384
5338.691 254.905
5339.870 232.413
5341.049 265.830
5342.228 275.463
5343.407 250.199
5344.586 259.328
5345.764 257.918
5346.943 258.671
5348.122 255.474
5349.301 252.146
5350.480 246.372
5351.658 265.381
5352.837 264.686
5354.016 266.209
5355.195 272.128
5356.374 243.532
5357.553 243.674
5358.731 252.386
5359.910 248.192
5361.089 264.545
5362.268 247.990
5363.447 240.582
5364.625 262.074
5365.804 252.860
5366.983 260.018
5368.162 273.157
5369.341 235.918
5370.520 211.224
5371.698 237.373
5372.877 260.784
5374.056 259.658
5375.235 264.140
5376.414 263.315
5377.592 240.328
5378.771 238.864
5379.950 234.663
5381.129 228.869
5382.308 259.951
5383.487 246.909
5384.665 240.612
5385.844 226.353
5387.023 245.100
5388.202 255.231
5389.381 231.911
5390.559 223.823
5391.738 246.715
5392.917 241.304
5394.096 238.995
5395.275 246.745
5396.454 241.288
5397.632 254.233
5398.811 242.744
5399.990 236.645
5401.169 250.759
5402.348 229.740
5403.526 222.315
5404.705 248.161
5405.884 242.778
5407.063 233.009
5408.242 229.310
5409.421 247.714
5410.599 273.087
5411.778 239.461
5412.957 248.383
5414.136 270.498
5415.315 258.612
5416.493 274.274
5417.672 278.035
5418.851 262.253
5420.030 242.564
5421.209 267.443
5422.388 288.592
5423.566 257.970
5424.745 227.619
5425.924 241.295
5427.103 249.853
5428.282 216.095
5429.460 232.039
5430.639 237.781
5431.818 201.884
5432.997 236.176
5434.176 245.964
5435.355 250.856
5436.533 250.955
5437.712 259.382
5438.891 247.911
5440.070 229.839
5441.249 223.682
5442.427 220.067
5443.606 216.980
5444.785 217.629
5445.964 237.130
5447.143 241.725
5448.322 231.665
5449.500 239.008
5450.679 225.321
5451.858 230.249
5453.037 251.576
5454.216 218.872
5455.394 216.227
5456.573 238.559
5457.752 236.099
5458.931 231.460
5460.110 232.296
5461.288 224.006
5462.467 231.800
5463.646 213.752
5464.825 221.575
5466.004 218.825
5467.183 225.119
5468.361 238.389
5469.540 224.291
5470.719 224.090
5471.898 221.343
5473.077 225.194
5474.255 218.236
5475.434 211.964
5476.613 229.878
5477.792 207.012
5478.971 225.621
5480.150 224.416
5481.328 240.427
5482.507 224.585
5483.686 224.425
5484.865 246.575
5486.044 238.223
5487.222 222.357
5488.401 231.723
5489.580 241.707
5490.759 228.568
5491.938 220.683
5493.117 235.314
5494.295 233.367
5495.474 219.233
5496.653 228.998
5497.832 241.883
5499.011 240.147
5500.189 241.589
5501.368 220.934
5502.547 215.894
5503.726 220.215
5504.905 232.065
5506.084 222.155
5507.262 214.719
5508.441 219.931
5509.620 245.870
5510.799 248.285
5511.978 229.920
5513.156 239.859
5514.335 249.976
5515.514 242.936
5516.693 247.518
5517.872 255.345
5519.051 234.848
5520.229 272.123
5521.408 252.893
5522.587 245.626
5523.766 227.482
5524.945 225.407
5526.123 232.151
5527.302 240.206
5528.481 220.978
5529.660 242.157
5530.839 261.086
5532.018 243.937
5533.196 233.964
5534.375 231.093
5535.554 221.815
5536.733 203.811
5537.912 203.005
5539.090 216.493
5540.269 261.797
5541.448 286.453
5542.627 264.493
5543.806 280.292
5544.985 276.781
5546.163 265.666
5547.342 225.558
5548.521 217.829
5549.700 217.845
5550.879 243.530
5552.057 237.142
5553.236 217.249
5554.415 230.238
5555.594 232.037
5556.773 237.718
5557.952 232.559
5559.130 212.867
5560.309 204.885
5561.488 216.910
5562.667 252.038
5563.846 294.603
5565.024 254.736
5566.203 213.114
5567.382 205.196
5568.561 220.617
5569.740 230.657
5570.919 217.218
5572.097 196.210
5573.276 324.591
5574.455 -94.770
5575.634 2617.637
5576.813 8903.017
5577.991 10760.391
5579.170 6256.717
5580.349 522.180
5581.528 307.731
5582.707 215.373
5583.886 227.666
5585.064 211.431
5586.243 201.855
5587.422 217.499
5588.601 241.004
5589.780 268.715
5590.958 229.990
5592.137 209.388
5593.316 217.265
5594.495 213.707
5595.674 220.258
5596.853 229.323
5598.031 241.843
5599.210 239.775
5600.389 214.938
5601.568 246.878
5602.747 199.320
5603.925 234.123
5605.104 267.154
5606.283 274.713
5607.462 238.874
5608.641 225.134
5609.820 226.503
5610.998 211.335
5612.177 201.807
5613.356 213.072
5614.535 216.379
5615.714 216.361
5616.892 215.217
5618.071 220.808
5619.250 226.089
5620.429 197.527
5621.608 225.651
5622.786 244.582
5623.965 230.751
5625.144 244.909
5626.323 212.225
5627.502 214.802
5628.681 213.823
5629.859 219.576
5631.038 225.228
5632.217 213.025
5633.396 228.079
5634.575 226.545
5635.753 225.543
5636.932 248.610
5638.111 235.563
5639.290 226.686
5640.469 228.277
5641.648 219.113
5642.826 190.610
5644.005 217.923
5645.184 239.760
5646.363 237.145
5647.542 222.957
5648.720 213.131
5649.899 216.103
5651.078 214.228
5652.257 205.241
5653.436 206.274
5654.615 204.451
5655.793 191.640
5656.972 205.277
5658.151 213.142
5659.330 200.332
5660.509 226.956
5661.687 220.947
5662.866 224.405
5664.045 232.613
5665.224 225.541
5666.403 217.577
5667.582 219.948
5668.760 241.345
5669.939 236.625
5671.118 234.692
5672.297 225.049
5673.476 199.797
5674.654 215.208
5675.833 220.710
5677.012 214.736
5678.191 229.846
5679.370 212.398
5680.549 231.687
5681.727 241.440
5682.906 223.904
5684.085 239.462
5685.264 219.906
5686.443 230.651
5687.621 220.689
5688.800 222.324
5689.979 240.354
5691.158 226.300
5692.337 235.041
5693.516 231.457
5694.694 235.897
5695.873 246.270
5697.052 235.005
5698.231 250.824
5699.410 235.758
5700.588 219.078
5701.767 219.784
5702.946 211.893
5704.125 216.249
5705.304 231.429
5706.483 225.805
5707.661 232.153
5708.840 216.116
5710.019 200.866
5711.198 210.165
5712.377 231.320
5713.555 233.904
5714.734 225.302
5715.913 228.103
5717.092 226.762
5718.271 221.168
5719.450 222.748
5720.628 214.146
5721.807 234.313
5722.986 211.814
5724.165 202.484
5725.344 226.711
5726.522 208.311
5727.701 213.664
5728.880 214.231
5730.059 206.954
5731.238 192.105
5732.417 191.856
5733.595 196.590
5734.774 197.813
5735.953 211.004
5737.132 221.107
5738.311 213.516
5739.489 192.937
5740.668 201.044
5741.847 188.331
5743.026 204.350
5744.205 218.774
5745.384 216.124
5746.562 196.345
5747.741 217.199
5748.920 212.668
5750.099 221.252
5751.278 214.573
5752.456 202.894
5753.635 208.597
5754.814 211.908
5755.993 204.663
5757.172 197.372
5758.351 227.613
5759.529 224.255
5760.708 212.522
5761.887 222.002
5763.066 181.938
5764.245 191.863
5765.423 208.672
5766.602 230.701
5767.781 215.233
5768.960 195.535
5770.139 216.783
5771.318 212.063
5772.496 194.641
5773.675 205.519
5774.854 213.980
5776.033 211.154
5777.212 204.118
5778.390 206.982
5779.569 202.665
5780.748 194.237
5781.927 194.350
5783.106 192.747
5784.284 205.094
5785.463 195.274
5786.642 211.499
5787.821 198.414
5789.000 197.542
5790.179 205.487
5791.357 198.859
5792.536 194.434
5793.715 206.367
5794.894 225.097
5796.073 215.690
5797.251 210.165
5798.430 213.255
5799.609 210.144
5800.788 210.160
5801.967 204.940
5803.146 220.253
5804.324 218.316
5805.503 231.905
5806.682 227.784
5807.861 203.914
5809.040 189.757
5810.218 206.604
5811.397 224.210
5812.576 213.482
5813.755 225.448
5814.934 243.135
5816.113 216.961
5817.291 215.799
5818.470 205.354
5819.649 203.791
5820.828 230.475
5822.007 216.452
5823.185 211.898
5824.364 202.999
5825.543 215.468
5826.722 218.746
5827.901 214.204
5829.080 221.231
5830.258 207.477
5831.437 194.288
5832.616 210.787
5833.795 210.122
5834.974 195.240
5836.152 199.479
5837.331 236.914
5838.510 215.091
5839.689 204.680
5840.868 220.471
5842.047 217.367
5843.225 202.646
5844.404 216.292
5845.583 196.434
5846.762 182.472
5847.941 205.572
5849.119 214.133
5850.298 208.774
5851.477 217.552
5852.656 232.164
5853.835 222.405
5855.014 200.040
5856.192 211.080
5857.371 188.448
5858.550 196.563
5859.729 192.878
5860.908 208.747
5862.086 227.008
5863.265 225.015
5864.444 230.359
5865.623 294.374
5866.802 336.213
5867.981 318.672
5869.159 290.994
5870.338 251.641
5871.517 229.755
5872.696 240.208
5873.875 238.046
5875.053 235.637
5876.232 245.140
5877.411 669.803
5878.590 1434.640
5879.769 1635.715
5880.948 877.335
5882.126 345.173
5883.305 263.144
5884.484 237.889
5885.663 239.691
5886.842 254.588
5888.020 588.214
5889.199 1195.434
5890.378 1337.971
5891.557 947.881
5892.736 375.308
5893.915 382.434
5895.093 742.210
5896.272 910.350
5897.451 628.023
5898.630 334.138
5899.809 232.416
5900.987 212.508
5902.166 225.136
5903.345 225.121
5904.524 235.237
5905.703 244.563
5906.882 241.242
5908.060 248.394
5909.239 216.214
5910.418 212.513
5911.597 232.817
5912.776 215.479
5913.954 280.140
5915.133 336.111
5916.312 316.929
5917.491 254.259
5918.670 208.811
5919.849 228.917
5921.027 208.849
5922.206 210.853
5923.385 241.477
5924.564 251.653
5925.743 250.425
5926.921 228.374
5928.100 234.011
5929.279 216.495
5930.458 224.238
5931.637 296.193
5932.815 366.016
5933.994 337.419
5935.173 274.689
5936.352 208.083
5937.531 213.172
5938.710 230.713
5939.888 213.218
5941.067 197.029
5942.246 207.835
5943.425 234.205
5944.604 230.304
5945.782 239.807
5946.961 245.608
5948.140 228.813
5949.319 203.622
5950.498 212.044
5951.677 232.926
5952.855 307.067
5954.034 344.692
5955.213 292.989
5956.392 224.138
5957.571 208.648
5958.749 238.582
5959.928 231.567
5961.107 204.496
5962.286 215.795
5963.465 208.025
5964.644 201.143
5965.822 216.309
5967.001 208.962
5968.180 220.907
5969.359 237.171
5970.538 235.034
5971.716 231.146
5972.895 231.127
5974.074 231.109
