5329.969 1960.270
5331.022 1885.536
5332.075 1543.557
5333.128 1356.486
5334.181 1286.808
5335.234 1344.820
5336.287 1300.635
5337.340 1397.289
5338.393 1311.953
5339.446 1289.807
5340.499 1209.025
5341.552 1269.921
5342.605 1254.886
5343.658 1192.019
5344.711 1216.100
5345.764 1271.757
5346.817 1283.614
5347.870 1252.086
5348.923 1238.881
5349.976 1349.584
5351.029 1329.651
5352.082 1347.268
5353.135 1306.544
5354.188 1336.275
5355.241 1317.647
5356.294 1337.349
5357.347 1226.530
5358.400 1159.838
5359.453 1298.711
5360.506 1321.715
5361.559 1280.004
5362.612 1290.824
5363.665 1308.415
5364.718 1303.641
5365.771 1312.380
5366.824 1289.684
5367.877 1236.729
5368.930 1252.856
5369.983 1256.752
5371.036 1240.587
5372.089 1260.566
5373.142 1143.041
5374.195 1295.012
5375.248 1317.268
5376.301 1259.530
5377.354 1272.017
5378.407 1158.985
5379.460 1273.378
5380.513 1331.767
5381.566 1280.597
5382.619 1250.763
5383.672 1209.087
5384.725 1257.467
5385.778 1199.843
5386.831 1153.498
5387.884 1401.581
5388.937 1263.999
5389.990 1252.893
5391.043 1263.048
5392.097 1200.210
5393.150 1248.706
5394.203 1086.980
5395.256 1162.524
5396.309 1261.371
5397.362 1188.889
5398.415 1224.253
5399.468 1217.531
5400.521 1329.499
5401.574 1192.546
5402.627 1270.033
5403.680 1091.881
5404.733 1277.876
5405.786 1060.629
5406.839 1160.241
5407.892 1147.979
5408.945 1139.188
5409.998 1142.261
5411.051 1101.225
5412.104 1276.376
5413.157 1197.585
5414.210 1290.035
5415.263 1257.113
5416.316 1205.558
5417.369 1189.451
5418.422 1190.545
5419.475 1179.111
5420.528 1212.199
5421.581 1187.932
5422.634 1167.052
5423.687 1254.112
5424.740 1255.367
5425.793 1339.598
5426.846 1048.757
5427.899 1189.010
5428.952 1236.584
5430.005 1279.643
5431.058 1174.324
5432.111 1126.856
5433.164 1239.732
5434.217 1286.628
5435.270 1296.965
5436.323 1312.002
5437.376 1321.781
5438.429 1224.397
5439.482 1132.533
5440.535 1240.013
5441.588 1181.457
5442.641 1176.331
5443.694 1180.949
5444.747 1147.911
5445.800 1170.889
5446.853 1108.760
5447.906 1076.648
5448.959 1146.995
5450.012 1339.934
5451.065 1155.465
5452.118 1162.583
5453.171 1223.333
5454.224 1211.722
5455.277 1074.178
5456.330 1150.286
5457.383 1186.643
5458.436 1160.478
5459.489 1227.635
5460.542 1213.951
5461.595 1182.028
5462.648 1208.243
5463.701 1135.602
5464.754 1237.218
5465.807 1180.236
5466.860 1144.672
5467.913 1213.212
5468.966 1248.845
5470.019 1215.599
5471.072 1127.419
5472.125 1172.978
5473.178 1200.450
5474.231 1208.161
5475.285 1202.808
5476.338 1141.014
5477.391 1208.277
5478.444 1178.017
5479.497 1152.513
5480.550 1165.029
5481.603 1198.282
5482.656 1245.687
5483.709 1192.591
5484.762 1138.216
5485.815 1131.097
5486.868 1071.358
5487.921 1170.539
5488.974 1205.007
5490.027 1333.042
5491.080 1270.657
5492.133 992.516
5493.186 1159.557
5494.239 1150.366
5495.292 1202.518
5496.345 1170.618
5497.398 1144.392
5498.451 1197.269
5499.504 1138.729
5500.557 1101.239
5501.610 1101.413
5502.663 1093.993
5503.716 1185.989
5504.769 1086.990
5505.822 1198.243
5506.875 1120.788
5507.928 1115.721
5508.981 1202.263
5510.034 1141.472
5511.087 1174.876
5512.140 1148.807
5513.193 1195.020
5514.246 1076.134
5515.299 1131.767
5516.352 1132.122
5517.405 1101.008
5518.458 1230.033
5519.511 1181.802
5520.564 1664.473
5521.617 1518.632
5522.670 1242.154
5523.723 1161.626
5524.776 1112.125
5525.829 1122.950
5526.882 1168.658
5527.935 1051.617
5528.988 1000.947
5530.041 1120.099
5531.094 1087.362
5532.147 1159.363
5533.200 974.667
5534.253 1094.114
5535.306 1023.649
5536.359 977.975
5537.412 1056.308
5538.465 1081.853
5539.518 1190.746
5540.571 1469.561
5541.624 1558.398
5542.677 1331.696
5543.730 1210.236
5544.783 1296.334
5545.836 1227.882
5546.889 1156.689
5547.942 1179.032
5548.995 1140.586
5550.048 1161.913
5551.101 1254.016
5552.154 1211.214
5553.207 1117.773
5554.260 1114.672
5555.313 1160.317
5556.366 1115.726
5557.419 1246.451
5558.473 1082.128
5559.526 1141.250
5560.579 1166.141
5561.632 1138.970
5562.685 1160.453
5563.738 1336.148
5564.791 1386.095
5565.844 1288.650
5566.897 1096.504
5567.950 1136.521
5569.003 1110.628
5570.056 1243.440
5571.109 1142.981
5572.162 1130.448
5573.215 1021.032
5574.268 1513.098
5575.321 2571.392
5576.374 24042.440
5577.427 44709.596
5578.480 34954.303
5579.533 5067.203
5580.586 1306.942
5581.639 1162.763
5582.692 1155.424
5583.745 1087.530
5584.798 1123.198
5585.851 1115.936
5586.904 1058.205
5587.957 1155.533
5589.010 1267.078
5590.063 1236.488
5591.116 969.329
5592.169 1008.508
5593.222 1092.038
5594.275 1063.794
5595.328 1109.592
5596.381 1158.309
5597.434 1239.933
5598.487 1085.604
5599.540 1109.563
5600.593 1067.818
5601.646 1064.917
5602.699 1031.581
5603.752 1081.975
5604.805 1266.335
5605.858 1332.391
5606.911 1187.230
5607.964 1137.133
5609.017 1210.692
5610.070 1174.154
5611.123 1157.087
5612.176 1088.085
5613.229 1092.476
5614.282 1121.589
5615.335 1101.488
5616.388 1146.770
5617.441 1093.977
5618.494 1111.769
5619.547 1064.501
5620.600 987.569
5621.653 1041.728
5622.706 1118.786
5623.759 1276.369
5624.812 1246.701
5625.865 1094.878
5626.918 1029.868
5627.971 1082.077
5629.024 1106.690
5630.077 1063.551
5631.130 1151.214
5632.183 1126.762
5633.236 1098.316
5634.289 999.264
5635.342 1052.342
5636.395 1097.664
5637.448 1063.812
5638.501 1080.740
5639.554 1114.138
5640.608 1186.749
5641.661 1036.459
5642.714 977.165
5643.767 976.834
5644.820 1125.286
5645.873 1149.878
5646.926 1145.762
5647.979 1064.353
5649.032 1105.405
5650.085 1051.197
5651.138 1093.473
5652.191 985.749
5653.244 1057.651
5654.297 1077.410
5655.350 1050.523
5656.403 1074.440
5657.456 1074.228
5658.509 1062.371
5659.562 940.125
5660.615 1053.234
5661.668 1048.024
5662.721 1054.057
5663.774 1011.231
5664.827 1153.506
5665.880 1078.642
5666.933 1049.058
5667.986 1076.432
5669.039 1051.114
5670.092 1132.252
5671.145 988.566
5672.198 1024.733
5673.251 1147.605
5674.304 1052.898
5675.357 1024.328
5676.410 1026.074
5677.463 1113.041
5678.516 1073.060
5679.569 1094.538
5680.622 1162.320
5681.675 1047.512
5682.728 1142.959
5683.781 1036.538
5684.834 1134.482
5685.887 1153.313
5686.940 994.574
5687.993 1000.368
5689.046 1094.920
5690.099 1135.637
5691.152 1118.186
5692.205 1068.529
5693.258 1179.182
5694.311 1057.753
5695.364 1037.943
5696.417 1103.488
5697.470 1030.669
5698.523 1172.721
5699.576 1062.176
5700.629 1091.378
5701.682 1004.401
5702.735 1103.845
5703.788 1024.970
5704.841 1182.390
5705.894 1052.522
5706.947 1058.727
5708.000 1076.717
5709.053 1124.464
5710.106 1067.177
5711.159 1063.071
5712.212 999.909
5713.265 1045.107
5714.318 1016.131
5715.371 1046.616
5716.424 1085.507
5717.477 1074.872
5718.530 1070.084
5719.583 1104.753
5720.636 1072.904
5721.689 1016.873
5722.742 1057.198
5723.796 1028.325
5724.849 1076.666
5725.902 1054.052
5726.955 1119.546
5728.008 987.407
5729.061 1093.876
5730.114 1024.390
5731.167 1027.753
5732.220 1011.017
5733.273 1067.610
5734.326 1079.938
5735.379 1059.593
5736.432 1039.463
5737.485 1020.287
5738.538 1058.994
5739.591 1055.807
5740.644 1033.302
5741.697 1087.660
5742.750 1078.124
5743.803 1080.347
5744.856 1000.460
5745.909 1045.327
5746.962 940.581
5748.015 1013.394
5749.068 988.907
5750.121 980.818
5751.174 1005.955
5752.227 1001.788
5753.280 1061.362
5754.333 953.951
5755.386 1026.846
5756.439 1120.242
5757.492 1162.368
5758.545 1127.341
5759.598 1031.531
5760.651 1034.445
5761.704 1046.973
5762.757 1003.899
5763.810 1041.877
5764.863 1091.234
5765.916 1050.509
5766.969 961.569
5768.022 1025.624
5769.075 1004.951
5770.128 1026.834
5771.181 956.143
5772.234 1001.315
5773.287 1054.201
5774.340 1073.979
5775.393 941.692
5776.446 1027.471
5777.499 996.116
5778.552 998.557
5779.605 945.692
5780.658 944.928
5781.711 951.124
5782.764 965.458
5783.817 974.025
5784.870 986.151
5785.923 960.644
5786.976 978.943
5788.029 1079.060
5789.082 1055.415
5790.135 1006.813
5791.188 1072.127
5792.241 1102.601
5793.294 1017.313
5794.347 1018.308
5795.400 1014.917
5796.453 986.549
5797.506 1001.035
5798.559 936.981
5799.612 1020.026
5800.665 1070.983
5801.718 1103.676
5802.771 987.027
5803.824 998.855
5804.877 1010.366
5805.931 919.870
5806.984 989.374
5808.037 990.174
5809.090 1024.170
5810.143 1110.375
5811.196 1079.211
5812.249 1017.649
5813.302 1015.237
5814.355 973.115
5815.408 1056.866
5816.461 1025.029
5817.514 979.490
5818.567 1011.264
5819.620 965.334
5820.673 946.780
5821.726 974.833
5822.779 1005.982
5823.832 991.640
5824.885 1047.638
5825.938 1042.064
5826.991 945.868
5828.044 1050.660
5829.097 1008.884
5830.150 1002.568
5831.203 1044.214
5832.256 1074.800
5833.309 1099.271
5834.362 998.864
5835.415 1039.878
5836.468 978.707
5837.521 978.290
5838.574 1028.686
5839.627 992.369
5840.680 970.616
5841.733 979.057
5842.786 1017.879
5843.839 992.218
5844.892 980.694
5845.945 949.382
5846.998 1055.788
5848.051 922.413
5849.104 1046.361
5850.157 952.994
5851.210 987.563
5852.263 943.475
5853.316 1032.195
5854.369 925.645
5855.422 969.749
5856.475 981.499
5857.528 908.542
5858.581 995.351
5859.634 978.511
5860.687 964.697
5861.740 956.877
5862.793 990.835
5863.846 1066.754
5864.899 1263.944
5865.952 1410.383
5867.005 1483.390
5868.058 1528.293
5869.111 1354.803
5870.164 1068.809
5871.217 1047.148
5872.270 1098.458
5873.323 1119.062
5874.376 1029.678
5875.429 1078.211
5876.482 980.590
5877.535 4325.968
5878.588 12123.430
5879.641 13752.564
5880.694 5677.691
5881.747 1224.851
5882.800 1065.587
5883.853 1011.127
5884.906 959.108
5885.959 991.676
5887.012 1445.116
5888.065 2084.355
5889.119 4651.665
5890.172 5699.443
5891.225 4313.138
5892.278 1203.038
5893.331 1102.596
5894.384 1794.487
5895.437 3406.638
5896.490 3717.234
5897.543 2332.544
5898.596 839.295
5899.649 925.462
5900.702 970.578
5901.755 921.425
5902.808 989.854
5903.861 1055.507
5904.914 969.855
5905.967 1024.183
5907.020 1189.930
5908.073 1156.866
5909.126 928.713
5910.179 1011.744
5911.232 1030.692
5912.285 953.972
5913.338 1010.438
5914.391 1371.277
5915.444 1521.235
5916.497 1357.140
5917.550 1087.299
5918.603 913.475
5919.656 954.536
5920.709 955.413
5921.762 1032.671
5922.815 998.725
5923.868 1183.807
5924.921 1290.320
5925.974 1125.993
5927.027 1005.471
5928.080 891.904
5929.133 976.356
5930.186 986.468
5931.239 1044.161
5932.292 1514.703
5933.345 1542.659
5934.398 1276.429
5935.451 993.684
5936.504 918.868
5937.557 927.241
5938.610 856.433
5939.663 979.944
5940.716 958.466
5941.769 876.788
5942.822 944.417
5943.875 898.236
5944.928 1064.365
5945.981 1204.975
5947.034 1060.032
5948.087 931.084
5949.140 913.215
5950.193 937.375
5951.246 946.873
5952.299 1169.253
5953.352 1469.773
5954.405 1412.387
5955.458 1043.355
5956.511 971.959
5957.564 963.388
5958.617 961.196
5959.670 995.542
5960.723 995.351
5961.776 929.739
5962.829 958.642
5963.882 975.883
5964.935 863.687
5965.988 943.625
5967.041 867.284
5968.094 844.013
5969.147 1089.734
5970.200 1023.460
5971.254 1057.855
5972.307 898.552
5973.360 951.967
5974.413 937.976
5975.466 1007.759
5976.519 1167.520
5977.572 1293.789
5978.625 1004.462
5979.678 910.486
5980.731 794.800
5981.784 987.924
5982.837 958.028
5983.890 951.738
5984.943 919.754
5985.996 901.883
5987.049 811.096
5988.102 884.849
5989.155 937.434
5990.208 917.347
5991.261 924.407
5992.314 866.759
5993.367 815.617
5994.420 904.643
5995.473 853.818
5996.526 872.615
5997.579 983.138
5998.632 928.914
5999.685 904.906
6000.738 898.549
6001.791 928.795
6002.844 961.665
6003.897 982.856
6004.950 976.477
6006.003 866.880
6007.056 862.399
6008.109 824.824
6009.162 848.268
6010.215 832.175
6011.268 832.635
6012.321 893.185
6013.374 772.071
6014.427 838.278
6015.480 837.720
6016.533 884.888
6017.586 874.424
6018.639 860.253
6019.692 826.031
6020.745 762.134
6021.798 854.749
6022.851 786.958
6023.904 815.004
6024.957 812.709
6026.010 778.465
6027.063 874.892
6028.116 842.922
6029.169 836.157
6030.222 846.914
6031.275 757.047
6032.328 832.907
6033.381 801.047
6034.434 912.720
6035.487 842.074
6036.540 785.325
6037.593 821.972
6038.646 792.634
6039.699 833.970
6040.752 778.818
6041.805 823.073
6042.858 852.629
6043.911 826.573
6044.964 832.343
6046.017 858.169
6047.070 829.040
6048.123 796.705
6049.176 689.802
6050.229 852.651
6051.282 825.381
6052.335 802.490
6053.388 779.370
6054.442 812.710
6055.495 780.015
6056.548 755.620
6057.601 815.388
6058.654 788.124
6059.707 794.192
6060.760 788.908
6061.813 803.180
6062.866 804.767
6063.919 784.128
6064.972 831.635
6066.025 795.482
6067.078 773.826
6068.131 813.182
6069.184 804.748
6070.237 769.649
6071.290 755.862
6072.343 717.268
6073.396 732.466
6074.449 788.229
6075.502 750.965
6076.555 762.062
6077.608 775.344
6078.661 767.965
6079.714 734.672
6080.767 795.765
6081.820 813.920
6082.873 746.138
6083.926 748.033
6084.979 671.209
6086.032 687.446
6087.085 739.969
6088.138 780.501
6089.191 792.984
6090.244 718.799
6091.297 701.117
6092.350 739.929
6093.403 689.415
6094.456 791.397
6095.509 799.127
6096.562 795.135
6097.615 760.739
6098.668 761.979
6099.721 785.721
6100.774 765.162
6101.827 680.564
6102.880 759.166
6103.933 793.328
6104.986 849.485
6106.039 780.763
6107.092 802.356
6108.145 710.606
6109.198 717.471
6110.251 736.597
6111.304 715.364
6112.357 678.335
6113.410 755.037
6114.463 794.302
6115.516 741.042
6116.569 819.254
6117.622 774.774
6118.675 728.388
6119.728 688.310
6120.781 805.758
6121.834 703.655
6122.887 672.682
6123.940 745.856
6124.993 681.629
6126.046 691.557
6127.099 720.762
6128.152 781.010
6129.205 743.612
6130.258 729.190
6131.311 686.302
6132.364 732.395
6133.417 678.169
6134.470 739.454
6135.523 714.334
6136.577 778.775
6137.630 765.527
6138.683 845.845
6139.736 811.612
6140.789 766.112
6141.842 764.000
6142.895 787.470
6143.948 813.632
6145.001 862.483
6146.054 719.961
6147.107 735.133
6148.160 738.862
6149.213 721.000
6150.266 760.824
6151.319 807.771
6152.372 741.971
6153.425 727.347
6154.478 751.774
6155.531 1005.037
6156.584 1165.027
6157.637 1392.096
6158.690 1176.101
6159.743 937.606
6160.796 729.891
6161.849 754.486
6162.902 688.532
6163.955 676.359
6165.008 699.938
6166.061 689.742
6167.114 699.614
6168.167 721.760
6169.220 794.696
6170.273 943.722
6171.326 1009.260
6172.379 812.923
6173.432 692.661
6174.485 673.915
6175.538 772.747
6176.591 752.163
6177.644 771.623
6178.697 660.203
6179.750 788.645
6180.803 743.927
6181.856 699.377
6182.909 707.565
6183.962 781.795
6185.015 791.470
6186.068 717.528
6187.121 691.594
6188.174 712.472
6189.227 694.956
6190.280 721.692
6191.333 770.661
6192.386 756.604
6193.439 747.413
6194.492 770.956
6195.545 738.525
6196.598 757.561
6197.651 716.941
6198.704 731.145
6199.757 592.238
6200.810 702.651
6201.863 841.040
6202.916 938.002
6203.969 817.718
6205.022 750.557
6206.075 728.915
6207.128 752.954
6208.181 716.461
6209.234 669.163
6210.287 694.900
6211.340 704.067
6212.393 844.553
6213.446 756.144
6214.499 803.122
6215.552 739.082
6216.605 708.827
6217.658 692.045
6218.711 703.974
6219.765 726.196
6220.818 827.652
6221.871 993.711
6222.924 924.745
6223.977 697.625
6225.030 663.530
6226.083 667.828
6227.136 730.673
6228.189 666.125
6229.242 686.184
6230.295 696.645
6231.348 716.778
6232.401 710.347
6233.454 929.713
6234.507 1258.722
6235.560 1593.841
6236.613 1523.090
6237.666 1131.499
6238.719 776.168
6239.772 790.936
6240.825 935.257
6241.878 875.477
6242.931 917.672
6243.984 955.441
6245.037 737.958
6246.090 663.958
6247.143 760.260
6248.196 694.994
6249.249 753.609
6250.302 709.203
6251.355 679.630
6252.408 703.059
6253.461 668.397
6254.514 705.846
6255.567 742.834
6256.620 1034.110
6257.673 1608.243
6258.726 1597.441
6259.779 1017.158
6260.832 730.127
6261.885 735.813
6262.938 813.818
6263.991 850.835
6265.044 1003.346
6266.097 1003.461
6267.150 768.158
6268.203 765.064
6269.256 784.502
6270.309 737.544
6271.362 686.865
6272.415 742.293
6273.468 726.790
6274.521 690.305
6275.574 792.531
6276.627 787.453
6277.680 678.990
6278.733 760.952
6279.786 696.113
6280.839 720.814
6281.892 675.736
6282.945 677.991
6283.998 672.299
6285.051 706.144
6286.104 968.576
6287.157 1460.214
6288.210 1420.596
6289.263 974.784
6290.316 713.371
6291.369 724.943
6292.422 646.884
6293.475 689.193
6294.528 681.618
6295.581 655.830
6296.634 1060.795
6297.687 1315.991
6298.740 10304.822
6299.793 37152.473
6300.846 45494.271
6301.899 19568.501
6302.953 2508.862
6304.006 1580.254
6305.059 1674.329
6306.112 1558.846
6307.165 1670.952
6308.218 1348.081
6309.271 838.751
6310.324 674.687
6311.377 686.245
6312.430 665.002
6313.483 687.961
6314.536 1517.325
6315.589 2356.164
6316.642 1992.075
6317.695 1002.910
6318.748 658.534
6319.801 726.522
6320.854 916.412
6321.907 937.189
6322.960 784.402
6324.013 745.567
6325.066 670.822
6326.119 663.088
6327.172 712.751
6328.225 888.247
6329.278 1299.881
6330.331 1511.354
6331.384 1104.534
6332.437 665.256
6333.490 665.077
6334.543 677.457
6335.596 694.926
6336.649 635.844
6337.702 644.378
6338.755 641.422
6339.808 641.239
6340.861 638.538
6341.914 648.616
6342.967 690.923
6344.020 703.809
6345.073 684.223
6346.126 603.585
6347.179 743.597
6348.232 891.013
6349.285 847.705
6350.338 743.133
6351.391 648.711
6352.444 716.670
6353.497 653.141
6354.550 726.128
6355.603 1014.261
6356.656 1111.990
6357.709 933.775
6358.762 693.297
6359.815 643.451
6360.868 721.759
6361.921 2140.139
6362.974 10782.497
6364.027 14914.068
6365.080 10309.305
6366.133 1388.854
6367.186 1013.373
6368.239 972.858
6369.292 740.019
6370.345 603.002
6371.398 636.365
6372.451 628.204
6373.504 686.243
6374.557 636.207
6375.610 677.869
6376.663 671.479
6377.716 630.208
6378.769 688.300
6379.822 776.534
6380.875 723.563
6381.928 600.039
6382.981 603.961
6384.034 685.761
6385.088 711.101
6386.141 865.547
6387.194 904.207
6388.247 720.218
6389.300 656.602
6390.353 698.424
6391.406 611.853
6392.459 618.907
6393.512 654.516
6394.565 633.123
6395.618 607.466
6396.671 654.483
6397.724 627.925
6398.777 618.460
6399.830 626.102
6400.883 561.689
6401.936 592.241
6402.989 605.378
6404.042 605.868
6405.095 638.975
6406.148 617.489
6407.201 626.266
6408.254 611.574
6409.307 596.523
6410.360 661.944
6411.413 591.965
6412.466 624.849
6413.519 676.047
6414.572 649.053
6415.625 626.939
6416.678 629.830
6417.731 673.550
6418.784 565.559
6419.837 695.715
6420.890 765.994
6421.943 634.708
6422.996 611.907
6424.049 646.252
6425.102 611.971
6426.155 673.722
6427.208 642.958
6428.261 626.880
6429.314 643.763
6430.367 593.756
6431.420 586.298
6432.473 560.116
6433.526 628.501
6434.579 595.535
6435.632 607.705
6436.685 593.101
6437.738 605.550
6438.791 598.768
6439.844 617.907
6440.897 637.382
6441.950 618.997
6443.003 547.806
6444.056 623.994
6445.109 586.135
6446.162 569.778
6447.215 618.728
6448.268 631.391
6449.321 632.824
6450.374 579.841
6451.427 641.740
6452.480 686.947
6453.533 732.057
6454.586 769.486
6455.639 746.025
6456.692 715.059
6457.745 707.159
6458.798 685.583
6459.851 613.374
6460.904 636.803
6461.957 692.314
6463.010 721.354
6464.063 821.719
6465.116 922.418
6466.169 963.991
6467.222 876.561
6468.276 636.926
6469.329 765.792
6470.382 1064.564
6471.435 1092.859
6472.488 825.186
6473.541 652.267
6474.594 614.040
6475.647 563.615
6476.700 656.695
6477.753 738.726
6478.806 701.311
6479.859 652.885
6480.912 583.685
6481.965 623.793
6483.018 568.561
6484.071 542.296
6485.124 630.292
6486.177 603.939
6487.230 526.367
6488.283 616.745
6489.336 603.883
6490.389 638.267
6491.442 562.769
6492.495 623.764
6493.548 657.978
6494.601 607.337
6495.654 654.367
6496.707 655.681
6497.760 1222.728
6498.813 1646.012
6499.866 1311.689
6500.919 775.721
6501.972 613.402
6503.025 655.969
6504.078 793.697
6505.131 888.219
6506.184 774.387
6507.237 665.913
6508.290 635.948
6509.343 608.402
6510.396 589.857
6511.449 619.654
6512.502 625.252
6513.555 661.434
6514.608 630.205
6515.661 609.562
6516.714 587.889
6517.767 556.230
6518.820 602.475
6519.873 663.969
6520.926 659.219
6521.979 839.025
6523.032 846.428
6524.085 718.195
6525.138 624.148
6526.191 604.791
6527.244 639.403
6528.297 627.697
6529.350 649.787
6530.403 637.228
6531.456 717.851
6532.509 1289.169
6533.562 1493.560
6534.615 981.170
6535.668 608.018
6536.721 607.646
6537.774 691.824
6538.827 665.657
6539.880 684.043
6540.933 678.034
6541.986 684.321
6543.039 847.099
6544.092 970.429
6545.145 867.169
6546.198 728.280
6547.251 672.520
6548.304 704.531
6549.357 657.036
6550.411 1006.986
6551.464 1758.050
6552.517 2146.970
6553.570 2135.713
6554.623 1403.797
6555.676 820.233
6556.729 689.328
6557.782 707.286
6558.835 660.165
6559.888 697.520
6560.941 742.060
6561.994 1025.237
6563.047 1190.875
6564.100 5605.315
6565.153 73306.172
6566.206 224691.897
6567.259 222507.331
6568.312 70312.652
6569.365 3778.129
6570.418 626.897
6571.471 900.716
6572.524 739.840
6573.577 709.012
6574.630 744.737
6575.683 804.554
6576.736 1254.084
6577.789 1428.761
6578.842 1034.747
6579.895 707.846
6580.948 679.206
6582.001 676.181
6583.054 713.367
6584.107 730.159
6585.160 779.135
6586.213 2606.742
6587.266 4626.303
6588.319 3400.656
6589.372 1213.376
6590.425 698.574
6591.478 705.995
6592.531 657.439
6593.584 640.479
6594.637 663.556
6595.690 730.031
6596.743 744.245
6597.796 802.551
6598.849 656.398
6599.902 617.786
6600.955 636.704
6602.008 657.501
6603.061 777.155
6604.114 886.103
6605.167 916.599
6606.220 681.950
6607.273 590.105
6608.326 583.577
6609.379 612.096
6610.432 608.963
6611.485 621.989
6612.538 625.377
6613.591 589.289
6614.644 558.911
6615.697 588.044
6616.750 535.308
6617.803 545.213
6618.856 590.373
6619.909 568.440
6620.962 598.472
6622.015 606.966
6623.068 595.227
6624.121 588.404
6625.174 547.013
6626.227 607.625
6627.280 684.724
6628.333 633.294
6629.386 631.759
6630.439 606.441
6631.492 606.742
6632.545 609.642
6633.599 697.139
6634.652 670.471
6635.705 656.462
6636.758 589.638
6637.811 582.897
6638.864 561.832
6639.917 558.054
6640.970 549.970
6642.023 568.373
6643.076 584.138
6644.129 560.586
6645.182 529.688
6646.235 545.954
6647.288 532.570
6648.341 531.066
6649.394 549.337
6650.447 548.519
6651.500 556.344
6652.553 586.904
6653.606 552.551
6654.659 530.191
6655.712 549.171
6656.765 526.386
6657.818 533.296
6658.871 517.931
6659.924 570.303
6660.977 586.995
6662.030 556.600
6663.083 531.580
6664.136 498.814
6665.189 502.871
6666.242 589.618
6667.295 610.407
6668.348 611.726
6669.401 512.869
6670.454 501.791
6671.507 562.114
6672.560 535.093
6673.613 520.651
6674.666 535.744
6675.719 528.072
6676.772 537.346
6677.825 516.216
6678.878 564.757
6679.931 593.908
6680.984 1992.990
6682.037 3303.637
6683.090 2275.494
6684.143 837.371
6685.196 505.721
6686.249 562.772
6687.302 536.002
6688.355 413.015
6689.408 324.020
6690.461 549.501
6691.514 527.671
6692.567 546.361
6693.620 496.934
6694.673 534.433
6695.726 526.884
6696.779 549.124
6697.832 536.874
6698.885 584.956
6699.938 569.919
6700.991 542.114
6702.044 525.071
6703.097 497.575
6704.150 528.038
6705.203 554.012
6706.256 526.673
6707.309 543.679
6708.362 493.294
6709.415 464.380
6710.468 506.105
6711.521 512.187
6712.574 508.564
6713.627 502.582
6714.680 495.215
6715.734 503.980
6716.787 539.334
6717.840 465.860
6718.893 2129.158
6719.946 6484.877
6720.999 6352.697
6722.052 2752.663
6723.105 491.342
6724.158 526.964
6725.211 504.528
6726.264 516.984
6727.317 515.207
6728.370 498.387
6729.423 540.170
6730.476 513.920
6731.529 591.795
6732.582 464.960
6733.635 2930.006
6734.688 5048.560
6735.741 3989.987
6736.794 1430.499
6737.847 346.683
6738.900 511.336
6739.953 519.352
6741.006 525.471
6742.059 490.085
6743.112 527.969
6744.165 542.379
6745.218 491.393
6746.271 544.144
6747.324 515.284
6748.377 525.174
6749.430 544.478
6750.483 519.066
6751.536 482.572
6752.589 429.644
6753.642 511.508
6754.695 489.856
6755.748 451.958
6756.801 485.796
6757.854 491.906
6758.907 511.162
6759.960 526.794
6761.013 515.152
6762.066 487.127
6763.119 475.240
6764.172 487.173
6765.225 460.336
6766.278 487.188
6767.331 507.757
6768.384 460.463
6769.437 487.803
6770.490 455.132
6771.543 443.926
6772.596 483.329
6773.649 478.448
6774.702 465.501
6775.755 434.706
6776.808 492.613
6777.861 513.577
6778.914 481.385
6779.967 507.700
6781.020 475.865
6782.073 494.919
6783.126 466.244
6784.179 514.213
6785.232 482.450
6786.285 453.875
6787.338 480.029
6788.391 454.777
6789.444 476.141
6790.497 468.205
6791.550 454.738
6792.603 472.055
6793.656 437.672
6794.709 428.091
6795.762 437.825
6796.815 453.370
6797.868 486.124
6798.922 477.512
6799.975 473.976
6801.028 473.472
6802.081 483.158
6803.134 470.541
6804.187 485.565
6805.240 441.560
6806.293 466.534
6807.346 466.878
6808.399 429.075
6809.452 466.449
6810.505 469.515
6811.558 445.046
6812.611 481.727
6813.664 456.531
6814.717 475.352
6815.770 492.334
6816.823 473.945
6817.876 490.657
6818.929 465.972
6819.982 447.125
6821.035 457.415
6822.088 476.944
6823.141 500.220
6824.194 455.304
6825.247 486.983
6826.300 665.491
6827.353 907.126
6828.406 1379.818
6829.459 1606.014
6830.512 1333.981
6831.565 743.307
6832.618 706.471
6833.671 1411.659
6834.724 1658.058
6835.777 1027.027
6836.830 531.960
6837.883 460.581
6838.936 514.968
6839.989 539.797
6841.042 673.418
6842.095 834.744
6843.148 674.654
6844.201 497.745
6845.254 473.606
6846.307 452.176
6847.360 484.455
6848.413 473.772
6849.466 449.574
6850.519 522.379
6851.572 433.129
6852.625 479.338
6853.678 421.645
6854.731 469.372
6855.784 464.902
6856.837 458.473
6857.890 436.062
6858.943 425.105
6859.996 466.267
6861.049 486.894
6862.102 820.443
6863.155 1989.413
6864.208 2775.487
6865.261 1725.838
6866.314 457.148
6867.367 368.464
6868.420 308.591
6869.473 339.625
6870.526 473.933
6871.579 555.280
6872.632 358.226
6873.685 304.681
6874.738 288.115
6875.791 290.987
6876.844 372.085
6877.897 379.864
6878.950 417.727
6880.003 513.059
6881.056 664.621
6882.110 670.740
6883.163 505.006
6884.216 397.645
6885.269 391.402
6886.322 399.814
6887.375 447.315
6888.428 653.641
6889.481 857.270
6890.534 669.873
6891.587 404.623
6892.640 400.259
6893.693 386.926
6894.746 442.502
6895.799 429.804
6896.852 324.957
6897.905 387.449
6898.958 435.891
6900.011 642.643
6901.064 766.017
6902.117 605.684
6903.170 430.505
6904.223 391.442
6905.276 384.046
6906.329 419.721
6907.382 420.799
6908.435 408.765
6909.488 402.594
6910.541 438.582
6911.594 759.976
6912.647 1123.886
6913.700 929.648
6914.753 431.939
6915.806 428.176
6916.859 445.201
6917.912 404.122
6918.965 373.004
6920.018 429.744
6921.071 453.012
6922.124 1086.855
6923.177 1628.932
6924.230 1385.284
6925.283 673.742
6926.336 431.491
6927.389 462.698
6928.442 413.238
6929.495 448.168
6930.548 445.560
6931.601 418.518
6932.654 462.297
6933.707 409.697
6934.760 392.829
6935.813 464.839
6936.866 468.561
6937.919 554.103
6938.972 935.131
6940.025 1057.541
6941.078 714.514
6942.131 475.783
6943.184 443.658
6944.237 434.495
6945.290 448.036
6946.343 435.583
6947.396 716.386
6948.449 1479.064
6949.502 1889.460
6950.555 1162.501
6951.608 473.603
6952.661 493.170
6953.714 497.167
6954.767 499.038
6955.820 479.213
6956.873 464.515
6957.926 478.657
6958.979 438.828
6960.032 473.068
6961.085 431.185
6962.138 436.878
6963.191 513.036
6964.245 491.193
6965.298 467.892
6966.351 502.226
6967.404 445.350
6968.457 553.782
6969.510 736.563
6970.563 801.948
6971.616 678.113
6972.669 486.365
6973.722 444.063
6974.775 475.044
6975.828 455.723
6976.881 581.576
6977.934 1172.957
6978.987 1225.758
6980.040 805.101
6981.093 454.642
6982.146 406.275
6983.199 461.138
6984.252 440.799
6985.305 457.744
6986.358 484.097
6987.411 421.696
6988.464 446.236
6989.517 420.210
6990.570 398.830
6991.623 441.084
6992.676 442.295
6993.729 433.344
6994.782 449.548
6995.835 473.745
6996.888 496.482
6997.941 451.733
6998.994 418.120
7000.047 479.467
7001.100 589.915
7002.153 686.754
7003.206 823.710
7004.259 656.902
7005.312 517.064
7006.365 436.943
7007.418 466.055
7008.471 448.194
7009.524 427.497
7010.577 685.958
7011.630 824.597
7012.683 640.029
7013.736 461.303
7014.789 375.892
7015.842 382.541
7016.895 381.918
7017.948 390.024
7019.001 439.249
7020.054 398.789
7021.107 398.641
7022.160 414.580
7023.213 419.440
7024.266 421.470
7025.319 387.324
7026.372 431.378
7027.425 452.631
7028.478 410.497
7029.531 427.609
7030.584 431.269
7031.637 418.408
7032.690 410.706
7033.743 375.384
7034.796 411.663
7035.849 430.054
7036.902 373.646
7037.955 432.696
7039.008 438.707
7040.061 441.207
7041.114 522.822
7042.167 538.118
7043.220 447.829
7044.273 417.008
7045.326 430.285
7046.379 479.025
7047.433 611.281
7048.486 660.857
7049.539 594.754
7050.592 513.233
7051.645 475.478
7052.698 476.898
7053.751 443.376
7054.804 433.451
7055.857 482.694
7056.910 486.714
7057.963 461.662
7059.016 458.915
7060.069 464.347
7061.122 459.708
7062.175 444.106
7063.228 474.457
7064.281 472.443
7065.334 454.756
7066.387 455.719
7067.440 685.513
7068.493 1558.253
7069.546 2142.581
7070.599 1444.249
7071.652 557.477
7072.705 451.985
7073.758 527.367
7074.811 455.179
7075.864 434.240
7076.917 476.605
7077.970 476.257
7079.023 476.032
7080.076 439.405
7081.129 424.624
7082.182 535.442
7083.235 525.123
7084.288 429.500
7085.341 412.002
7086.394 439.649
7087.447 485.367
7088.500 495.612
7089.553 507.894
7090.606 479.800
7091.659 423.436
7092.712 446.081
7093.765 401.128
7094.818 384.046
7095.871 399.750
7096.924 422.603
7097.977 443.339
7099.030 421.576
7100.083 423.397
7101.136 464.231
7102.189 410.017
7103.242 398.000
7104.295 447.183
7105.348 461.898
7106.401 425.328
7107.454 450.771
7108.507 463.635
7109.560 409.244
7110.613 440.273
7111.666 442.981
7112.719 405.313
7113.772 340.262
7114.825 421.469
7115.878 389.179
7116.931 427.981
7117.984 410.515
7119.037 407.792
7120.090 415.336
7121.143 393.099
7122.196 401.090
7123.249 386.934
7124.302 412.611
7125.355 438.150
7126.408 434.134
7127.461 498.982
7128.514 490.864
7129.568 440.449
7130.621 390.548
7131.674 432.505
7132.727 497.084
7133.780 465.531
7134.833 417.252
7135.886 444.015
7136.939 411.144
7137.992 1070.434
7139.045 4499.386
7140.098 6610.111
7141.151 4094.316
7142.204 1129.470
7143.257 473.142
7144.310 542.342
7145.363 550.311
7146.416 469.520
7147.469 433.229
7148.522 467.416
7149.575 448.007
7150.628 440.854
7151.681 431.045
7152.734 409.623
7153.787 437.376
7154.840 444.557
7155.893 437.012
7156.946 458.399
7157.999 487.634
7159.052 460.271
7160.105 436.732
7161.158 468.476
7162.211 473.294
7163.264 429.151
7164.317 447.415
7165.370 482.672
7166.423 452.702
7167.476 426.485
7168.529 437.761
7169.582 444.301
7170.635 425.032
7171.688 418.524
7172.741 388.480
7173.794 430.326
7174.847 453.184
7175.900 448.886
7176.953 417.648
7178.006 437.774
7179.059 456.499
7180.112 428.649
7181.165 475.576
7182.218 449.444
7183.271 372.316
7184.324 398.416
7185.377 397.187
7186.430 313.557
7187.483 332.985
7188.536 403.907
7189.589 407.115
7190.642 360.599
7191.695 350.082
7192.748 370.997
7193.801 371.569
7194.854 371.629
7195.907 402.530
7196.960 400.453
7198.013 370.198
7199.066 367.124
7200.119 379.717
7201.172 370.470
7202.225 377.575
7203.278 389.395
7204.331 382.766
7205.384 362.418
7206.437 353.433
7207.490 402.387
7208.543 399.125
7209.596 387.998
7210.649 369.579
7211.702 352.250
7212.756 376.457
7213.809 358.657
7214.862 341.557
7215.915 404.128
7216.968 382.002
7218.021 352.624
7219.074 352.309
7220.127 388.466
7221.180 379.905
7222.233 452.085
7223.286 433.343
7224.339 385.079
7225.392 401.560
7226.445 393.246
7227.498 408.818
7228.551 393.317
7229.604 375.985
7230.657 401.972
7231.710 406.800
7232.763 464.516
7233.816 449.568
7234.869 391.984
7235.922 406.019
7236.975 546.590
7238.028 1021.394
7239.081 1932.033
7240.134 2561.856
7241.187 2298.482
7242.240 1423.696
7243.293 1233.568
7244.346 2136.189
7245.399 2650.709
7246.452 1874.287
7247.505 888.763
7248.558 519.574
7249.611 448.736
7250.664 486.251
7251.717 499.448
7252.770 857.144
7253.823 965.653
7254.876 765.339
7255.929 661.900
7256.982 494.603
7258.035 436.575
7259.088 442.548
7260.141 405.589
7261.194 426.577
7262.247 460.802
7263.300 443.834
7264.353 424.464
7265.406 399.920
7266.459 421.790
7267.512 484.099
7268.565 517.823
7269.618 458.434
7270.671 494.583
7271.724 413.213
7272.777 384.022
7273.830 552.469
7274.883 1890.691
7275.936 3692.788
7276.989 3929.401
7278.042 2151.749
7279.095 615.311
7280.148 464.707
7281.201 567.392
7282.254 599.706
7283.307 1052.983
7284.360 1954.232
7285.413 1913.606
7286.466 1213.419
7287.519 626.822
7288.572 506.133
7289.625 438.412
7290.678 469.838
7291.731 444.708
7292.784 425.541
7293.837 434.730
7294.891 597.413
7295.944 831.703
7296.997 765.318
7298.050 524.838
7299.103 398.308
7300.156 387.415
7301.209 403.000
7302.262 668.958
7303.315 1138.491
7304.368 1184.127
7305.421 765.195
7306.474 501.897
7307.527 424.881
7308.580 430.345
7309.633 453.611
7310.686 508.313
7311.739 507.461
7312.792 423.824
7313.845 481.665
7314.898 1373.195
7315.951 3025.134
7317.004 2982.494
7318.057 1567.609
7319.110 618.165
7320.163 449.048
7321.216 448.630
7322.269 647.727
7323.322 1157.155
7324.375 1441.401
7325.428 1130.710
7326.481 625.752
7327.534 755.726
7328.587 1361.261
7329.640 1537.161
7330.693 1108.911
7331.746 597.186
7332.799 730.603
7333.852 1154.442
7334.905 1234.304
7335.958 878.470
7337.011 624.846
7338.064 411.896
7339.117 1103.543
7340.170 2736.082
7341.223 3809.471
7342.276 2606.315
7343.329 893.436
7344.382 488.743
7345.435 426.849
7346.488 454.151
7347.541 430.701
7348.594 487.744
7349.647 460.983
7350.700 414.535
7351.753 443.352
7352.806 438.954
7353.859 406.043
7354.912 412.808
7355.965 375.765
7357.018 677.651
7358.071 1222.279
7359.124 1357.117
7360.177 952.160
7361.230 540.957
7362.283 432.239
7363.336 388.238
7364.389 448.193
7365.442 424.279
7366.495 427.725
7367.548 754.332
7368.601 2103.731
7369.654 2813.337
7370.707 1938.167
7371.760 896.625
7372.813 507.914
7373.866 458.575
7374.919 434.664
7375.972 400.562
7377.025 413.256
7378.079 436.557
7379.132 428.405
7380.185 386.919
7381.238 393.746
7382.291 375.323
7383.344 442.209
7384.397 387.246
7385.450 381.005
7386.503 412.302
7387.556 398.192
7388.609 422.621
7389.662 435.342
7390.715 582.541
7391.768 948.102
7392.821 1005.148
7393.874 711.422
7394.927 464.582
7395.980 423.291
7397.033 358.994
7398.086 380.497
7399.139 368.608
7400.192 743.559
7401.245 1474.763
7402.298 1814.526
7403.351 1215.978
7404.404 576.417
7405.457 440.550
7406.510 387.048
7407.563 384.731
7408.616 379.891
7409.669 354.423
7410.722 364.689
7411.775 395.987
7412.828 411.868
7413.881 424.804
7414.934 403.201
7415.987 399.098
7417.040 388.911
7418.093 367.041
7419.146 354.541
7420.199 379.777
7421.252 395.946
7422.305 373.448
7423.358 385.499
7424.411 394.907
7425.464 353.679
7426.517 366.849
7427.570 409.364
7428.623 591.977
7429.676 749.713
7430.729 737.748
7431.782 530.865
7432.835 418.787
7433.888 384.148
7434.941 374.344
7435.994 422.944
7437.047 611.014
7438.100 1005.168
7439.153 1090.648
7440.206 739.197
7441.259 469.083
7442.312 352.553
7443.365 346.490
7444.418 364.495
7445.471 379.352
7446.524 388.260
7447.577 384.361
7448.630 389.162
7449.683 400.807
7450.736 404.835
7451.789 440.163
7452.842 421.937
7453.895 348.030
7454.948 351.645
7456.001 350.764
7457.054 375.092
7458.107 376.427
7459.160 364.407
7460.214 396.444
7461.267 432.157
7462.320 457.174
7463.373 478.324
7464.426 477.264
7465.479 458.849
7466.532 553.986
7467.585 644.645
7468.638 537.629
7469.691 453.671
7470.744 564.753
7471.797 663.842
7472.850 737.097
7473.903 908.655
7474.956 876.512
7476.009 649.784
7477.062 488.814
7478.115 507.329
7479.168 534.660
7480.221 534.623
7481.274 534.585
7482.327 534.546
7483.380 534.507
7484.433 534.468
7485.486 534.428
