3561.035 1954.687
3562.213 1821.420
3563.392 1390.783
3564.571 1340.189
3565.750 1239.925
3566.929 1008.713
3568.108 1901.773
3569.286 1436.862
3570.465 1640.994
3571.644 1086.641
3572.823 1932.529
3574.002 1216.424
3575.180 1244.407
3576.359 926.399
3577.538 1262.125
3578.717 1298.933
3579.896 971.848
3581.075 1368.082
3582.253 1210.287
3583.432 1345.071
3584.611 1745.541
3585.790 1603.571
3586.969 782.694
3588.147 1019.136
3589.326 1058.089
3590.505 746.273
3591.684 941.867
3592.863 805.140
3594.042 1381.942
3595.220 1557.426
3596.399 1545.636
3597.578 1047.921
3598.757 993.248
3599.936 1269.670
3601.114 1596.900
3602.293 1462.435
3603.472 948.440
3604.651 1828.006
3605.830 1316.640
3607.009 856.559
3608.187 1385.178
3609.366 796.170
3610.545 824.927
3611.724 890.251
3612.903 1390.757
3614.081 1104.913
3615.260 1369.993
3616.439 2059.523
3617.618 1571.778
3618.797 1881.155
3619.976 1196.751
3621.154 1650.511
3622.333 1200.789
3623.512 1169.834
3624.691 1628.012
3625.870 1735.917
3627.048 1597.016
3628.227 1608.904
3629.406 1402.009
3630.585 1705.029
3631.764 1612.495
3632.943 1689.638
3634.121 1961.631
3635.300 1914.561
3636.479 2149.902
3637.658 2088.938
3638.837 1568.460
3640.015 1201.896
3641.194 1623.379
3642.373 1446.572
3643.552 1441.936
3644.731 1448.945
3645.910 1428.753
3647.088 1665.470
3648.267 1202.967
3649.446 1499.455
3650.625 1331.470
3651.804 1345.657
3652.982 1325.812
3654.161 941.438
3655.340 1294.896
3656.519 1399.963
3657.698 1290.739
3658.877 1389.162
3660.055 1609.855
3661.234 1165.174
3662.413 1169.296
3663.592 1543.163
3664.771 1409.489
3665.949 1152.353
3667.128 1429.600
3668.307 1028.904
3669.486 937.845
3670.665 980.181
3671.844 1297.353
3673.022 901.239
3674.201 943.761
3675.380 799.001
3676.559 1238.542
3677.738 1074.876
3678.916 961.630
3680.095 1309.377
3681.274 1427.949
3682.453 1251.241
3683.632 1086.981
3684.811 1151.273
3685.989 1234.778
3687.168 1061.826
3688.347 1129.980
3689.526 1436.476
3690.705 935.084
3691.883 1000.666
3693.062 1351.325
3694.241 1498.132
3695.420 1377.692
3696.599 927.378
3697.777 1245.399
3698.956 1533.371
3700.135 1254.341
3701.314 1407.938
3702.493 1307.904
3703.672 1434.131
3704.850 1193.905
3706.029 1356.023
3707.208 1791.333
3708.387 1444.784
3709.566 1085.479
3710.744 831.514
3711.923 1159.592
3713.102 1427.571
3714.281 1702.929
3715.460 1216.438
3716.639 1322.750
3717.817 988.059
3718.996 1307.205
3720.175 894.466
3721.354 1122.401
3722.533 1646.938
3723.711 2199.240
3724.890 2229.347
3726.069 2159.854
3727.248 5568.709
3728.427 9796.332
3729.606 11201.622
3730.784 13518.546
3731.963 12087.422
3733.142 5983.629
3734.321 1870.711
3735.500 1936.868
3736.678 1869.113
3737.857 1866.298
3739.036 1487.434
3740.215 1389.572
3741.394 1444.025
3742.573 1526.844
3743.751 1197.781
3744.930 1145.857
3746.109 1115.542
3747.288 978.220
3748.467 1077.479
3749.645 1209.255
3750.824 1326.782
3752.003 2020.968
3753.182 1931.067
3754.361 1520.409
3755.540 1281.030
3756.718 1124.657
3757.897 1232.202
3759.076 1074.354
3760.255 988.267
3761.434 1073.890
3762.612 1043.799
3763.791 920.269
3764.970 1041.321
3766.149 1058.727
3767.328 937.631
3768.507 1079.791
3769.685 877.627
3770.864 1402.108
3772.043 1808.559
3773.222 2447.368
3774.401 1840.276
3775.579 816.268
3776.758 1144.605
3777.937 891.690
3779.116 1134.015
3780.295 1111.543
3781.474 996.142
3782.652 1034.849
3783.831 1159.180
3785.010 1056.809
3786.189 1121.649
3787.368 1114.799
3788.546 900.007
3789.725 1115.819
3790.904 1019.095
3792.083 997.172
3793.262 993.396
3794.441 1039.092
3795.619 1046.622
3796.798 879.046
3797.977 767.223
3799.156 1629.600
3800.335 2611.579
3801.513 2074.931
3802.692 1066.572
3803.871 789.127
3805.050 989.644
3806.229 920.331
3807.408 1049.116
3808.586 870.580
3809.765 899.570
3810.944 983.044
3812.123 990.163
3813.302 1008.183
3814.480 1139.907
3815.659 1015.790
3816.838 1191.344
3818.017 975.376
3819.196 1103.532
3820.375 1114.785
3821.553 1313.183
3822.732 1255.662
3823.911 907.359
3825.090 1057.823
3826.269 1080.316
3827.447 921.262
3828.626 965.684
3829.805 1051.930
3830.984 1110.936
3832.163 1107.437
3833.342 1147.055
3834.520 1019.833
3835.699 1439.607
3836.878 2444.689
3838.057 3574.709
3839.236 2391.933
3840.414 1268.880
3841.593 876.568
3842.772 975.998
3843.951 959.307
3845.130 1023.337
3846.309 840.772
3847.487 1027.586
3848.666 763.421
3849.845 1007.961
3851.024 1158.500
3852.203 969.609
3853.381 924.114
3854.560 897.953
3855.739 920.697
3856.918 876.974
3858.097 988.330
3859.275 925.823
3860.454 892.630
3861.633 1105.291
3862.812 1007.557
3863.991 966.159
3865.170 926.623
3866.348 1012.346
3867.527 899.436
3868.706 1650.548
3869.885 7430.548
3871.064 15534.077
3872.242 12092.022
3873.421 3737.250
3874.600 665.441
3875.779 968.258
3876.958 886.628
3878.137 875.422
3879.315 846.515
3880.494 754.960
3881.673 669.959
3882.852 904.157
3884.031 781.736
3885.209 812.462
3886.388 786.773
3887.567 773.442
3888.746 933.355
3889.925 3339.355
3891.104 6482.229
3892.282 5598.681
3893.461 2113.375
3894.640 768.510
3895.819 757.662
3896.998 780.737
3898.176 925.770
3899.355 819.390
3900.534 802.315
3901.713 742.265
3902.892 778.117
3904.071 843.630
3905.249 926.977
3906.428 906.551
3907.607 1009.141
3908.786 987.148
3909.965 922.917
3911.143 912.002
3912.322 938.933
3913.501 999.428
3914.680 921.693
3915.859 902.572
3917.038 863.671
3918.216 779.280
3919.395 756.546
3920.574 867.142
3921.753 881.858
3922.932 869.053
3924.110 887.363
3925.289 748.087
3926.468 799.222
3927.647 807.616
3928.826 769.468
3930.005 743.048
3931.183 625.280
3932.362 601.671
3933.541 547.832
3934.720 632.166
3935.899 539.079
3937.077 485.137
3938.256 678.056
3939.435 810.290
3940.614 792.592
3941.793 799.306
3942.972 952.758
3944.150 877.242
3945.329 875.632
3946.508 1000.930
3947.687 1124.834
3948.866 947.128
3950.044 740.678
3951.223 732.464
3952.402 897.148
3953.581 744.043
3954.760 724.976
3955.939 724.167
3957.117 804.648
3958.296 799.708
3959.475 698.777
3960.654 767.315
3961.833 615.603
3963.011 695.924
3964.190 601.122
3965.369 648.494
3966.548 821.435
3967.727 1100.695
3968.906 2665.603
3970.084 4381.632
3971.263 4647.591
3972.442 5039.228
3973.621 3978.957
3974.800 1636.292
3975.978 622.270
3977.157 816.761
3978.336 785.820
3979.515 670.930
3980.694 744.662
3981.873 732.081
3983.051 726.008
3984.230 660.309
3985.409 724.929
3986.588 669.202
3987.767 712.355
3988.945 778.168
3990.124 688.949
3991.303 765.901
3992.482 743.515
3993.661 769.579
3994.840 705.258
3996.018 738.489
3997.197 701.342
3998.376 740.829
3999.555 776.007
4000.734 719.179
4001.912 689.313
4003.091 731.838
4004.270 743.031
4005.449 693.219
4006.628 760.601
4007.807 894.809
4008.985 891.259
4010.164 893.250
4011.343 767.931
4012.522 809.802
4013.701 821.502
4014.879 747.098
4016.058 679.535
4017.237 715.754
4018.416 762.891
4019.595 820.049
4020.773 756.132
4021.952 785.848
4023.131 769.589
4024.310 764.952
4025.489 722.023
4026.668 748.827
4027.846 1050.729
4029.025 1252.823
4030.204 1013.097
4031.383 672.667
4032.562 665.707
4033.740 700.558
4034.919 588.533
4036.098 697.598
4037.277 682.578
4038.456 676.080
4039.635 693.896
4040.813 692.954
4041.992 750.504
4043.171 752.274
4044.350 777.843
4045.529 714.121
4046.707 667.155
4047.886 743.641
4049.065 761.131
4050.244 671.091
4051.423 776.030
4052.602 742.136
4053.780 614.698
4054.959 698.523
4056.138 668.096
4057.317 693.988
4058.496 806.680
4059.674 821.293
4060.853 716.107
4062.032 683.071
4063.211 734.231
4064.390 728.141
4065.569 832.675
4066.747 780.478
4067.926 743.075
4069.105 833.360
4070.284 793.064
4071.463 772.300
4072.641 806.987
4073.820 748.133
4074.999 688.834
4076.178 702.542
4077.357 767.330
4078.536 663.940
4079.714 659.882
4080.893 710.679
4082.072 673.493
4083.251 662.995
4084.430 623.095
4085.608 704.331
4086.787 691.911
4087.966 598.477
4089.145 634.453
4090.324 666.653
4091.503 712.261
4092.681 616.664
4093.860 644.601
4095.039 595.856
4096.218 615.287
4097.397 560.767
4098.575 622.186
4099.754 622.468
4100.933 717.105
4102.112 1267.335
4103.291 4108.285
4104.470 6318.888
4105.648 4162.530
4106.827 1137.399
4108.006 669.907
4109.185 618.283
4110.364 557.926
4111.542 640.643
4112.721 576.551
4113.900 610.874
4115.079 625.443
4116.258 646.023
4117.437 573.060
4118.615 585.330
4119.794 582.681
4120.973 611.493
4122.152 625.195
4123.331 676.724
4124.509 653.915
4125.688 646.644
4126.867 547.773
4128.046 677.583
4129.225 637.885
4130.404 513.808
4131.582 598.167
4132.761 555.481
4133.940 583.559
4135.119 641.761
4136.298 648.776
4137.476 546.013
4138.655 539.744
4139.834 602.396
4141.013 573.490
4142.192 614.818
4143.371 532.892
4144.549 608.523
4145.728 716.596
4146.907 599.957
4148.086 587.295
4149.265 532.272
4150.443 540.622
4151.622 574.598
4152.801 544.090
4153.980 526.411
4155.159 613.782
4156.338 621.619
4157.516 620.538
4158.695 566.076
4159.874 506.749
4161.053 573.669
4162.232 594.824
4163.410 576.887
4164.589 610.254
4165.768 689.010
4166.947 611.609
4168.126 595.247
4169.305 611.282
4170.483 653.125
4171.662 587.484
4172.841 571.639
4174.020 581.891
4175.199 546.398
4176.377 655.548
4177.556 569.324
4178.735 554.680
4179.914 549.757
4181.093 523.406
4182.271 568.684
4183.450 540.682
4184.629 516.006
4185.808 513.970
4186.987 513.311
4188.166 532.487
4189.344 507.073
4190.523 511.677
4191.702 523.232
4192.881 562.252
4194.060 528.854
4195.238 453.773
4196.417 516.667
4197.596 477.607
4198.775 468.107
4199.954 501.686
4201.133 493.120
4202.311 502.489
4203.490 540.827
4204.669 539.616
4205.848 497.181
4207.027 527.685
4208.205 591.254
4209.384 516.545
4210.563 541.133
4211.742 495.674
4212.921 562.413
4214.100 508.999
4215.278 510.574
4216.457 477.074
4217.636 521.460
4218.815 526.621
4219.994 465.812
4221.172 454.108
4222.351 490.136
4223.530 531.305
4224.709 521.547
4225.888 415.931
4227.067 504.589
4228.245 358.417
4229.424 451.471
4230.603 484.057
4231.782 494.112
4232.961 473.401
4234.139 466.086
4235.318 548.609
4236.497 581.828
4237.676 589.149
4238.855 568.007
4240.034 488.872
4241.212 484.507
4242.391 435.398
4243.570 449.905
4244.749 479.608
4245.928 486.761
4247.106 485.337
4248.285 516.098
4249.464 512.645
4250.643 486.317
4251.822 467.622
4253.001 446.116
4254.179 484.106
4255.358 487.939
4256.537 541.409
4257.716 464.961
4258.895 405.045
4260.073 456.774
4261.252 441.295
4262.431 463.801
4263.610 484.628
4264.789 454.425
4265.968 489.525
4267.146 492.373
4268.325 457.643
4269.504 508.267
4270.683 508.231
4271.862 451.080
4273.040 422.570
4274.219 490.357
4275.398 465.361
4276.577 441.680
4277.756 458.536
4278.935 469.118
4280.113 435.005
4281.292 495.210
4282.471 481.213
4283.650 410.107
4284.829 495.165
4286.007 401.965
4287.186 460.701
4288.365 419.513
4289.544 392.657
4290.723 455.321
4291.902 419.548
4293.080 406.475
4294.259 450.069
4295.438 423.512
4296.617 452.513
4297.796 457.451
4298.974 427.104
4300.153 399.489
4301.332 403.526
4302.511 362.307
4303.690 419.779
4304.869 406.053
4306.047 418.769
4307.226 397.725
4308.405 409.307
4309.584 424.169
4310.763 423.014
4311.941 385.112
4313.120 418.308
4314.299 467.047
4315.478 443.636
4316.657 453.103
4317.836 441.315
4319.014 475.107
4320.193 507.717
4321.372 420.617
4322.551 438.020
4323.730 419.517
4324.908 420.569
4326.087 411.335
4327.266 418.585
4328.445 450.545
4329.624 418.622
4330.803 445.228
4331.981 461.270
4333.160 426.380
4334.339 432.200
4335.518 475.112
4336.697 442.451
4337.875 364.578
4339.054 406.377
4340.233 500.173
4341.412 2131.192
4342.591 6686.394
4343.769 7799.495
4344.948 3684.486
4346.127 735.247
4347.306 426.983
4348.485 424.506
4349.664 400.570
4350.842 428.532
4352.021 379.222
4353.200 387.059
4354.379 363.943
4355.558 358.834
4356.736 376.448
4357.915 381.636
4359.094 381.756
4360.273 411.364
4361.452 403.596
4362.631 431.725
4363.809 540.382
4364.988 1352.738
4366.167 1842.360
4367.346 1378.929
4368.525 622.576
4369.703 477.518
4370.882 403.593
4372.061 424.775
4373.240 351.869
4374.419 374.589
4375.598 364.657
4376.776 450.926
4377.955 394.784
4379.134 421.218
4380.313 365.714
4381.492 383.437
4382.670 387.510
4383.849 359.743
4385.028 316.836
4386.207 407.715
4387.386 328.348
4388.565 382.350
4389.743 404.791
4390.922 431.339
4392.101 446.586
4393.280 407.240
4394.459 407.005
4395.637 345.018
4396.816 382.912
4397.995 354.847
4399.174 396.661
4400.353 397.622
4401.532 405.639
4402.710 386.730
4403.889 384.863
4405.068 381.882
4406.247 420.988
4407.426 430.884
4408.604 424.356
4409.783 420.116
4410.962 420.685
4412.141 447.966
4413.320 400.580
4414.499 444.077
4415.677 493.836
4416.856 451.844
4418.035 483.612
4419.214 410.949
4420.393 438.270
4421.571 430.676
4422.750 387.821
4423.929 410.857
4425.108 384.534
4426.287 440.364
4427.466 408.007
4428.644 410.408
4429.823 427.364
4431.002 407.235
4432.181 406.301
4433.360 450.099
4434.538 381.192
4435.717 339.502
4436.896 344.106
4438.075 416.758
4439.254 418.326
4440.433 370.278
4441.611 380.095
4442.790 382.156
4443.969 351.103
4445.148 387.642
4446.327 413.854
4447.505 394.045
4448.684 383.799
4449.863 371.101
4451.042 407.704
4452.221 385.731
4453.400 359.507
4454.578 379.358
4455.757 385.766
4456.936 361.738
4458.115 363.154
4459.294 338.862
4460.472 364.278
4461.651 376.660
4462.830 354.349
4464.009 340.102
4465.188 361.594
4466.367 408.359
4467.545 371.009
4468.724 369.540
4469.903 345.105
4471.082 342.323
4472.261 462.021
4473.439 727.356
4474.618 904.143
4475.797 681.250
4476.976 396.367
4478.155 369.067
4479.334 390.953
4480.512 388.033
4481.691 342.709
4482.870 352.530
4484.049 399.299
4485.228 374.984
4486.406 373.402
4487.585 372.072
4488.764 365.853
4489.943 359.704
4491.122 341.003
4492.301 363.228
4493.479 375.447
4494.658 379.035
4495.837 347.791
4497.016 374.622
4498.195 360.334
4499.373 354.240
4500.552 371.134
4501.731 302.639
4502.910 343.464
4504.089 391.760
4505.267 347.992
4506.446 361.214
4507.625 380.471
4508.804 361.989
4509.983 368.043
4511.162 389.856
4512.340 369.693
4513.519 370.409
4514.698 369.063
4515.877 342.032
4517.056 345.438
4518.234 385.951
4519.413 368.044
4520.592 339.704
4521.771 367.639
4522.950 395.130
4524.129 404.069
4525.307 390.177
4526.486 342.741
4527.665 332.321
4528.844 357.169
4530.023 343.758
4531.201 365.871
4532.380 371.330
4533.559 369.869
4534.738 361.939
4535.917 405.364
4537.096 355.329
4538.274 347.973
4539.453 414.564
4540.632 427.565
4541.811 374.729
4542.990 392.517
4544.168 403.061
4545.347 343.736
4546.526 372.767
4547.705 361.172
4548.884 368.539
4550.063 342.694
4551.241 342.444
4552.420 414.292
4553.599 357.553
4554.778 316.659
4555.957 344.337
4557.135 367.795
4558.314 392.011
4559.493 343.254
4560.672 369.147
4561.851 374.467
4563.030 354.754
4564.208 378.712
4565.387 377.840
4566.566 365.711
4567.745 343.013
4568.924 356.157
4570.102 364.877
4571.281 313.535
4572.460 359.118
4573.639 336.497
4574.818 390.664
4575.997 357.184
4577.175 372.461
4578.354 377.787
4579.533 355.114
4580.712 357.778
4581.891 316.664
4583.069 384.337
4584.248 355.328
4585.427 361.109
4586.606 323.432
4587.785 359.199
4588.964 376.346
4590.142 356.458
4591.321 368.816
4592.500 347.520
4593.679 351.497
4594.858 373.162
4596.036 331.680
4597.215 326.341
4598.394 374.920
4599.573 383.746
4600.752 361.097
4601.931 356.203
4603.109 372.999
4604.288 354.367
4605.467 334.985
4606.646 351.405
4607.825 371.233
4609.003 366.698
4610.182 402.360
4611.361 377.906
4612.540 315.816
4613.719 347.894
4614.898 359.137
4616.076 363.737
4617.255 368.691
4618.434 358.695
4619.613 317.865
4620.792 338.085
4621.970 369.797
4623.149 375.654
4624.328 353.728
4625.507 335.542
4626.686 321.720
4627.865 360.902
4629.043 389.457
4630.222 366.568
4631.401 365.230
4632.580 350.309
4633.759 352.555
4634.937 363.002
4636.116 360.677
4637.295 349.925
4638.474 345.815
4639.653 340.148
4640.832 371.444
4642.010 358.572
4643.189 356.377
4644.368 387.647
4645.547 342.845
4646.726 364.412
4647.904 357.170
4649.083 297.915
4650.262 355.437
4651.441 320.256
4652.620 351.326
4653.799 397.057
4654.977 403.338
4656.156 387.046
4657.335 399.285
4658.514 381.792
4659.693 400.323
4660.871 429.497
4662.050 388.405
4663.229 386.630
4664.408 383.268
4665.587 368.604
4666.765 367.285
4667.944 349.219
4669.123 380.159
4670.302 372.740
4671.481 369.445
4672.660 395.780
4673.838 398.101
4675.017 399.137
4676.196 443.755
4677.375 482.283
4678.554 453.847
4679.732 445.480
4680.911 490.023
4682.090 535.269
4683.269 547.097
4684.448 588.397
4685.627 640.087
4686.805 668.427
4687.984 664.912
4689.163 662.237
4690.342 624.144
4691.521 609.664
4692.699 534.887
4693.878 523.264
4695.057 510.175
4696.236 490.828
4697.415 497.488
4698.594 463.368
4699.772 443.317
4700.951 440.227
4702.130 417.353
4703.309 402.188
4704.488 416.455
4705.666 427.984
4706.845 402.523
4708.024 374.085
4709.203 372.746
4710.382 392.607
4711.561 381.311
4712.739 471.242
4713.918 620.552
4715.097 611.988
4716.276 511.311
4717.455 416.465
4718.633 360.890
4719.812 335.951
4720.991 373.712
4722.170 376.913
4723.349 358.238
4724.528 332.769
4725.706 319.927
4726.885 339.363
4728.064 359.214
4729.243 342.524
4730.422 329.497
4731.600 328.381
4732.779 352.476
4733.958 373.281
4735.137 341.868
4736.316 324.425
4737.495 328.721
4738.673 381.086
4739.852 311.964
4741.031 371.197
4742.210 454.064
4743.389 506.351
4744.567 433.219
4745.746 327.232
4746.925 350.597
4748.104 346.350
4749.283 331.614
4750.462 364.594
4751.640 344.385
4752.819 314.856
4753.998 317.435
4755.177 346.165
4756.356 341.908
4757.534 347.347
4758.713 326.961
4759.892 330.170
4761.071 355.803
4762.250 338.275
4763.429 325.552
4764.607 344.299
4765.786 349.873
4766.965 337.196
4768.144 335.294
4769.323 332.215
4770.501 361.253
4771.680 354.903
4772.859 392.867
4774.038 435.636
4775.217 357.105
4776.396 333.620
4777.574 384.708
4778.753 366.220
4779.932 356.030
4781.111 327.042
4782.290 345.054
4783.468 344.018
4784.647 330.232
4785.826 351.591
4787.005 306.608
4788.184 345.585
4789.363 321.359
4790.541 349.702
4791.720 341.623
4792.899 372.121
4794.078 339.426
4795.257 344.553
4796.435 337.905
4797.614 367.796
4798.793 355.719
4799.972 319.634
4801.151 365.499
4802.330 347.613
4803.508 371.168
4804.687 307.909
4805.866 330.052
4807.045 331.624
4808.224 327.247
4809.402 335.878
4810.581 325.302
4811.760 329.222
4812.939 354.221
4814.118 391.723
4815.296 358.168
4816.475 331.364
4817.654 370.734
4818.833 372.657
4820.012 361.151
4821.191 378.301
4822.369 372.854
4823.548 373.815
4824.727 372.909
4825.906 356.949
4827.085 365.433
4828.263 341.043
4829.442 325.324
4830.621 343.932
4831.800 355.776
4832.979 367.700
4834.158 334.546
4835.336 342.597
4836.515 382.305
4837.694 342.852
4838.873 337.758
4840.052 353.755
4841.230 370.628
4842.409 351.446
4843.588 324.971
4844.767 339.472
4845.946 343.221
4847.125 347.993
4848.303 346.382
4849.482 320.847
4850.661 347.404
4851.840 323.723
4853.019 348.693
4854.197 351.088
4855.376 364.180
4856.555 350.768
4857.734 366.280
4858.913 338.248
4860.092 440.286
4861.270 254.099
4862.449 3734.434
4863.628 11509.944
4864.807 14167.562
4865.986 6918.506
4867.164 821.273
4868.343 436.133
4869.522 371.512
4870.701 367.260
4871.880 325.850
4873.059 306.768
4874.237 331.757
4875.416 367.694
4876.595 330.716
4877.774 315.591
4878.953 358.419
4880.131 342.798
4881.310 355.936
4882.489 343.970
4883.668 330.697
4884.847 338.466
4886.026 347.716
4887.204 323.416
4888.383 321.279
4889.562 333.551
4890.741 342.715
4891.920 336.014
4893.098 314.255
4894.277 307.708
4895.456 369.413
4896.635 350.004
4897.814 325.849
4898.993 315.319
4900.171 344.839
4901.350 312.967
4902.529 304.990
4903.708 320.784
4904.887 314.759
4906.065 305.940
4907.244 330.191
4908.423 351.780
4909.602 350.031
4910.781 338.961
4911.960 316.517
4913.138 333.738
4914.317 345.807
4915.496 311.460
4916.675 312.982
4917.854 333.129
4919.032 312.869
4920.211 299.159
4921.390 276.003
4922.569 336.198
4923.748 422.006
4924.927 449.605
4926.105 447.395
4927.284 357.402
4928.463 331.729
4929.642 327.152
4930.821 336.379
4931.999 338.414
4933.178 319.992
4934.357 351.804
4935.536 345.777
4936.715 337.108
4937.894 357.905
4939.072 354.621
4940.251 315.453
4941.430 317.191
4942.609 330.436
4943.788 339.721
4944.966 334.817
4946.145 322.288
4947.324 347.035
4948.503 376.981
4949.682 370.624
4950.861 342.559
4952.039 336.029
4953.218 359.278
4954.397 370.355
4955.576 367.674
4956.755 345.648
4957.933 384.977
4959.112 602.595
4960.291 8038.940
4961.470 27491.904
4962.649 27754.589
4963.828 10793.010
4965.006 879.491
4966.185 429.256
4967.364 446.229
4968.543 441.444
4969.722 408.300
4970.900 377.828
4972.079 374.262
4973.258 386.285
4974.437 368.116
4975.616 355.504
4976.794 362.652
4977.973 357.172
4979.152 368.142
4980.331 346.173
4981.510 347.889
4982.689 335.937
4983.867 323.966
4985.046 340.005
4986.225 350.389
4987.404 372.196
4988.583 387.845
4989.761 384.033
4990.940 372.257
4992.119 386.712
4993.298 359.155
4994.477 338.997
4995.656 343.700
4996.834 353.457
4998.013 342.314
4999.192 362.437
5000.371 357.284
5001.550 352.616
5002.728 358.852
5003.907 412.553
5005.086 263.890
5006.265 1022.660
5007.444 1097.721
5008.623 45622.423
5009.801 85337.219
5010.980 68911.035
5012.159 18542.078
5013.338 -1044.710
5014.517 1128.047
5015.695 179.282
5016.874 463.462
5018.053 592.657
5019.232 655.251
5020.411 490.543
5021.590 362.145
5022.768 352.937
5023.947 341.881
5025.126 335.182
5026.305 348.741
5027.484 344.456
5028.662 344.854
5029.841 325.622
5031.020 310.949
5032.199 316.124
5033.378 319.711
5034.557 306.167
5035.735 335.651
5036.914 326.122
5038.093 331.151
5039.272 308.084
5040.451 290.528
5041.629 280.166
5042.808 333.891
5043.987 307.334
5045.166 301.226
5046.345 317.604
5047.524 298.412
5048.702 312.780
5049.881 345.782
5051.060 328.313
5052.239 292.009
5053.418 295.356
5054.596 311.121
5055.775 301.188
5056.954 327.855
5058.133 314.171
5059.312 281.537
5060.491 294.858
5061.669 283.543
5062.848 306.878
5064.027 318.807
5065.206 299.523
5066.385 263.630
5067.563 311.883
5068.742 323.771
5069.921 289.200
5071.100 299.873
5072.279 298.630
5073.458 285.824
5074.636 287.926
5075.815 294.620
5076.994 294.119
5078.173 298.585
5079.352 298.294
5080.530 298.800
5081.709 279.315
5082.888 265.688
5084.067 278.110
5085.246 286.500
5086.425 299.778
5087.603 276.785
5088.782 300.435
5089.961 334.487
5091.140 298.725
5092.319 302.082
5093.497 326.934
5094.676 304.469
5095.855 284.673
5097.034 304.595
5098.213 301.150
5099.392 270.576
5100.570 285.336
5101.749 298.325
5102.928 305.714
5104.107 271.311
5105.286 280.142
5106.464 284.902
5107.643 290.500
5108.822 319.586
5110.001 290.119
5111.180 289.304
5112.359 292.301
5113.537 260.765
5114.716 290.741
5115.895 292.850
5117.074 260.970
5118.253 286.767
5119.431 326.040
5120.610 297.286
5121.789 277.181
5122.968 276.442
5124.147 292.672
5125.326 291.023
5126.504 299.876
5127.683 303.582
5128.862 284.831
5130.041 271.197
5131.220 309.101
5132.398 309.047
5133.577 292.315
5134.756 293.220
5135.935 309.100
5137.114 301.411
5138.292 266.639
5139.471 273.446
5140.650 284.916
5141.829 272.147
5143.008 273.037
5144.187 270.470
5145.365 280.568
5146.544 286.796
5147.723 299.303
5148.902 297.946
5150.081 315.198
5151.259 288.032
5152.438 272.839
5153.617 253.882
5154.796 259.507
5155.975 281.750
5157.154 276.535
5158.332 284.746
5159.511 284.525
5160.690 283.113
5161.869 274.929
5163.048 277.128
5164.226 290.714
5165.405 290.825
5166.584 268.034
5167.763 258.658
5168.942 257.731
5170.121 258.207
5171.299 257.379
5172.478 249.819
5173.657 239.249
5174.836 256.728
5176.015 281.660
5177.193 281.239
5178.372 266.951
5179.551 272.331
5180.730 283.327
5181.909 266.399
5183.088 269.714
5184.266 240.257
5185.445 254.814
5186.624 271.075
5187.803 285.830
5188.982 301.367
5190.160 290.244
5191.339 274.574
5192.518 257.238
5193.697 272.377
5194.876 265.068
5196.055 349.932
5197.233 617.781
5198.412 841.657
5199.591 783.158
5200.770 572.315
5201.949 471.745
5203.127 314.294
5204.306 283.413
5205.485 273.354
5206.664 275.127
5207.843 292.269
5209.022 294.399
5210.200 244.967
5211.379 226.156
5212.558 261.592
5213.737 260.763
5214.916 259.879
5216.094 254.766
5217.273 272.966
5218.452 255.357
5219.631 274.163
5220.810 302.117
5221.989 251.523
5223.167 251.400
5224.346 319.796
5225.525 308.321
5226.704 272.869
5227.883 267.443
5229.061 246.923
5230.240 251.591
5231.419 243.805
5232.598 282.426
5233.777 284.879
5234.956 276.673
5236.134 251.851
5237.313 297.645
5238.492 297.988
5239.671 304.708
5240.850 269.302
5242.028 285.883
5243.207 249.267
5244.386 264.835
5245.565 272.524
5246.744 259.343
5247.923 280.379
5249.101 278.590
5250.280 275.504
5251.459 271.822
5252.638 275.177
5253.817 290.146
5254.995 293.496
5256.174 310.087
5257.353 300.372
5258.532 270.989
5259.711 244.730
5260.890 234.763
5262.068 255.776
5263.247 263.197
5264.426 222.775
5265.605 246.296
5266.784 230.225
5267.962 210.142
5269.141 251.595
5270.320 239.780
5271.499 230.566
5272.678 249.513
5273.857 260.568
5275.035 276.733
5276.214 276.518
5277.393 259.905
5278.572 266.229
5279.751 269.602
5280.929 276.277
5282.108 290.349
5283.287 280.127
5284.466 296.537
5285.645 272.314
5286.824 285.796
5288.002 260.472
5289.181 258.281
5290.360 241.246
5291.539 256.497
5292.718 262.449
5293.896 251.868
5295.075 264.779
5296.254 259.991
5297.433 270.443
5298.612 270.330
5299.790 269.736
5300.969 270.409
5302.148 270.147
5303.327 284.129
5304.506 250.974
5305.685 262.729
5306.863 253.777
5308.042 265.350
5309.221 269.744
5310.400 257.523
5311.579 246.651
5312.757 246.319
5313.936 307.337
5315.115 302.973
5316.294 237.614
5317.473 269.361
5318.652 273.754
5319.830 255.957
5321.009 272.175
5322.188 264.892
5323.367 250.631
5324.546 254.377
5325.724 254.086
5326.903 242.277
5328.082 258.379
5329.261 345.739
5330.440 411.415
5331.619 375.252
5332.797 310.700
5333.976 267.169
5335.155 223.181
5336.334 249.266
5337.513 246.369
5338.691 219.288
5339.870 244.285
5341.049 227.927
5342.228 246.517
5343.407 272.429
5344.586 237.008
5345.764 242.978
5346.943 255.473
5348.122 240.717
5349.301 254.241
5350.480 249.804
5351.658 240.635
5352.837 267.854
5354.016 254.213
5355.195 246.284
5356.374 267.779
5357.553 236.722
5358.731 228.958
5359.910 241.893
5361.089 258.965
5362.268 244.445
5363.447 245.410
5364.625 235.898
5365.804 256.636
5366.983 247.420
5368.162 228.862
5369.341 231.695
5370.520 227.002
5371.698 219.830
5372.877 243.680
5374.056 242.991
5375.235 228.913
5376.414 265.900
5377.592 246.366
5378.771 240.384
5379.950 272.998
5381.129 265.099
5382.308 234.991
5383.487 239.870
5384.665 250.981
5385.844 246.475
5387.023 241.639
5388.202 238.127
5389.381 260.193
5390.559 254.043
5391.738 238.195
5392.917 229.765
5394.096 228.075
5395.275 243.062
5396.454 244.355
5397.632 235.469
5398.811 237.606
5399.990 230.067
5401.169 249.184
5402.348 249.323
5403.526 226.770
5404.705 251.664
5405.884 281.394
5407.063 235.890
5408.242 245.442
5409.421 246.051
5410.599 249.382
5411.778 260.184
5412.957 267.422
5414.136 258.034
5415.315 251.222
5416.493 264.549
5417.672 284.584
5418.851 258.662
5420.030 241.583
5421.209 256.896
5422.388 232.776
5423.566 228.160
5424.745 228.317
5425.924 221.796
5427.103 240.212
5428.282 236.288
5429.460 218.111
5430.639 224.160
5431.818 223.714
5432.997 240.598
5434.176 241.592
5435.355 267.333
5436.533 296.602
5437.712 263.341
5438.891 238.654
5440.070 228.607
5441.249 238.157
5442.427 256.577
5443.606 237.687
5444.785 248.095
5445.964 234.334
5447.143 237.103
5448.322 224.794
5449.500 207.824
5450.679 209.352
5451.858 217.360
5453.037 211.594
5454.216 234.616
5455.394 248.232
5456.573 221.681
5457.752 241.800
5458.931 222.180
5460.110 233.086
5461.288 249.475
5462.467 216.081
5463.646 229.031
5464.825 245.529
5466.004 224.174
5467.183 227.450
5468.361 217.987
5469.540 204.812
5470.719 211.993
5471.898 255.119
5473.077 239.380
5474.255 207.530
5475.434 236.927
5476.613 239.050
5477.792 236.385
5478.971 204.128
5480.150 206.669
5481.328 227.933
5482.507 224.790
5483.686 222.757
5484.865 239.213
5486.044 232.255
5487.222 196.232
5488.401 201.187
5489.580 222.360
5490.759 231.314
5491.938 211.735
5493.117 221.971
5494.295 207.430
5495.474 219.651
5496.653 221.751
5497.832 216.814
5499.011 224.365
5500.189 234.384
5501.368 236.435
5502.547 218.161
5503.726 214.141
5504.905 230.594
5506.084 223.838
5507.262 209.651
5508.441 230.426
5509.620 236.247
5510.799 219.444
5511.978 241.463
5513.156 235.191
5514.335 234.965
5515.514 230.351
5516.693 243.486
5517.872 238.044
5519.051 207.803
5520.229 254.410
5521.408 256.980
5522.587 230.787
5523.766 229.105
5524.945 210.619
5526.123 199.022
5527.302 207.400
5528.481 205.179
5529.660 222.480
5530.839 210.895
5532.018 206.862
5533.196 270.064
5534.375 232.195
5535.554 224.295
5536.733 195.687
5537.912 204.761
5539.090 232.096
5540.269 221.459
5541.448 259.351
5542.627 238.820
5543.806 264.771
5544.985 269.629
5546.163 238.741
5547.342 227.771
5548.521 213.475
5549.700 224.204
5550.879 245.154
5552.057 230.767
5553.236 234.962
5554.415 251.970
5555.594 221.051
5556.773 212.377
5557.952 215.747
5559.130 212.054
5560.309 230.862
5561.488 238.664
5562.667 255.615
5563.846 274.606
5565.024 284.302
5566.203 252.693
5567.382 221.525
5568.561 225.298
5569.740 231.568
5570.919 232.709
5572.097 214.622
5573.276 285.565
5574.455 163.532
5575.634 2063.632
5576.813 9293.382
5577.991 11395.721
5579.170 6383.159
5580.349 923.214
5581.528 200.379
5582.707 276.205
5583.886 224.397
5585.064 238.472
5586.243 219.073
5587.422 232.794
5588.601 256.874
5589.780 266.175
5590.958 249.587
5592.137 227.330
5593.316 221.748
5594.495 219.305
5595.674 223.423
5596.853 218.663
5598.031 225.536
5599.210 240.503
5600.389 218.797
5601.568 187.172
5602.747 197.123
5603.925 223.435
5605.104 266.764
5606.283 279.505
5607.462 224.652
5608.641 216.637
5609.820 234.674
5610.998 233.617
5612.177 242.859
5613.356 226.235
5614.535 198.201
5615.714 212.774
5616.892 243.493
5618.071 240.658
5619.250 238.412
5620.429 225.203
5621.608 217.555
5622.786 232.512
5623.965 241.208
5625.144 258.901
5626.323 251.331
5627.502 224.259
5628.681 221.058
5629.859 215.753
5631.038 215.702
5632.217 230.285
5633.396 220.638
5634.575 212.299
5635.753 213.048
5636.932 195.698
5638.111 193.735
5639.290 220.524
5640.469 241.680
5641.648 219.656
5642.826 208.510
5644.005 220.592
5645.184 246.223
5646.363 235.240
5647.542 224.678
5648.720 211.230
5649.899 230.398
5651.078 247.263
5652.257 224.541
5653.436 233.021
5654.615 235.130
5655.793 231.443
5656.972 235.884
5658.151 208.656
5659.330 216.035
5660.509 193.518
5661.687 197.185
5662.866 195.971
5664.045 205.347
5665.224 221.782
5666.403 222.919
5667.582 205.398
5668.760 235.229
5669.939 243.359
5671.118 218.531
5672.297 232.364
5673.476 239.481
5674.654 238.279
5675.833 252.866
5677.012 227.714
5678.191 226.934
5679.370 232.710
5680.549 222.109
5681.727 220.408
5682.906 227.772
5684.085 230.264
5685.264 219.596
5686.443 224.746
5687.621 243.001
5688.800 240.347
5689.979 243.305
5691.158 249.740
5692.337 221.095
5693.516 216.985
5694.694 251.049
5695.873 248.114
5697.052 227.436
5698.231 232.747
5699.410 213.694
5700.588 203.718
5701.767 198.249
5702.946 218.292
5704.125 212.200
5705.304 237.307
5706.483 239.969
5707.661 215.923
5708.840 219.277
5710.019 213.991
5711.198 216.884
5712.377 231.110
5713.555 214.763
5714.734 223.985
5715.913 225.745
5717.092 226.568
5718.271 219.418
5719.450 221.983
5720.628 231.432
5721.807 234.361
5722.986 223.370
5724.165 203.093
5725.344 236.051
5726.522 232.065
5727.701 222.995
5728.880 237.156
5730.059 222.745
5731.238 209.487
5732.417 214.697
5733.595 206.605
5734.774 207.110
5735.953 196.111
5737.132 184.274
5738.311 203.849
5739.489 199.053
5740.668 215.518
5741.847 210.187
5743.026 188.525
5744.205 190.439
5745.384 209.378
5746.562 215.039
5747.741 218.997
5748.920 204.156
5750.099 207.101
5751.278 218.488
5752.456 201.948
5753.635 211.052
5754.814 198.526
5755.993 217.918
5757.172 205.421
5758.351 203.479
5759.529 201.635
5760.708 232.049
5761.887 191.807
5763.066 210.660
5764.245 228.750
5765.423 210.794
5766.602 182.198
5767.781 212.900
5768.960 240.135
5770.139 221.075
5771.318 226.768
5772.496 221.195
5773.675 201.881
5774.854 216.414
5776.033 206.435
5777.212 219.803
5778.390 208.556
5779.569 225.915
5780.748 198.683
5781.927 192.001
5783.106 220.661
5784.284 233.881
5785.463 228.998
5786.642 193.190
5787.821 206.573
5789.000 224.149
5790.179 194.447
5791.357 208.879
5792.536 211.564
5793.715 185.393
5794.894 193.718
5796.073 203.438
5797.251 201.946
5798.430 214.683
5799.609 194.619
5800.788 224.031
5801.967 205.508
5803.146 227.630
5804.324 208.886
5805.503 209.936
5806.682 233.151
5807.861 223.756
5809.040 231.759
5810.218 224.313
5811.397 203.861
5812.576 238.607
5813.755 251.757
5814.934 215.649
5816.113 187.966
5817.291 224.659
5818.470 203.473
5819.649 202.662
5820.828 198.110
5822.007 200.272
5823.185 201.490
5824.364 204.789
5825.543 217.230
5826.722 225.838
5827.901 219.590
5829.080 209.998
5830.258 218.507
5831.437 223.251
5832.616 201.525
5833.795 187.391
5834.974 226.712
5836.152 227.490
5837.331 201.986
5838.510 228.473
5839.689 209.298
5840.868 211.021
5842.047 219.450
5843.225 218.663
5844.404 229.238
5845.583 217.950
5846.762 217.618
5847.941 230.504
5849.119 201.996
5850.298 206.456
5851.477 213.530
5852.656 205.961
5853.835 233.879
5855.014 213.050
5856.192 209.659
5857.371 198.939
5858.550 197.199
5859.729 200.545
5860.908 213.128
5862.086 216.808
5863.265 208.571
5864.444 236.624
5865.623 306.613
5866.802 350.477
5867.981 335.029
5869.159 286.497
5870.338 244.259
5871.517 243.238
5872.696 226.369
5873.875 242.713
5875.053 219.497
5876.232 215.712
5877.411 536.401
5878.590 1048.162
5879.769 1154.130
5880.948 689.102
5882.126 319.940
5883.305 240.545
5884.484 213.835
5885.663 242.493
5886.842 283.728
5888.020 572.426
5889.199 1246.459
5890.378 1408.889
5891.557 931.530
5892.736 375.927
5893.915 362.311
5895.093 745.637
5896.272 947.431
5897.451 668.109
5898.630 345.331
5899.809 228.224
5900.987 214.669
5902.166 224.716
5903.345 219.075
5904.524 216.515
5905.703 242.196
5906.882 243.252
5908.060 243.442
5909.239 232.434
5910.418 205.968
5911.597 191.804
5912.776 196.925
5913.954 279.066
5915.133 344.102
5916.312 320.293
5917.491 265.699
5918.670 239.015
5919.849 207.874
5921.027 201.475
5922.206 234.297
5923.385 245.724
5924.564 256.201
5925.743 270.711
5926.921 236.522
5928.100 219.156
5929.279 215.424
5930.458 209.644
5931.637 302.467
5932.815 384.504
5933.994 361.623
5935.173 257.344
5936.352 204.711
5937.531 215.826
5938.710 204.864
5939.888 206.718
5941.067 220.621
5942.246 193.431
5943.425 213.728
5944.604 214.380
5945.782 238.626
5946.961 230.589
5948.140 221.827
5949.319 184.259
5950.498 199.800
5951.677 241.833
5952.855 295.844
5954.034 311.456
5955.213 258.699
5956.392 228.805
5957.571 244.014
5958.749 240.813
5959.928 223.022
5961.107 207.272
5962.286 193.784
5963.465 210.320
5964.644 203.658
5965.822 203.097
5967.001 200.838
5968.180 210.319
5969.359 206.690
5970.538 222.070
5971.716 252.938
5972.895 252.962
5974.074 252.988
