5329.969 2374.977
5331.022 2204.982
5332.075 1850.153
5333.128 1773.628
5334.181 1719.678
5335.234 1802.110
5336.287 1922.076
5337.340 1690.789
5338.393 1638.529
5339.446 1769.758
5340.499 1608.516
5341.552 1652.263
5342.605 1659.935
5343.658 1702.076
5344.711 1780.802
5345.764 1927.322
5346.817 1839.138
5347.870 1804.912
5348.923 1736.741
5349.976 1709.166
5351.029 1634.381
5352.082 1802.234
5353.135 1641.482
5354.188 1609.380
5355.241 1767.157
5356.294 1782.811
5357.347 1903.230
5358.400 1673.838
5359.453 1706.691
5360.506 1672.985
5361.559 1665.793
5362.612 1651.929
5363.665 1577.789
5364.718 1762.566
5365.771 1695.754
5366.824 1654.734
5367.877 1605.766
5368.930 1699.361
5369.983 1736.785
5371.036 1592.676
5372.089 1636.896
5373.142 1571.585
5374.195 1699.472
5375.248 1637.121
5376.301 1646.838
5377.354 1749.671
5378.407 1774.175
5379.460 1784.241
5380.513 1560.239
5381.566 1757.523
5382.619 1761.776
5383.672 1661.855
5384.725 1652.820
5385.778 1561.021
5386.831 1619.010
5387.884 1587.839
5388.937 1680.284
5389.990 1517.603
5391.043 1580.879
5392.097 1730.980
5393.150 1537.779
5394.203 1657.671
5395.256 1534.513
5396.309 1649.536
5397.362 1472.041
5398.415 1574.162
5399.468 1611.788
5400.521 1542.365
5401.574 1508.233
5402.627 1509.271
5403.680 1594.485
5404.733 1575.095
5405.786 1516.436
5406.839 1483.689
5407.892 1666.944
5408.945 1608.916
5409.998 1597.472
5411.051 1519.653
5412.104 1609.895
5413.157 1531.729
5414.210 1525.700
5415.263 1699.151
5416.316 1649.191
5417.369 1623.018
5418.422 1557.715
5419.475 1469.916
5420.528 1556.513
5421.581 1574.634
5422.634 1595.830
5423.687 1492.379
5424.740 1611.526
5425.793 1610.863
5426.846 1555.074
5427.899 1593.245
5428.952 1508.723
5430.005 1571.373
5431.058 1550.590
5432.111 1653.243
5433.164 1510.641
5434.217 1536.186
5435.270 1603.493
5436.323 1676.281
5437.376 1735.948
5438.429 1605.509
5439.482 1633.393
5440.535 1602.021
5441.588 1543.596
5442.641 1749.722
5443.694 1590.058
5444.747 1563.415
5445.800 1528.739
5446.853 1606.635
5447.906 1526.453
5448.959 1404.808
5450.012 1522.536
5451.065 1613.244
5452.118 1513.926
5453.171 1502.892
5454.224 1586.028
5455.277 1645.396
5456.330 1477.521
5457.383 1642.180
5458.436 1543.487
5459.489 1681.814
5460.542 1600.160
5461.595 1592.982
5462.648 1569.372
5463.701 1413.808
5464.754 1510.804
5465.807 1522.264
5466.860 1541.737
5467.913 1593.909
5468.966 1613.080
5470.019 1432.222
5471.072 1505.182
5472.125 1501.160
5473.178 1476.140
5474.231 1409.646
5475.285 1498.522
5476.338 1519.923
5477.391 1466.426
5478.444 1437.874
5479.497 1625.487
5480.550 1548.226
5481.603 1577.204
5482.656 1524.165
5483.709 1514.257
5484.762 1541.838
5485.815 1577.677
5486.868 1542.472
5487.921 1566.685
5488.974 1514.963
5490.027 1546.549
5491.080 1494.007
5492.133 1487.500
5493.186 1487.405
5494.239 1610.181
5495.292 1424.054
5496.345 1354.556
5497.398 1607.547
5498.451 1532.225
5499.504 1536.656
5500.557 1557.135
5501.610 1442.699
5502.663 1392.416
5503.716 1433.550
5504.769 1433.574
5505.822 1595.536
5506.875 1492.393
5507.928 1559.580
5508.981 1534.861
5510.034 1574.418
5511.087 1598.140
5512.140 1557.469
5513.193 1637.503
5514.246 1626.220
5515.299 1526.717
5516.352 1543.196
5517.405 1548.451
5518.458 1601.723
5519.511 1692.397
5520.564 2121.429
5521.617 2036.437
5522.670 1753.208
5523.723 1593.861
5524.776 1355.004
5525.829 1491.351
5526.882 1549.772
5527.935 1552.823
5528.988 1448.799
5530.041 1556.214
5531.094 1581.204
5532.147 1461.517
5533.200 1534.189
5534.253 1624.850
5535.306 1519.170
5536.359 1602.430
5537.412 1443.111
5538.465 1650.742
5539.518 1514.479
5540.571 1875.209
5541.624 2010.498
5542.677 1855.714
5543.730 1788.937
5544.783 1775.227
5545.836 1665.661
5546.889 1502.774
5547.942 1552.480
5548.995 1622.371
5550.048 1551.688
5551.101 1492.113
5552.154 1573.135
5553.207 1554.656
5554.260 1442.515
5555.313 1555.877
5556.366 1633.188
5557.419 1600.963
5558.473 1529.817
5559.526 1554.702
5560.579 1541.762
5561.632 1530.115
5562.685 1567.306
5563.738 1810.745
5564.791 1702.906
5565.844 1580.063
5566.897 1377.550
5567.950 1326.128
5569.003 1666.150
5570.056 1511.059
5571.109 1502.772
5572.162 1463.063
5573.215 1451.554
5574.268 2009.241
5575.321 2512.697
5576.374 29160.956
5577.427 52454.527
5578.480 40976.167
5579.533 7272.723
5580.586 1295.795
5581.639 1640.214
5582.692 1545.568
5583.745 1500.243
5584.798 1558.332
5585.851 1438.516
5586.904 1484.844
5587.957 1595.773
5589.010 1676.427
5590.063 1750.765
5591.116 1467.351
5592.169 1467.104
5593.222 1492.925
5594.275 1499.243
5595.328 1442.383
5596.381 1463.603
5597.434 1622.072
5598.487 1529.904
5599.540 1467.217
5600.593 1440.902
5601.646 1469.777
5602.699 1469.558
5603.752 1538.660
5604.805 1733.750
5605.858 1753.481
5606.911 1571.256
5607.964 1397.978
5609.017 1468.749
5610.070 1578.913
5611.123 1421.807
5612.176 1523.024
5613.229 1426.419
5614.282 1457.330
5615.335 1439.921
5616.388 1472.229
5617.441 1504.303
5618.494 1508.503
5619.547 1543.080
5620.600 1473.259
5621.653 1415.277
5622.706 1522.042
5623.759 1679.922
5624.812 1632.525
5625.865 1405.119
5626.918 1464.177
5627.971 1469.206
5629.024 1432.587
5630.077 1360.767
5631.130 1508.292
5632.183 1474.137
5633.236 1517.276
5634.289 1410.477
5635.342 1583.156
5636.395 1339.509
5637.448 1599.177
5638.501 1449.499
5639.554 1593.473
5640.608 1410.869
5641.661 1487.614
5642.714 1559.100
5643.767 1428.785
5644.820 1557.932
5645.873 1514.095
5646.926 1553.881
5647.979 1528.652
5649.032 1515.528
5650.085 1357.326
5651.138 1368.711
5652.191 1431.260
5653.244 1461.318
5654.297 1411.463
5655.350 1426.807
5656.403 1313.179
5657.456 1344.133
5658.509 1429.423
5659.562 1425.922
5660.615 1461.632
5661.668 1432.799
5662.721 1446.436
5663.774 1516.378
5664.827 1552.720
5665.880 1435.508
5666.933 1436.228
5667.986 1472.956
5669.039 1499.896
5670.092 1490.901
5671.145 1388.974
5672.198 1524.599
5673.251 1403.046
5674.304 1514.211
5675.357 1551.234
5676.410 1468.308
5677.463 1479.878
5678.516 1447.445
5679.569 1429.212
5680.622 1412.562
5681.675 1475.150
5682.728 1424.129
5683.781 1445.872
5684.834 1513.462
5685.887 1452.395
5686.940 1437.424
5687.993 1451.609
5689.046 1530.446
5690.099 1590.988
5691.152 1478.640
5692.205 1501.953
5693.258 1438.701
5694.311 1474.857
5695.364 1501.790
5696.417 1506.669
5697.470 1477.838
5698.523 1494.605
5699.576 1492.002
5700.629 1434.890
5701.682 1364.504
5702.735 1393.056
5703.788 1516.214
5704.841 1497.375
5705.894 1400.864
5706.947 1338.891
5708.000 1405.985
5709.053 1348.100
5710.106 1482.739
5711.159 1508.924
5712.212 1386.783
5713.265 1366.190
5714.318 1507.427
5715.371 1488.401
5716.424 1489.502
5717.477 1422.807
5718.530 1402.430
5719.583 1415.878
5720.636 1485.628
5721.689 1420.150
5722.742 1417.758
5723.796 1489.733
5724.849 1457.329
5725.902 1435.087
5726.955 1524.318
5728.008 1474.292
5729.061 1437.241
5730.114 1440.343
5731.167 1441.161
5732.220 1410.486
5733.273 1335.661
5734.326 1386.204
5735.379 1443.956
5736.432 1400.666
5737.485 1476.137
5738.538 1463.125
5739.591 1415.990
5740.644 1499.281
5741.697 1498.010
5742.750 1350.379
5743.803 1422.409
5744.856 1519.617
5745.909 1510.275
5746.962 1428.276
5748.015 1395.657
5749.068 1447.971
5750.121 1364.489
5751.174 1401.714
5752.227 1356.347
5753.280 1441.384
5754.333 1393.819
5755.386 1337.134
5756.439 1508.574
5757.492 1566.483
5758.545 1569.533
5759.598 1522.230
5760.651 1332.471
5761.704 1300.855
5762.757 1293.114
5763.810 1412.635
5764.863 1431.607
5765.916 1407.496
5766.969 1273.505
5768.022 1426.713
5769.075 1394.430
5770.128 1417.688
5771.181 1329.510
5772.234 1394.902
5773.287 1350.687
5774.340 1388.692
5775.393 1415.724
5776.446 1370.621
5777.499 1396.742
5778.552 1314.813
5779.605 1464.643
5780.658 1460.695
5781.711 1382.637
5782.764 1437.520
5783.817 1282.370
5784.870 1344.006
5785.923 1326.428
5786.976 1364.688
5788.029 1389.144
5789.082 1359.348
5790.135 1333.061
5791.188 1354.073
5792.241 1404.524
5793.294 1422.314
5794.347 1442.800
5795.400 1476.090
5796.453 1430.008
5797.506 1386.894
5798.559 1290.137
5799.612 1441.596
5800.665 1450.164
5801.718 1268.927
5802.771 1377.158
5803.824 1412.484
5804.877 1296.512
5805.931 1322.639
5806.984 1366.519
5808.037 1331.782
5809.090 1367.677
5810.143 1273.625
5811.196 1364.791
5812.249 1342.369
5813.302 1330.433
5814.355 1373.258
5815.408 1385.090
5816.461 1432.744
5817.514 1393.725
5818.567 1363.327
5819.620 1397.488
5820.673 1346.601
5821.726 1370.860
5822.779 1305.748
5823.832 1350.985
5824.885 1344.410
5825.938 1362.843
5826.991 1428.642
5828.044 1389.756
5829.097 1372.004
5830.150 1470.183
5831.203 1449.210
5832.256 1385.655
5833.309 1414.355
5834.362 1384.545
5835.415 1354.692
5836.468 1337.910
5837.521 1454.383
5838.574 1428.543
5839.627 1440.938
5840.680 1465.440
5841.733 1318.232
5842.786 1387.769
5843.839 1455.756
5844.892 1378.065
5845.945 1251.047
5846.998 1354.240
5848.051 1433.857
5849.104 1449.393
5850.157 1384.202
5851.210 1341.825
5852.263 1319.488
5853.316 1351.357
5854.369 1404.930
5855.422 1304.993
5856.475 1373.672
5857.528 1325.889
5858.581 1309.328
5859.634 1412.579
5860.687 1319.980
5861.740 1395.890
5862.793 1336.400
5863.846 1392.185
5864.899 1616.225
5865.952 1923.628
5867.005 1960.159
5868.058 1847.652
5869.111 1796.895
5870.164 1497.475
5871.217 1438.174
5872.270 1408.859
5873.323 1450.338
5874.376 1465.681
5875.429 1482.791
5876.482 1614.879
5877.535 5456.060
5878.588 14855.262
5879.641 16739.945
5880.694 8345.955
5881.747 1383.916
5882.800 1517.658
5883.853 1343.532
5884.906 1353.829
5885.959 1413.513
5887.012 1935.599
5888.065 2574.844
5889.119 5492.965
5890.172 7196.456
5891.225 4860.503
5892.278 1899.168
5893.331 1417.424
5894.384 2242.078
5895.437 4451.741
5896.490 4664.238
5897.543 2724.434
5898.596 1462.691
5899.649 1397.466
5900.702 1408.890
5901.755 1344.277
5902.808 1514.190
5903.861 1377.159
5904.914 1406.094
5905.967 1494.808
5907.020 1538.139
5908.073 1492.721
5909.126 1387.426
5910.179 1316.157
5911.232 1353.219
5912.285 1366.520
5913.338 1510.073
5914.391 1746.132
5915.444 2102.348
5916.497 1846.888
5917.550 1434.968
5918.603 1408.251
5919.656 1372.734
5920.709 1304.027
5921.762 1363.159
5922.815 1336.684
5923.868 1511.363
5924.921 1665.269
5925.974 1587.939
5927.027 1350.284
5928.080 1310.813
5929.133 1380.815
5930.186 1307.393
5931.239 1470.496
5932.292 1965.898
5933.345 2144.653
5934.398 1640.309
5935.451 1308.583
5936.504 1311.821
5937.557 1352.156
5938.610 1277.504
5939.663 1294.404
5940.716 1295.196
5941.769 1342.233
5942.822 1357.649
5943.875 1333.764
5944.928 1476.249
5945.981 1623.268
5947.034 1517.082
5948.087 1351.443
5949.140 1347.292
5950.193 1358.015
5951.246 1387.039
5952.299 1581.128
5953.352 1975.652
5954.405 1894.022
5955.458 1456.970
5956.511 1307.343
5957.564 1391.049
5958.617 1377.681
5959.670 1351.250
5960.723 1408.979
5961.776 1420.173
5962.829 1394.048
5963.882 1309.032
5964.935 1308.913
5965.988 1315.157
5967.041 1329.417
5968.094 1377.405
5969.147 1422.139
5970.200 1414.079
5971.254 1371.340
5972.307 1368.385
5973.360 1322.673
5974.413 1289.856
5975.466 1397.551
5976.519 1594.000
5977.572 1602.881
5978.625 1541.509
5979.678 1325.947
5980.731 1216.101
5981.784 1234.605
5982.837 1308.632
5983.890 1269.561
5984.943 1215.210
5985.996 1286.266
5987.049 1167.818
5988.102 1278.936
5989.155 1341.469
5990.208 1238.610
5991.261 1225.719
5992.314 1243.664
5993.367 1283.111
5994.420 1277.576
5995.473 1210.686
5996.526 1300.428
5997.579 1256.405
5998.632 1332.902
5999.685 1256.478
6000.738 1252.299
6001.791 1229.780
6002.844 1336.423
6003.897 1354.195
6004.950 1428.026
6006.003 1289.068
6007.056 1176.434
6008.109 1216.837
6009.162 1237.496
6010.215 1197.670
6011.268 1189.447
6012.321 1168.702
6013.374 1185.759
6014.427 1218.166
6015.480 1162.315
6016.533 1201.869
6017.586 1143.239
6018.639 1121.471
6019.692 1135.205
6020.745 1146.313
6021.798 1229.325
6022.851 1166.125
6023.904 1131.789
6024.957 1143.747
6026.010 1153.842
6027.063 1161.343
6028.116 1156.372
6029.169 1188.184
6030.222 1272.409
6031.275 1224.445
6032.328 1220.425
6033.381 1279.758
6034.434 1192.231
6035.487 1197.210
6036.540 1147.690
6037.593 1095.996
6038.646 1144.144
6039.699 1130.279
6040.752 1159.864
6041.805 1098.933
6042.858 1150.717
6043.911 1088.525
6044.964 1120.678
6046.017 1254.455
6047.070 1110.121
6048.123 1237.893
6049.176 1146.455
6050.229 1164.465
6051.282 1155.142
6052.335 1169.375
6053.388 1091.913
6054.442 1154.860
6055.495 1035.563
6056.548 1092.287
6057.601 1144.511
6058.654 1088.537
6059.707 1088.077
6060.760 1060.558
6061.813 1089.222
6062.866 1149.426
6063.919 1170.195
6064.972 1122.834
6066.025 1114.050
6067.078 1108.365
6068.131 1154.536
6069.184 1102.500
6070.237 1106.556
6071.290 1160.571
6072.343 1159.314
6073.396 1032.346
6074.449 1150.179
6075.502 1132.833
6076.555 1169.678
6077.608 1098.798
6078.661 1061.017
6079.714 1139.742
6080.767 1123.171
6081.820 1039.194
6082.873 1102.040
6083.926 1072.740
6084.979 1111.017
6086.032 1030.282
6087.085 1122.509
6088.138 1097.673
6089.191 1134.451
6090.244 1075.015
6091.297 1076.850
6092.350 1103.013
6093.403 1127.529
6094.456 1078.433
6095.509 1133.328
6096.562 1131.774
6097.615 1057.046
6098.668 1110.200
6099.721 1131.539
6100.774 1156.635
6101.827 1137.973
6102.880 1025.419
6103.933 1144.399
6104.986 1123.495
6106.039 1036.848
6107.092 1022.975
6108.145 1060.491
6109.198 1071.357
6110.251 1034.535
6111.304 1046.125
6112.357 1051.400
6113.410 1052.448
6114.463 1024.511
6115.516 1037.030
6116.569 1087.842
6117.622 1094.868
6118.675 1119.530
6119.728 1064.125
6120.781 1003.176
6121.834 1023.202
6122.887 1061.174
6123.940 1088.107
6124.993 1096.815
6126.046 1096.907
6127.099 1072.512
6128.152 1114.861
6129.205 1084.178
6130.258 1027.230
6131.311 1081.171
6132.364 1126.352
6133.417 1073.409
6134.470 1067.449
6135.523 1053.534
6136.577 1106.900
6137.630 1130.123
6138.683 1157.347
6139.736 1163.726
6140.789 1082.873
6141.842 1114.008
6142.895 1142.134
6143.948 1195.877
6145.001 1208.474
6146.054 1121.743
6147.107 1062.191
6148.160 1013.272
6149.213 1042.892
6150.266 1081.260
6151.319 1114.504
6152.372 1100.083
6153.425 1114.143
6154.478 1136.687
6155.531 1347.900
6156.584 1744.444
6157.637 1849.860
6158.690 1612.124
6159.743 1252.419
6160.796 1070.278
6161.849 977.441
6162.902 995.801
6163.955 922.315
6165.008 918.923
6166.061 979.572
6167.114 1031.400
6168.167 1094.548
6169.220 1146.536
6170.273 1349.767
6171.326 1466.493
6172.379 1166.256
6173.432 932.572
6174.485 996.518
6175.538 1160.611
6176.591 1136.576
6177.644 1018.977
6178.697 1038.747
6179.750 1155.241
6180.803 1059.068
6181.856 973.146
6182.909 1026.514
6183.962 1058.432
6185.015 1038.075
6186.068 1018.974
6187.121 1015.325
6188.174 1028.459
6189.227 1066.262
6190.280 984.538
6191.333 1032.128
6192.386 1073.900
6193.439 1163.380
6194.492 1120.764
6195.545 998.450
6196.598 999.819
6197.651 979.666
6198.704 966.197
6199.757 981.103
6200.810 1060.682
6201.863 1211.031
6202.916 1327.823
6203.969 1296.548
6205.022 1046.421
6206.075 946.763
6207.128 1067.026
6208.181 1091.649
6209.234 949.928
6210.287 1052.139
6211.340 1069.111
6212.393 1052.191
6213.446 1193.782
6214.499 1186.686
6215.552 1075.642
6216.605 982.402
6217.658 1079.741
6218.711 1089.643
6219.765 961.742
6220.818 1174.864
6221.871 1316.246
6222.924 1219.881
6223.977 1090.579
6225.030 1087.948
6226.083 1080.107
6227.136 1023.547
6228.189 1013.123
6229.242 954.227
6230.295 970.369
6231.348 1008.796
6232.401 1052.065
6233.454 1266.162
6234.507 1770.846
6235.560 1974.733
6236.613 2008.624
6237.666 1583.779
6238.719 1192.824
6239.772 1210.558
6240.825 1302.904
6241.878 1290.913
6242.931 1242.578
6243.984 1174.341
6245.037 1089.980
6246.090 1022.031
6247.143 994.087
6248.196 1060.902
6249.249 993.230
6250.302 1025.056
6251.355 1074.701
6252.408 1016.442
6253.461 1000.202
6254.514 983.164
6255.567 1024.046
6256.620 1499.694
6257.673 2065.019
6258.726 2034.515
6259.779 1438.462
6260.832 1012.025
6261.885 1034.844
6262.938 1061.081
6263.991 1156.592
6265.044 1327.247
6266.097 1334.136
6267.150 1162.083
6268.203 1085.861
6269.256 1084.629
6270.309 1022.285
6271.362 1031.537
6272.415 1024.523
6273.468 1003.226
6274.521 1069.562
6275.574 1115.781
6276.627 1122.124
6277.680 1122.448
6278.733 1009.379
6279.786 967.164
6280.839 927.035
6281.892 973.827
6282.945 970.262
6283.998 1045.982
6285.051 1000.981
6286.104 1245.276
6287.157 1950.085
6288.210 1933.416
6289.263 1381.254
6290.316 1033.410
6291.369 1061.592
6292.422 986.172
6293.475 1002.427
6294.528 1052.260
6295.581 1023.221
6296.634 1462.117
6297.687 1547.056
6298.740 12637.129
6299.793 44826.569
6300.846 50966.117
6301.899 27195.943
6302.953 1890.724
6304.006 4260.560
6305.059 3619.914
6306.112 2520.184
6307.165 2134.988
6308.218 1814.594
6309.271 1139.821
6310.324 1018.228
6311.377 1030.519
6312.430 993.177
6313.483 1143.715
6314.536 1790.136
6315.589 2662.200
6316.642 2510.807
6317.695 1370.543
6318.748 972.698
6319.801 1070.651
6320.854 1312.284
6321.907 1374.661
6322.960 1167.198
6324.013 928.704
6325.066 1032.348
6326.119 980.037
6327.172 1033.641
6328.225 1159.370
6329.278 1784.339
6330.331 1882.375
6331.384 1419.598
6332.437 908.921
6333.490 999.278
6334.543 931.941
6335.596 956.250
6336.649 985.196
6337.702 991.129
6338.755 984.754
6339.808 887.572
6340.861 1054.445
6341.914 964.369
6342.967 1013.958
6344.020 996.466
6345.073 1010.575
6346.126 992.323
6347.179 1011.486
6348.232 1121.328
6349.285 1132.445
6350.338 1050.628
6351.391 959.394
6352.444 987.119
6353.497 974.901
6354.550 1002.365
6355.603 1368.882
6356.656 1558.325
6357.709 1349.959
6358.762 1007.867
6359.815 868.898
6360.868 1091.221
6361.921 2817.812
6362.974 12147.181
6364.027 18714.029
6365.080 11273.166
6366.133 2810.301
6367.186 1571.536
6368.239 1898.294
6369.292 1350.459
6370.345 926.017
6371.398 938.470
6372.451 987.120
6373.504 931.258
6374.557 901.687
6375.610 990.112
6376.663 956.304
6377.716 982.534
6378.769 1036.066
6379.822 1063.583
6380.875 1022.312
6381.928 990.671
6382.981 928.588
6384.034 1001.678
6385.088 972.728
6386.141 1204.351
6387.194 1214.970
6388.247 1040.158
6389.300 974.776
6390.353 987.917
6391.406 983.346
6392.459 923.685
6393.512 947.216
6394.565 948.322
6395.618 861.706
6396.671 983.418
6397.724 881.324
6398.777 913.363
6399.830 928.753
6400.883 969.532
6401.936 906.946
6402.989 849.726
6404.042 896.968
6405.095 892.009
6406.148 871.114
6407.201 941.827
6408.254 881.658
6409.307 952.994
6410.360 983.355
6411.413 824.428
6412.466 921.625
6413.519 959.975
6414.572 933.875
6415.625 878.815
6416.678 912.309
6417.731 929.098
6418.784 958.034
6419.837 1035.364
6420.890 1030.561
6421.943 962.880
6422.996 933.284
6424.049 911.449
6425.102 902.256
6426.155 925.216
6427.208 970.748
6428.261 936.061
6429.314 913.641
6430.367 851.438
6431.420 838.735
6432.473 897.713
6433.526 914.336
6434.579 886.287
6435.632 864.155
6436.685 899.171
6437.738 879.156
6438.791 921.896
6439.844 863.602
6440.897 898.840
6441.950 901.820
6443.003 894.902
6444.056 954.947
6445.109 864.792
6446.162 908.296
6447.215 933.184
6448.268 883.663
6449.321 904.914
6450.374 850.815
6451.427 1016.411
6452.480 1013.066
6453.533 998.707
6454.586 1058.800
6455.639 1128.402
6456.692 1034.865
6457.745 943.631
6458.798 1012.133
6459.851 904.079
6460.904 862.593
6461.957 974.564
6463.010 1124.782
6464.063 1263.844
6465.116 1343.080
6466.169 1410.526
6467.222 1162.537
6468.276 990.190
6469.329 1028.894
6470.382 1303.136
6471.435 1432.044
6472.488 1117.048
6473.541 963.629
6474.594 924.296
6475.647 858.432
6476.700 957.389
6477.753 1086.457
6478.806 1054.484
6479.859 886.961
6480.912 886.327
6481.965 919.267
6483.018 866.585
6484.071 926.505
6485.124 901.370
6486.177 866.728
6487.230 921.405
6488.283 875.139
6489.336 918.589
6490.389 919.662
6491.442 879.524
6492.495 812.286
6493.548 854.362
6494.601 945.679
6495.654 955.787
6496.707 1026.458
6497.760 1612.912
6498.813 2056.297
6499.866 1792.959
6500.919 1039.361
6501.972 911.435
6503.025 949.501
6504.078 1192.638
6505.131 1350.145
6506.184 1105.731
6507.237 914.178
6508.290 894.894
6509.343 963.128
6510.396 919.325
6511.449 922.276
6512.502 973.900
6513.555 991.848
6514.608 1065.190
6515.661 965.443
6516.714 884.933
6517.767 921.404
6518.820 926.093
6519.873 964.984
6520.926 1027.384
6521.979 1150.708
6523.032 1201.432
6524.085 1053.012
6525.138 967.040
6526.191 999.675
6527.244 1033.581
6528.297 982.404
6529.350 990.486
6530.403 993.572
6531.456 1118.065
6532.509 1740.217
6533.562 1917.179
6534.615 1416.099
6535.668 858.508
6536.721 1006.500
6537.774 997.014
6538.827 1045.426
6539.880 1086.067
6540.933 1088.047
6541.986 1095.889
6543.039 1321.133
6544.092 1435.397
6545.145 1364.217
6546.198 1154.525
6547.251 1124.669
6548.304 1130.281
6549.357 1283.454
6550.411 1719.737
6551.464 2955.578
6552.517 3759.845
6553.570 3081.171
6554.623 2193.542
6555.676 1561.979
6556.729 1480.101
6557.782 1546.752
6558.835 1618.764
6559.888 1654.449
6560.941 2049.806
6561.994 1992.634
6563.047 6117.979
6564.100 5159.566
6565.153 102174.313
6566.206 271316.413
6567.259 278200.661
6568.312 119337.223
6569.365 3202.875
6570.418 6835.910
6571.471 2767.704
6572.524 2705.131
6573.577 2193.224
6574.630 1952.716
6575.683 1822.422
6576.736 2332.101
6577.789 2224.049
6578.842 1849.456
6579.895 1305.877
6580.948 1315.288
6582.001 1304.140
6583.054 1369.161
6584.107 1485.789
6585.160 1455.326
6586.213 4260.588
6587.266 7181.312
6588.319 6329.878
6589.372 2193.839
6590.425 1026.990
6591.478 1137.653
6592.531 1058.134
6593.584 1057.555
6594.637 1044.251
6595.690 1107.172
6596.743 1158.704
6597.796 1088.698
6598.849 967.217
6599.902 961.433
6600.955 966.573
6602.008 964.360
6603.061 1147.753
6604.114 1315.282
6605.167 1226.904
6606.220 1019.833
6607.273 941.668
6608.326 1020.212
6609.379 981.501
6610.432 928.091
6611.485 902.697
6612.538 899.825
6613.591 900.910
6614.644 915.055
6615.697 928.882
6616.750 866.948
6617.803 838.531
6618.856 848.506
6619.909 859.390
6620.962 881.136
6622.015 889.414
6623.068 858.678
6624.121 856.104
6625.174 884.826
6626.227 872.780
6627.280 919.769
6628.333 1005.635
6629.386 917.884
6630.439 857.982
6631.492 905.718
6632.545 952.602
6633.599 1079.477
6634.652 1064.717
6635.705 958.193
6636.758 930.685
6637.811 818.733
6638.864 769.969
6639.917 822.592
6640.970 846.952
6642.023 822.779
6643.076 805.607
6644.129 806.855
6645.182 853.004
6646.235 782.533
6647.288 863.203
6648.341 801.826
6649.394 859.036
6650.447 860.628
6651.500 787.821
6652.553 815.035
6653.606 839.120
6654.659 822.326
6655.712 846.126
6656.765 846.780
6657.818 811.432
6658.871 827.775
6659.924 870.131
6660.977 847.531
6662.030 861.753
6663.083 824.241
6664.136 772.653
6665.189 823.621
6666.242 848.450
6667.295 859.446
6668.348 856.037
6669.401 854.361
6670.454 844.096
6671.507 773.895
6672.560 740.942
6673.613 790.760
6674.666 804.513
6675.719 784.234
6676.772 753.621
6677.825 703.615
6678.878 751.186
6679.931 963.891
6680.984 2563.680
6682.037 3897.274
6683.090 3251.586
6684.143 1246.616
6685.196 742.302
6686.249 817.794
6687.302 712.085
6688.355 1030.167
6689.408 897.266
6690.461 720.756
6691.514 778.843
6692.567 747.522
6693.620 766.481
6694.673 806.829
6695.726 780.384
6696.779 787.830
6697.832 816.890
6698.885 775.878
6699.938 829.088
6700.991 803.199
6702.044 817.968
6703.097 888.411
6704.150 786.177
6705.203 779.421
6706.256 809.685
6707.309 819.067
6708.362 844.480
6709.415 820.959
6710.468 830.919
6711.521 767.566
6712.574 789.210
6713.627 736.714
6714.680 811.068
6715.734 888.727
6716.787 1028.121
6717.840 1062.521
6718.893 3858.926
6719.946 10147.304
6720.999 12428.915
6722.052 5870.673
6723.105 637.269
6724.158 896.673
6725.211 755.402
6726.264 744.182
6727.317 725.366
6728.370 750.501
6729.423 794.216
6730.476 847.333
6731.529 893.748
6732.582 1404.979
6733.635 4335.604
6734.688 9412.624
6735.741 8794.447
6736.794 2465.411
6737.847 790.060
6738.900 794.935
6739.953 780.253
6741.006 842.393
6742.059 797.193
6743.112 772.371
6744.165 752.786
6745.218 772.220
6746.271 734.380
6747.324 740.396
6748.377 725.633
6749.430 715.028
6750.483 757.002
6751.536 715.206
6752.589 737.835
6753.642 729.170
6754.695 686.121
6755.748 716.875
6756.801 727.663
6757.854 720.661
6758.907 697.073
6759.960 730.599
6761.013 747.750
6762.066 722.369
6763.119 788.896
6764.172 697.083
6765.225 722.449
6766.278 714.182
6767.331 737.378
6768.384 647.222
6769.437 699.339
6770.490 740.060
6771.543 686.601
6772.596 685.774
6773.649 723.349
6774.702 722.632
6775.755 728.066
6776.808 716.639
6777.861 682.536
6778.914 731.647
6779.967 760.119
6781.020 731.425
6782.073 764.301
6783.126 720.298
6784.179 791.901
6785.232 693.075
6786.285 750.475
6787.338 692.155
6788.391 751.130
6789.444 700.294
6790.497 733.835
6791.550 742.059
6792.603 763.035
6793.656 714.518
6794.709 697.212
6795.762 722.070
6796.815 733.715
6797.868 777.039
6798.922 727.995
6799.975 689.580
6801.028 752.745
6802.081 737.546
6803.134 698.448
6804.187 740.700
6805.240 741.614
6806.293 687.681
6807.346 684.264
6808.399 746.266
6809.452 696.446
6810.505 641.112
6811.558 728.377
6812.611 696.570
6813.664 684.693
6814.717 694.594
6815.770 696.365
6816.823 670.095
6817.876 655.158
6818.929 681.109
6819.982 698.722
6821.035 689.862
6822.088 732.090
6823.141 696.984
6824.194 650.487
6825.247 678.305
6826.300 876.159
6827.353 1236.729
6828.406 1695.880
6829.459 2042.876
6830.512 1610.372
6831.565 977.071
6832.618 991.591
6833.671 1787.179
6834.724 2001.315
6835.777 1430.572
6836.830 766.781
6837.883 683.285
6838.936 736.677
6839.989 708.545
6841.042 973.909
6842.095 994.599
6843.148 873.853
6844.201 707.700
6845.254 680.735
6846.307 652.450
6847.360 644.494
6848.413 659.315
6849.466 746.536
6850.519 810.028
6851.572 716.437
6852.625 723.815
6853.678 711.456
6854.731 728.500
6855.784 717.630
6856.837 677.368
6857.890 646.066
6858.943 701.449
6859.996 678.104
6861.049 702.925
6862.102 888.799
6863.155 2763.254
6864.208 3421.125
6865.261 2173.673
6866.314 850.610
6867.367 488.957
6868.420 464.179
6869.473 472.939
6870.526 666.505
6871.579 728.560
6872.632 546.077
6873.685 421.401
6874.738 442.318
6875.791 496.324
6876.844 552.149
6877.897 565.217
6878.950 590.491
6880.003 677.740
6881.056 899.094
6882.110 872.091
6883.163 724.969
6884.216 606.138
6885.269 570.213
6886.322 592.988
6887.375 600.890
6888.428 854.432
6889.481 1051.332
6890.534 940.640
6891.587 709.938
6892.640 537.186
6893.693 599.030
6894.746 680.650
6895.799 609.287
6896.852 586.637
6897.905 571.746
6898.958 675.459
6900.011 931.106
6901.064 1060.761
6902.117 983.305
6903.170 652.738
6904.223 591.954
6905.276 561.442
6906.329 580.088
6907.382 609.038
6908.435 568.952
6909.488 597.862
6910.541 644.509
6911.594 1105.621
6912.647 1396.717
6913.700 1187.345
6914.753 757.479
6915.806 558.475
6916.859 640.803
6917.912 614.176
6918.965 592.085
6920.018 637.989
6921.071 758.444
6922.124 1319.056
6923.177 2041.791
6924.230 1868.666
6925.283 841.205
6926.336 667.840
6927.389 635.095
6928.442 664.864
6929.495 641.987
6930.548 635.357
6931.601 614.108
6932.654 619.510
6933.707 640.087
6934.760 640.106
6935.813 622.213
6936.866 634.219
6937.919 850.431
6938.972 1199.210
6940.025 1286.082
6941.078 993.268
6942.131 668.773
6943.184 622.605
6944.237 633.779
6945.290 637.278
6946.343 667.351
6947.396 830.761
6948.449 1968.324
6949.502 2316.617
6950.555 1430.940
6951.608 787.776
6952.661 691.780
6953.714 700.376
6954.767 676.991
6955.820 676.363
6956.873 679.601
6957.926 725.974
6958.979 724.320
6960.032 677.626
6961.085 679.199
6962.138 638.563
6963.191 671.846
6964.245 647.356
6965.298 680.922
6966.351 708.979
6967.404 687.872
6968.457 719.415
6969.510 1039.524
6970.563 1096.510
6971.616 753.660
6972.669 646.594
6973.722 633.904
6974.775 659.424
6975.828 665.595
6976.881 921.335
6977.934 1381.072
6978.987 1562.888
6980.040 1123.829
6981.093 624.372
6982.146 635.940
6983.199 641.538
6984.252 696.014
6985.305 711.889
6986.358 719.625
6987.411 641.256
6988.464 687.842
6989.517 636.002
6990.570 673.677
6991.623 648.760
6992.676 681.389
6993.729 624.765
6994.782 568.778
6995.835 659.571
6996.888 674.632
6997.941 655.875
6998.994 649.129
7000.047 662.893
7001.100 819.322
7002.153 959.810
7003.206 992.446
7004.259 933.002
7005.312 832.023
7006.365 663.920
7007.418 650.195
7008.471 661.724
7009.524 662.494
7010.577 957.137
7011.630 1138.126
7012.683 946.511
7013.736 685.664
7014.789 666.604
7015.842 632.715
7016.895 592.406
7017.948 657.354
7019.001 624.548
7020.054 606.434
7021.107 645.305
7022.160 611.045
7023.213 644.774
7024.266 628.463
7025.319 598.650
7026.372 637.983
7027.425 637.393
7028.478 586.976
7029.531 610.762
7030.584 660.041
7031.637 605.953
7032.690 609.951
7033.743 606.919
7034.796 602.872
7035.849 607.411
7036.902 626.924
7037.955 613.259
7039.008 603.909
7040.061 675.606
7041.114 724.135
7042.167 713.139
7043.220 697.616
7044.273 698.283
7045.326 650.032
7046.379 730.565
7047.433 824.815
7048.486 922.073
7049.539 763.935
7050.592 710.878
7051.645 779.103
7052.698 741.178
7053.751 685.132
7054.804 654.999
7055.857 604.030
7056.910 637.185
7057.963 667.968
7059.016 611.440
7060.069 634.537
7061.122 672.061
7062.175 675.089
7063.228 718.389
7064.281 650.664
7065.334 665.731
7066.387 722.872
7067.440 887.666
7068.493 2106.781
7069.546 2773.084
7070.599 1935.431
7071.652 903.160
7072.705 650.879
7073.758 724.546
7074.811 654.444
7075.864 650.830
7076.917 711.897
7077.970 709.423
7079.023 722.534
7080.076 675.841
7081.129 649.961
7082.182 759.626
7083.235 749.747
7084.288 673.588
7085.341 604.817
7086.394 677.065
7087.447 661.462
7088.500 744.296
7089.553 711.382
7090.606 630.936
7091.659 684.054
7092.712 657.033
7093.765 608.415
7094.818 653.651
7095.871 653.064
7096.924 652.334
7097.977 661.739
7099.030 586.235
7100.083 614.283
7101.136 605.299
7102.189 644.966
7103.242 620.418
7104.295 638.440
7105.348 572.271
7106.401 577.185
7107.454 605.907
7108.507 596.350
7109.560 660.701
7110.613 706.548
7111.666 587.058
7112.719 568.255
7113.772 635.382
7114.825 588.165
7115.878 582.342
7116.931 609.768
7117.984 656.288
7119.037 617.131
7120.090 622.243
7121.143 622.967
7122.196 618.931
7123.249 621.047
7124.302 605.620
7125.355 587.076
7126.408 645.397
7127.461 674.993
7128.514 661.282
7129.568 635.128
7130.621 616.759
7131.674 646.010
7132.727 698.001
7133.780 706.673
7134.833 646.352
7135.886 644.630
7136.939 597.989
7137.992 1301.432
7139.045 5077.614
7140.098 7462.155
7141.151 5077.026
7142.204 1548.584
7143.257 702.093
7144.310 741.276
7145.363 738.800
7146.416 720.238
7147.469 689.942
7148.522 712.214
7149.575 666.615
7150.628 640.425
7151.681 641.385
7152.734 618.904
7153.787 598.204
7154.840 625.430
7155.893 583.880
7156.946 651.498
7157.999 659.535
7159.052 645.626
7160.105 650.123
7161.158 643.988
7162.211 657.632
7163.264 598.718
7164.317 658.481
7165.370 683.683
7166.423 614.528
7167.476 552.918
7168.529 560.501
7169.582 695.580
7170.635 628.864
7171.688 617.768
7172.741 574.884
7173.794 595.624
7174.847 631.025
7175.900 561.081
7176.953 539.914
7178.006 621.450
7179.059 635.099
7180.112 642.926
7181.165 631.650
7182.218 626.780
7183.271 606.875
7184.324 557.257
7185.377 535.480
7186.430 500.550
7187.483 504.915
7188.536 528.070
7189.589 557.081
7190.642 529.261
7191.695 478.022
7192.748 479.004
7193.801 535.319
7194.854 567.626
7195.907 598.826
7196.960 586.709
7198.013 588.317
7199.066 585.722
7200.119 527.810
7201.172 517.018
7202.225 557.263
7203.278 525.031
7204.331 511.404
7205.384 567.102
7206.437 510.374
7207.490 564.386
7208.543 577.700
7209.596 587.273
7210.649 552.566
7211.702 546.559
7212.756 617.850
7213.809 565.836
7214.862 551.220
7215.915 603.690
7216.968 545.922
7218.021 528.907
7219.074 582.635
7220.127 573.694
7221.180 586.909
7222.233 615.502
7223.286 647.167
7224.339 552.621
7225.392 637.471
7226.445 589.448
7227.498 553.276
7228.551 552.620
7229.604 591.788
7230.657 562.130
7231.710 549.471
7232.763 639.337
7233.816 628.524
7234.869 545.769
7235.922 543.127
7236.975 707.776
7238.028 1352.946
7239.081 2366.070
7240.134 3154.701
7241.187 2919.106
7242.240 1816.551
7243.293 1415.994
7244.346 2600.905
7245.399 3375.677
7246.452 2328.016
7247.505 1172.920
7248.558 738.737
7249.611 661.230
7250.664 639.328
7251.717 791.409
7252.770 1104.455
7253.823 1157.756
7254.876 1029.184
7255.929 825.017
7256.982 710.068
7258.035 683.550
7259.088 652.710
7260.141 675.634
7261.194 624.296
7262.247 631.939
7263.300 624.653
7264.353 596.333
7265.406 608.513
7266.459 682.860
7267.512 724.803
7268.565 715.599
7269.618 743.132
7270.671 703.036
7271.724 589.043
7272.777 632.440
7273.830 816.860
7274.883 2094.700
7275.936 4506.307
7276.989 4951.978
7278.042 2506.863
7279.095 853.015
7280.148 627.599
7281.201 711.329
7282.254 794.171
7283.307 1397.801
7284.360 2364.570
7285.413 2449.901
7286.466 1522.901
7287.519 753.227
7288.572 622.759
7289.625 614.517
7290.678 654.603
7291.731 651.115
7292.784 606.483
7293.837 628.457
7294.891 875.924
7295.944 1099.312
7296.997 974.102
7298.050 705.082
7299.103 584.636
7300.156 583.876
7301.209 603.820
7302.262 885.879
7303.315 1437.953
7304.368 1516.350
7305.421 1026.820
7306.474 711.770
7307.527 651.690
7308.580 523.470
7309.633 602.999
7310.686 632.048
7311.739 680.384
7312.792 662.340
7313.845 582.484
7314.898 1760.827
7315.951 3618.814
7317.004 3646.428
7318.057 2000.433
7319.110 823.622
7320.163 640.915
7321.216 576.730
7322.269 893.858
7323.322 1547.401
7324.375 1944.499
7325.428 1678.800
7326.481 980.356
7327.534 998.504
7328.587 1737.386
7329.640 2065.661
7330.693 1489.855
7331.746 855.414
7332.799 961.097
7333.852 1489.889
7334.905 1699.622
7335.958 1307.867
7337.011 799.496
7338.064 610.037
7339.117 1196.527
7340.170 3515.552
7341.223 4577.394
7342.276 2966.297
7343.329 1342.773
7344.382 736.305
7345.435 636.955
7346.488 660.844
7347.541 599.038
7348.594 602.045
7349.647 648.559
7350.700 577.482
7351.753 671.489
7352.806 674.712
7353.859 562.791
7354.912 569.391
7355.965 644.389
7357.018 929.242
7358.071 1556.636
7359.124 1802.584
7360.177 1254.458
7361.230 755.381
7362.283 614.852
7363.336 608.845
7364.389 640.207
7365.442 638.097
7366.495 653.679
7367.548 990.277
7368.601 2632.802
7369.654 3393.732
7370.707 2407.169
7371.760 1160.126
7372.813 737.286
7373.866 665.088
7374.919 625.439
7375.972 576.750
7377.025 563.144
7378.079 624.608
7379.132 602.964
7380.185 539.531
7381.238 604.826
7382.291 620.766
7383.344 596.264
7384.397 600.702
7385.450 559.092
7386.503 545.880
7387.556 636.842
7388.609 598.993
7389.662 556.040
7390.715 836.185
7391.768 1235.914
7392.821 1262.243
7393.874 921.305
7394.927 654.438
7395.980 591.328
7397.033 532.495
7398.086 494.578
7399.139 525.440
7400.192 890.648
7401.245 1910.962
7402.298 2302.468
7403.351 1616.789
7404.404 895.564
7405.457 601.538
7406.510 561.040
7407.563 541.305
7408.616 520.644
7409.669 526.854
7410.722 546.069
7411.775 586.692
7412.828 595.703
7413.881 589.162
7414.934 528.126
7415.987 563.258
7417.040 545.362
7418.093 516.384
7419.146 538.953
7420.199 520.487
7421.252 526.302
7422.305 577.107
7423.358 571.572
7424.411 538.242
7425.464 552.138
7426.517 542.680
7427.570 551.660
7428.623 752.910
7429.676 916.804
7430.729 886.812
7431.782 661.389
7432.835 506.689
7433.888 455.853
7434.941 530.430
7435.994 540.633
7437.047 797.414
7438.100 1237.467
7439.153 1333.840
7440.206 1033.614
7441.259 701.164
7442.312 572.740
7443.365 620.492
7444.418 570.760
7445.471 546.226
7446.524 570.443
7447.577 531.494
7448.630 504.675
7449.683 512.805
7450.736 542.493
7451.789 555.133
7452.842 537.483
7453.895 573.676
7454.948 501.709
7456.001 486.253
7457.054 540.234
7458.107 641.514
7459.160 606.010
7460.214 525.143
7461.267 568.094
7462.320 664.794
7463.373 674.017
7464.426 606.111
7465.479 626.424
7466.532 792.233
7467.585 855.504
7468.638 732.237
7469.691 668.292
7470.744 737.149
7471.797 802.824
7472.850 962.711
7473.903 1182.564
7474.956 1150.719
7476.009 980.522
7477.062 652.663
7478.115 651.955
7479.168 683.983
7480.221 684.626
7481.274 685.270
7482.327 685.916
7483.380 686.549
7484.433 687.188
7485.486 687.819
