3561.035 1631.303
3562.213 1458.617
3563.392 1238.934
3564.571 1349.885
3565.750 1507.457
3566.929 1485.245
3568.108 1317.383
3569.286 1220.219
3570.465 1273.700
3571.644 1407.795
3572.823 1761.292
3574.002 1368.521
3575.180 1414.633
3576.359 1230.619
3577.538 1453.431
3578.717 1663.039
3579.896 1309.020
3581.075 1255.070
3582.253 1218.662
3583.432 1663.965
3584.611 968.302
3585.790 1278.726
3586.969 1261.819
3588.147 1214.302
3589.326 1374.255
3590.505 1478.015
3591.684 1735.686
3592.863 1249.315
3594.042 1906.601
3595.220 1146.883
3596.399 1745.841
3597.578 1697.246
3598.757 1305.694
3599.936 1425.826
3601.114 1169.727
3602.293 1016.938
3603.472 1427.882
3604.651 1167.290
3605.830 1562.560
3607.009 1558.984
3608.187 1327.660
3609.366 1608.173
3610.545 780.949
3611.724 831.205
3612.903 858.230
3614.081 1718.548
3615.260 1849.637
3616.439 1877.685
3617.618 2075.375
3618.797 2147.165
3619.976 1853.208
3621.154 1340.336
3622.333 1593.856
3623.512 1779.541
3624.691 2160.777
3625.870 1482.186
3627.048 1566.582
3628.227 1677.799
3629.406 1956.078
3630.585 1509.782
3631.764 1621.090
3632.943 1746.158
3634.121 1446.595
3635.300 2045.643
3636.479 2522.782
3637.658 1771.500
3638.837 1749.768
3640.015 1913.045
3641.194 1643.228
3642.373 1907.610
3643.552 1806.777
3644.731 1480.985
3645.910 1741.563
3647.088 1400.046
3648.267 1776.800
3649.446 1549.033
3650.625 1534.794
3651.804 1308.627
3652.982 1600.692
3654.161 1341.086
3655.340 1816.564
3656.519 1610.430
3657.698 1792.927
3658.877 1596.357
3660.055 1297.871
3661.234 1393.658
3662.413 1259.246
3663.592 1764.774
3664.771 1779.569
3665.949 1328.516
3667.128 1189.773
3668.307 1067.702
3669.486 1294.569
3670.665 1032.080
3671.844 1436.495
3673.022 1633.236
3674.201 1446.159
3675.380 1473.862
3676.559 1649.811
3677.738 1573.805
3678.916 1259.654
3680.095 1235.058
3681.274 1168.078
3682.453 1465.615
3683.632 1523.541
3684.811 1307.880
3685.989 1339.674
3687.168 1211.745
3688.347 1349.595
3689.526 1490.992
3690.705 1305.480
3691.883 1223.670
3693.062 1324.077
3694.241 1363.640
3695.420 1464.854
3696.599 1144.339
3697.777 1327.385
3698.956 1704.209
3700.135 1909.797
3701.314 1649.054
3702.493 1493.581
3703.672 1450.222
3704.850 1797.868
3706.029 2098.616
3707.208 1750.471
3708.387 1576.039
3709.566 1454.846
3710.744 1377.551
3711.923 1499.848
3713.102 1687.939
3714.281 1909.194
3715.460 1666.200
3716.639 1218.982
3717.817 1228.368
3718.996 1239.059
3720.175 798.331
3721.354 1083.180
3722.533 1361.821
3723.711 1866.240
3724.890 1983.715
3726.069 2245.591
3727.248 5969.454
3728.427 10937.257
3729.606 12358.625
3730.784 14712.323
3731.963 13111.800
3733.142 6069.589
3734.321 2049.212
3735.500 1736.471
3736.678 2100.338
3737.857 1994.873
3739.036 1689.067
3740.215 1638.480
3741.394 1850.076
3742.573 1315.532
3743.751 1708.760
3744.930 1586.687
3746.109 1365.265
3747.288 1290.883
3748.467 1371.505
3749.645 1155.464
3750.824 1384.892
3752.003 1991.013
3753.182 2127.610
3754.361 1849.761
3755.540 1407.395
3756.718 1525.200
3757.897 1277.556
3759.076 1410.858
3760.255 1426.108
3761.434 1282.099
3762.612 1570.502
3763.791 1363.425
3764.970 1494.223
3766.149 1313.071
3767.328 1169.186
3768.507 1176.353
3769.685 1172.342
3770.864 1449.319
3772.043 1902.336
3773.222 2338.091
3774.401 1922.105
3775.579 1066.744
3776.758 1188.438
3777.937 1391.353
3779.116 1382.387
3780.295 1265.028
3781.474 1294.553
3782.652 1228.746
3783.831 1347.862
3785.010 1457.044
3786.189 1293.752
3787.368 1017.561
3788.546 1287.630
3789.725 1206.639
3790.904 1066.544
3792.083 1265.749
3793.262 1374.044
3794.441 938.030
3795.619 1038.127
3796.798 1060.921
3797.977 1164.591
3799.156 1978.710
3800.335 2707.934
3801.513 2013.959
3802.692 1011.397
3803.871 959.743
3805.050 1142.249
3806.229 1306.946
3807.408 1315.999
3808.586 1102.847
3809.765 1129.257
3810.944 1064.243
3812.123 1136.806
3813.302 1326.205
3814.480 1397.749
3815.659 1236.954
3816.838 1278.763
3818.017 1452.436
3819.196 1165.826
3820.375 1279.269
3821.553 1530.510
3822.732 1359.857
3823.911 1211.008
3825.090 1106.487
3826.269 1315.768
3827.447 1151.192
3828.626 1382.849
3829.805 1545.798
3830.984 1353.039
3832.163 1144.134
3833.342 1072.932
3834.520 1152.879
3835.699 1462.605
3836.878 2606.441
3838.057 3396.982
3839.236 2377.232
3840.414 1214.971
3841.593 1307.762
3842.772 1151.244
3843.951 1230.194
3845.130 1183.600
3846.309 1100.102
3847.487 1328.865
3848.666 1237.475
3849.845 1306.270
3851.024 1371.240
3852.203 1266.193
3853.381 1278.524
3854.560 1443.663
3855.739 1046.338
3856.918 1046.647
3858.097 1201.876
3859.275 1155.137
3860.454 1164.370
3861.633 1215.869
3862.812 1167.165
3863.991 1245.126
3865.170 1211.580
3866.348 1399.229
3867.527 1299.902
3868.706 1964.166
3869.885 7302.994
3871.064 14676.979
3872.242 11855.873
3873.421 3548.408
3874.600 1194.241
3875.779 1286.336
3876.958 1268.285
3878.137 1093.925
3879.315 1157.309
3880.494 1097.154
3881.673 974.505
3882.852 964.909
3884.031 1060.005
3885.209 1072.080
3886.388 1021.389
3887.567 867.593
3888.746 1046.221
3889.925 3273.370
3891.104 6505.698
3892.282 5462.902
3893.461 1982.522
3894.640 940.032
3895.819 1050.842
3896.998 962.299
3898.176 1084.867
3899.355 978.096
3900.534 1030.621
3901.713 1052.566
3902.892 966.858
3904.071 1239.910
3905.249 1195.606
3906.428 1151.600
3907.607 1251.667
3908.786 1285.716
3909.965 1322.886
3911.143 1309.076
3912.322 1221.602
3913.501 1211.783
3914.680 1260.479
3915.859 1195.040
3917.038 1157.086
3918.216 1076.518
3919.395 1164.749
3920.574 1052.840
3921.753 1014.837
3922.932 1107.246
3924.110 1111.927
3925.289 956.553
3926.468 1006.678
3927.647 935.885
3928.826 964.363
3930.005 767.412
3931.183 924.951
3932.362 967.225
3933.541 774.652
3934.720 852.170
3935.899 797.038
3937.077 912.668
3938.256 975.136
3939.435 1094.099
3940.614 1048.483
3941.793 1084.224
3942.972 1062.082
3944.150 1043.356
3945.329 1062.043
3946.508 1247.618
3947.687 1289.314
3948.866 1333.057
3950.044 1026.345
3951.223 918.996
3952.402 944.661
3953.581 1011.286
3954.760 1029.069
3955.939 1039.830
3957.117 1007.465
3958.296 944.640
3959.475 849.701
3960.654 855.828
3961.833 923.349
3963.011 917.772
3964.190 806.193
3965.369 878.967
3966.548 876.695
3967.727 1181.122
3968.906 2910.958
3970.084 4195.211
3971.263 4712.512
3972.442 4915.206
3973.621 3953.172
3974.800 1450.232
3975.978 826.921
3977.157 835.367
3978.336 804.167
3979.515 892.742
3980.694 885.078
3981.873 899.684
3983.051 1033.566
3984.230 1010.089
3985.409 996.819
3986.588 893.842
3987.767 1006.937
3988.945 995.399
3990.124 1027.529
3991.303 855.112
3992.482 1072.820
3993.661 915.262
3994.840 864.079
3996.018 941.247
3997.197 933.822
3998.376 864.492
3999.555 1072.095
4000.734 985.869
4001.912 977.610
4003.091 902.475
4004.270 898.323
4005.449 976.736
4006.628 987.500
4007.807 1023.679
4008.985 1063.417
4010.164 992.997
4011.343 1010.772
4012.522 1035.814
4013.701 1031.090
4014.879 924.524
4016.058 952.651
4017.237 961.155
4018.416 1009.131
4019.595 1005.229
4020.773 952.912
4021.952 947.541
4023.131 990.470
4024.310 975.126
4025.489 929.372
4026.668 924.385
4027.846 1085.573
4029.025 1295.604
4030.204 1110.486
4031.383 840.652
4032.562 897.292
4033.740 884.798
4034.919 858.719
4036.098 932.982
4037.277 922.728
4038.456 930.311
4039.635 1064.452
4040.813 928.575
4041.992 945.164
4043.171 972.077
4044.350 877.512
4045.529 977.225
4046.707 962.234
4047.886 913.048
4049.065 925.426
4050.244 991.629
4051.423 977.243
4052.602 924.956
4053.780 923.508
4054.959 976.452
4056.138 872.237
4057.317 916.651
4058.496 928.430
4059.674 939.276
4060.853 894.063
4062.032 910.139
4063.211 961.604
4064.390 1053.693
4065.569 1003.213
4066.747 936.650
4067.926 858.645
4069.105 849.842
4070.284 987.781
4071.463 1108.287
4072.641 954.635
4073.820 831.712
4074.999 948.034
4076.178 970.483
4077.357 922.724
4078.536 858.244
4079.714 901.657
4080.893 977.745
4082.072 921.878
4083.251 820.558
4084.430 859.429
4085.608 845.314
4086.787 828.377
4087.966 824.408
4089.145 797.159
4090.324 861.002
4091.503 805.320
4092.681 842.865
4093.860 844.697
4095.039 794.317
4096.218 822.501
4097.397 765.939
4098.575 743.767
4099.754 717.135
4100.933 713.178
4102.112 1073.655
4103.291 4096.454
4104.470 5976.184
4105.648 4388.496
4106.827 1198.727
4108.006 734.385
4109.185 663.747
4110.364 738.155
4111.542 775.082
4112.721 734.540
4113.900 752.932
4115.079 779.563
4116.258 758.632
4117.437 799.708
4118.615 811.206
4119.794 695.562
4120.973 732.719
4122.152 700.213
4123.331 801.801
4124.509 808.765
4125.688 747.082
4126.867 836.449
4128.046 820.876
4129.225 775.698
4130.404 778.250
4131.582 724.112
4132.761 662.425
4133.940 800.814
4135.119 787.506
4136.298 798.536
4137.476 826.381
4138.655 745.387
4139.834 782.936
4141.013 741.250
4142.192 750.787
4143.371 721.460
4144.549 680.566
4145.728 746.236
4146.907 765.065
4148.086 777.687
4149.265 676.762
4150.443 699.504
4151.622 626.219
4152.801 743.205
4153.980 692.856
4155.159 768.210
4156.338 779.221
4157.516 763.742
4158.695 821.981
4159.874 816.229
4161.053 773.301
4162.232 770.107
4163.410 797.222
4164.589 800.233
4165.768 840.814
4166.947 868.447
4168.126 778.559
4169.305 805.344
4170.483 753.683
4171.662 763.320
4172.841 765.737
4174.020 713.712
4175.199 766.873
4176.377 729.389
4177.556 764.313
4178.735 714.611
4179.914 755.488
4181.093 688.740
4182.271 737.574
4183.450 737.500
4184.629 734.756
4185.808 744.182
4186.987 704.118
4188.166 698.608
4189.344 647.933
4190.523 617.823
4191.702 666.107
4192.881 634.270
4194.060 698.432
4195.238 697.240
4196.417 731.868
4197.596 653.071
4198.775 657.748
4199.954 645.305
4201.133 737.728
4202.311 623.966
4203.490 666.296
4204.669 642.295
4205.848 637.652
4207.027 625.055
4208.205 665.255
4209.384 565.031
4210.563 662.818
4211.742 632.604
4212.921 620.585
4214.100 676.111
4215.278 634.728
4216.457 652.281
4217.636 729.637
4218.815 637.388
4219.994 645.985
4221.172 664.409
4222.351 703.564
4223.530 672.305
4224.709 663.827
4225.888 675.234
4227.067 640.675
4228.245 614.204
4229.424 691.919
4230.603 623.019
4231.782 598.876
4232.961 683.073
4234.139 651.979
4235.318 786.834
4236.497 780.000
4237.676 703.249
4238.855 628.550
4240.034 637.269
4241.212 680.998
4242.391 603.045
4243.570 620.028
4244.749 668.401
4245.928 666.896
4247.106 655.795
4248.285 639.360
4249.464 645.963
4250.643 610.319
4251.822 636.655
4253.001 614.405
4254.179 662.578
4255.358 624.395
4256.537 670.189
4257.716 629.168
4258.895 607.960
4260.073 624.481
4261.252 602.049
4262.431 610.649
4263.610 591.133
4264.789 614.187
4265.968 642.772
4267.146 652.057
4268.325 582.535
4269.504 555.098
4270.683 603.008
4271.862 583.397
4273.040 589.702
4274.219 616.814
4275.398 609.435
4276.577 690.383
4277.756 599.840
4278.935 582.865
4280.113 585.355
4281.292 571.996
4282.471 599.026
4283.650 617.316
4284.829 607.763
4286.007 606.452
4287.186 570.141
4288.365 583.917
4289.544 580.703
4290.723 574.285
4291.902 590.149
4293.080 634.043
4294.259 565.305
4295.438 616.913
4296.617 590.402
4297.796 533.267
4298.974 578.894
4300.153 556.851
4301.332 550.634
4302.511 550.973
4303.690 547.690
4304.869 524.401
4306.047 482.737
4307.226 570.770
4308.405 523.901
4309.584 508.931
4310.763 552.480
4311.941 630.317
4313.120 520.862
4314.299 547.463
4315.478 592.335
4316.657 599.615
4317.836 587.970
4319.014 587.247
4320.193 589.539
4321.372 622.454
4322.551 557.489
4323.730 486.037
4324.908 533.325
4326.087 487.358
4327.266 515.148
4328.445 558.698
4329.624 524.101
4330.803 558.228
4331.981 532.485
4333.160 550.834
4334.339 463.331
4335.518 488.489
4336.697 530.889
4337.875 475.996
4339.054 504.839
4340.233 474.956
4341.412 2176.046
4342.591 6179.608
4343.769 7524.296
4344.948 3830.880
4346.127 700.053
4347.306 479.544
4348.485 477.797
4349.664 510.440
4350.842 494.425
4352.021 523.871
4353.200 472.447
4354.379 465.175
4355.558 478.429
4356.736 517.518
4357.915 554.883
4359.094 566.971
4360.273 475.661
4361.452 523.516
4362.631 536.171
4363.809 579.248
4364.988 1377.788
4366.167 1840.550
4367.346 1414.418
4368.525 736.416
4369.703 549.668
4370.882 499.030
4372.061 488.034
4373.240 493.973
4374.419 507.369
4375.598 564.321
4376.776 502.015
4377.955 495.685
4379.134 541.132
4380.313 530.861
4381.492 554.118
4382.670 474.360
4383.849 492.855
4385.028 484.681
4386.207 456.680
4387.386 459.911
4388.565 464.649
4389.743 511.070
4390.922 494.911
4392.101 503.676
4393.280 489.897
4394.459 448.106
4395.637 454.191
4396.816 487.802
4397.995 475.235
4399.174 457.099
4400.353 490.962
4401.532 495.769
4402.710 490.450
4403.889 536.290
4405.068 494.845
4406.247 534.931
4407.426 503.554
4408.604 511.207
4409.783 556.419
4410.962 533.235
4412.141 564.352
4413.320 512.153
4414.499 558.898
4415.677 540.262
4416.856 574.715
4418.035 543.813
4419.214 551.635
4420.393 556.527
4421.571 538.195
4422.750 524.587
4423.929 512.969
4425.108 552.656
4426.287 531.077
4427.466 490.026
4428.644 516.295
4429.823 536.871
4431.002 531.279
4432.181 518.939
4433.360 482.466
4434.538 496.630
4435.717 415.839
4436.896 466.739
4438.075 488.303
4439.254 538.192
4440.433 525.761
4441.611 481.939
4442.790 500.330
4443.969 480.792
4445.148 504.545
4446.327 454.681
4447.505 484.204
4448.684 443.026
4449.863 493.899
4451.042 499.791
4452.221 455.334
4453.400 486.858
4454.578 439.695
4455.757 485.362
4456.936 485.922
4458.115 449.320
4459.294 510.257
4460.472 471.807
4461.651 460.651
4462.830 450.561
4464.009 456.760
4465.188 470.927
4466.367 490.809
4467.545 501.657
4468.724 464.104
4469.903 464.314
4471.082 429.457
4472.261 534.246
4473.439 837.189
4474.618 921.563
4475.797 767.969
4476.976 503.328
4478.155 495.686
4479.334 452.143
4480.512 409.775
4481.691 438.698
4482.870 457.038
4484.049 423.640
4485.228 448.266
4486.406 485.060
4487.585 480.362
4488.764 468.872
4489.943 427.687
4491.122 423.541
4492.301 460.626
4493.479 443.865
4494.658 462.668
4495.837 483.399
4497.016 465.544
4498.195 462.822
4499.373 402.402
4500.552 442.937
4501.731 469.746
4502.910 444.900
4504.089 493.171
4505.267 436.423
4506.446 454.277
4507.625 452.241
4508.804 484.093
4509.983 471.659
4511.162 439.153
4512.340 477.211
4513.519 429.388
4514.698 427.276
4515.877 447.475
4517.056 458.658
4518.234 450.760
4519.413 481.194
4520.592 457.535
4521.771 455.944
4522.950 522.581
4524.129 521.331
4525.307 442.345
4526.486 463.523
4527.665 488.013
4528.844 435.001
4530.023 423.386
4531.201 474.212
4532.380 507.385
4533.559 483.714
4534.738 457.332
4535.917 453.606
4537.096 476.426
4538.274 477.261
4539.453 450.624
4540.632 467.771
4541.811 424.757
4542.990 519.601
4544.168 501.093
4545.347 496.305
4546.526 471.829
4547.705 483.924
4548.884 444.346
4550.063 451.846
4551.241 437.303
4552.420 488.017
4553.599 428.475
4554.778 471.571
4555.957 473.555
4557.135 457.364
4558.314 450.756
4559.493 466.431
4560.672 427.508
4561.851 446.280
4563.030 457.985
4564.208 433.916
4565.387 483.470
4566.566 442.926
4567.745 444.296
4568.924 473.603
4570.102 426.061
4571.281 439.385
4572.460 445.411
4573.639 470.901
4574.818 442.981
4575.997 434.516
4577.175 457.572
4578.354 491.228
4579.533 459.318
4580.712 447.442
4581.891 448.898
4583.069 398.434
4584.248 431.738
4585.427 410.961
4586.606 422.147
4587.785 467.574
4588.964 497.042
4590.142 449.137
4591.321 427.190
4592.500 450.082
4593.679 460.398
4594.858 462.024
4596.036 434.338
4597.215 446.943
4598.394 465.833
4599.573 430.237
4600.752 444.457
4601.931 426.884
4603.109 404.288
4604.288 442.878
4605.467 455.156
4606.646 427.721
4607.825 426.584
4609.003 453.056
4610.182 462.917
4611.361 453.179
4612.540 427.008
4613.719 451.292
4614.898 429.651
4616.076 431.074
4617.255 448.029
4618.434 431.897
4619.613 445.295
4620.792 436.678
4621.970 446.025
4623.149 442.912
4624.328 450.410
4625.507 438.764
4626.686 429.968
4627.865 433.928
4629.043 438.606
4630.222 430.697
4631.401 409.917
4632.580 428.482
4633.759 448.003
4634.937 381.888
4636.116 416.575
4637.295 423.679
4638.474 442.313
4639.653 467.100
4640.832 411.141
4642.010 439.508
4643.189 393.098
4644.368 416.817
4645.547 441.369
4646.726 440.664
4647.904 461.462
4649.083 424.290
4650.262 408.574
4651.441 452.011
4652.620 423.604
4653.799 464.979
4654.977 533.509
4656.156 442.707
4657.335 439.456
4658.514 452.129
4659.693 494.332
4660.871 487.559
4662.050 513.124
4663.229 481.734
4664.408 457.152
4665.587 455.606
4666.765 443.723
4667.944 408.703
4669.123 435.228
4670.302 457.475
4671.481 431.942
4672.660 430.854
4673.838 475.643
4675.017 503.214
4676.196 458.754
4677.375 468.889
4678.554 442.477
4679.732 435.962
4680.911 474.722
4682.090 514.094
4683.269 519.624
4684.448 510.954
4685.627 561.052
4686.805 566.113
4687.984 525.245
4689.163 571.365
4690.342 563.043
4691.521 517.729
4692.699 538.485
4693.878 475.669
4695.057 500.611
4696.236 542.759
4697.415 481.939
4698.594 482.231
4699.772 475.577
4700.951 490.843
4702.130 460.117
4703.309 441.964
4704.488 448.021
4705.666 432.642
4706.845 420.021
4708.024 463.593
4709.203 432.738
4710.382 409.457
4711.561 419.316
4712.739 490.046
4713.918 603.833
4715.097 603.549
4716.276 533.761
4717.455 479.840
4718.633 438.677
4719.812 448.665
4720.991 401.440
4722.170 482.024
4723.349 373.199
4724.528 440.995
4725.706 406.808
4726.885 419.266
4728.064 384.716
4729.243 404.492
4730.422 397.357
4731.600 399.730
4732.779 424.244
4733.958 379.335
4735.137 452.644
4736.316 438.458
4737.495 427.175
4738.673 439.620
4739.852 410.343
4741.031 415.316
4742.210 487.539
4743.389 526.633
4744.567 515.284
4745.746 478.831
4746.925 392.553
4748.104 403.072
4749.283 386.887
4750.462 423.219
4751.640 446.513
4752.819 417.740
4753.998 406.842
4755.177 420.205
4756.356 430.990
4757.534 431.525
4758.713 437.011
4759.892 425.477
4761.071 429.802
4762.250 416.081
4763.429 418.534
4764.607 411.620
4765.786 418.496
4766.965 410.793
4768.144 368.905
4769.323 441.726
4770.501 399.346
4771.680 424.685
4772.859 475.825
4774.038 449.755
4775.217 445.267
4776.396 408.080
4777.574 409.657
4778.753 405.101
4779.932 394.150
4781.111 428.345
4782.290 424.406
4783.468 405.573
4784.647 442.954
4785.826 439.043
4787.005 404.949
4788.184 425.780
4789.363 401.254
4790.541 423.228
4791.720 418.231
4792.899 375.040
4794.078 422.450
4795.257 414.531
4796.435 396.639
4797.614 396.749
4798.793 385.389
4799.972 408.218
4801.151 415.244
4802.330 420.374
4803.508 411.416
4804.687 430.203
4805.866 420.632
4807.045 385.954
4808.224 405.894
4809.402 393.829
4810.581 410.709
4811.760 430.168
4812.939 376.222
4814.118 407.841
4815.296 443.863
4816.475 448.657
4817.654 453.561
4818.833 404.587
4820.012 439.079
4821.191 428.601
4822.369 393.479
4823.548 411.773
4824.727 401.449
4825.906 439.756
4827.085 429.047
4828.263 407.474
4829.442 446.055
4830.621 427.572
4831.800 439.792
4832.979 472.857
4834.158 445.974
4835.336 421.016
4836.515 432.328
4837.694 408.281
4838.873 427.834
4840.052 427.298
4841.230 443.468
4842.409 354.609
4843.588 381.447
4844.767 401.016
4845.946 413.936
4847.125 414.073
4848.303 371.680
4849.482 389.362
4850.661 366.789
4851.840 367.120
4853.019 398.816
4854.197 372.496
4855.376 394.918
4856.555 379.449
4857.734 356.207
4858.913 312.775
4860.092 413.439
4861.270 224.369
4862.449 3504.697
4863.628 11261.701
4864.807 13358.704
4865.986 6989.224
4867.164 652.700
4868.343 483.090
4869.522 358.049
4870.701 383.688
4871.880 379.971
4873.059 390.450
4874.237 350.169
4875.416 365.134
4876.595 382.136
4877.774 364.239
4878.953 405.838
4880.131 443.580
4881.310 400.969
4882.489 406.581
4883.668 374.568
4884.847 372.898
4886.026 393.426
4887.204 380.797
4888.383 376.494
4889.562 375.010
4890.741 388.611
4891.920 395.743
4893.098 379.105
4894.277 375.833
4895.456 376.864
4896.635 381.712
4897.814 387.736
4898.993 381.635
4900.171 353.202
4901.350 362.344
4902.529 381.272
4903.708 367.812
4904.887 377.866
4906.065 385.767
4907.244 371.923
4908.423 374.936
4909.602 392.918
4910.781 387.529
4911.960 418.966
4913.138 381.750
4914.317 364.170
4915.496 368.768
4916.675 361.544
4917.854 368.610
4919.032 362.519
4920.211 332.472
4921.390 364.493
4922.569 360.814
4923.748 451.445
4924.927 529.581
4926.105 473.297
4927.284 397.740
4928.463 399.511
4929.642 391.465
4930.821 393.901
4931.999 407.602
4933.178 389.833
4934.357 391.941
4935.536 407.019
4936.715 422.267
4937.894 397.932
4939.072 354.264
4940.251 369.253
4941.430 372.370
4942.609 355.299
4943.788 378.923
4944.966 380.205
4946.145 387.838
4947.324 387.426
4948.503 360.117
4949.682 413.483
4950.861 413.241
4952.039 409.861
4953.218 397.555
4954.397 414.537
4955.576 342.943
4956.755 369.170
4957.933 415.673
4959.112 545.776
4960.291 8177.225
4961.470 24962.995
4962.649 26674.502
4963.828 9865.404
4965.006 966.244
4966.185 358.213
4967.364 488.586
4968.543 490.726
4969.722 469.458
4970.900 417.738
4972.079 422.652
4973.258 429.160
4974.437 375.517
4975.616 389.672
4976.794 404.080
4977.973 381.043
4979.152 413.417
4980.331 420.650
4981.510 396.516
4982.689 337.422
4983.867 370.513
4985.046 417.871
4986.225 421.464
4987.404 449.069
4988.583 426.022
4989.761 455.609
4990.940 469.711
4992.119 414.748
4993.298 405.845
4994.477 392.548
4995.656 408.073
4996.834 374.238
4998.013 353.963
4999.192 422.973
5000.371 404.779
5001.550 421.796
5002.728 429.229
5003.907 451.243
5005.086 349.530
5006.265 872.019
5007.444 1617.986
5008.623 41120.090
5009.801 82382.315
5010.980 63091.317
5012.159 18353.562
5013.338 -913.781
5014.517 1005.390
5015.695 261.786
5016.874 519.366
5018.053 599.822
5019.232 672.026
5020.411 540.581
5021.590 434.390
5022.768 419.101
5023.947 379.486
5025.126 400.711
5026.305 350.908
5027.484 366.415
5028.662 358.971
5029.841 368.076
5031.020 371.900
5032.199 357.559
5033.378 373.243
5034.557 360.888
5035.735 365.694
5036.914 380.722
5038.093 367.286
5039.272 356.959
5040.451 351.268
5041.629 351.871
5042.808 353.683
5043.987 346.794
5045.166 350.728
5046.345 354.476
5047.524 350.099
5048.702 361.175
5049.881 370.529
5051.060 370.819
5052.239 366.327
5053.418 389.205
5054.596 384.578
5055.775 327.596
5056.954 349.130
5058.133 378.508
5059.312 342.203
5060.491 362.646
5061.669 349.891
5062.848 344.242
5064.027 347.532
5065.206 354.898
5066.385 332.316
5067.563 323.888
5068.742 324.315
5069.921 335.469
5071.100 320.060
5072.279 339.125
5073.458 342.553
5074.636 330.062
5075.815 332.180
5076.994 338.546
5078.173 349.245
5079.352 340.710
5080.530 328.378
5081.709 313.623
5082.888 347.738
5084.067 351.196
5085.246 339.554
5086.425 315.774
5087.603 347.123
5088.782 320.782
5089.961 274.042
5091.140 336.220
5092.319 349.605
5093.497 344.458
5094.676 318.096
5095.855 338.932
5097.034 312.781
5098.213 312.394
5099.392 353.248
5100.570 319.875
5101.749 341.015
5102.928 338.829
5104.107 313.065
5105.286 312.074
5106.464 317.084
5107.643 320.755
5108.822 308.348
5110.001 320.839
5111.180 325.864
5112.359 308.255
5113.537 320.159
5114.716 350.733
5115.895 281.788
5117.074 328.762
5118.253 344.704
5119.431 320.152
5120.610 352.308
5121.789 310.217
5122.968 311.773
5124.147 333.481
5125.326 277.327
5126.504 301.958
5127.683 317.548
5128.862 302.907
5130.041 305.504
5131.220 333.991
5132.398 322.910
5133.577 316.967
5134.756 331.000
5135.935 331.602
5137.114 348.489
5138.292 334.601
5139.471 306.124
5140.650 323.472
5141.829 334.791
5143.008 363.863
5144.187 283.515
5145.365 334.135
5146.544 332.038
5147.723 309.204
5148.902 289.523
5150.081 314.245
5151.259 344.651
5152.438 305.917
5153.617 318.591
5154.796 317.467
5155.975 318.472
5157.154 292.360
5158.332 295.755
5159.511 319.123
5160.690 325.376
5161.869 317.284
5163.048 346.447
5164.226 344.505
5165.405 305.777
5166.584 303.227
5167.763 289.762
5168.942 274.876
5170.121 295.481
5171.299 305.464
5172.478 275.283
5173.657 301.554
5174.836 304.358
5176.015 317.412
5177.193 295.020
5178.372 327.051
5179.551 305.424
5180.730 309.286
5181.909 284.453
5183.088 259.065
5184.266 269.352
5185.445 270.839
5186.624 309.986
5187.803 342.199
5188.982 325.626
5190.160 332.605
5191.339 329.832
5192.518 297.803
5193.697 308.662
5194.876 296.209
5196.055 391.468
5197.233 684.570
5198.412 861.973
5199.591 880.433
5200.770 637.516
5201.949 469.666
5203.127 350.880
5204.306 358.303
5205.485 308.924
5206.664 295.282
5207.843 291.938
5209.022 298.244
5210.200 289.160
5211.379 286.232
5212.558 258.418
5213.737 276.187
5214.916 290.838
5216.094 288.298
5217.273 307.414
5218.452 324.388
5219.631 322.123
5220.810 303.606
5221.989 316.079
5223.167 355.855
5224.346 341.122
5225.525 318.498
5226.704 281.397
5227.883 301.702
5229.061 283.475
5230.240 293.004
5231.419 343.000
5232.598 298.105
5233.777 279.886
5234.956 272.037
5236.134 297.364
5237.313 311.995
5238.492 334.106
5239.671 334.457
5240.850 344.721
5242.028 316.938
5243.207 294.964
5244.386 317.816
5245.565 297.149
5246.744 273.935
5247.923 306.538
5249.101 303.922
5250.280 286.061
5251.459 341.702
5252.638 294.731
5253.817 309.684
5254.995 314.211
5256.174 376.089
5257.353 327.476
5258.532 321.199
5259.711 262.940
5260.890 277.817
5262.068 332.971
5263.247 321.984
5264.426 273.477
5265.605 233.886
5266.784 264.458
5267.962 298.049
5269.141 288.962
5270.320 290.185
5271.499 302.915
5272.678 299.913
5273.857 302.181
5275.035 316.104
5276.214 299.849
5277.393 287.857
5278.572 276.812
5279.751 289.829
5280.929 315.528
5282.108 287.899
5283.287 281.198
5284.466 250.322
5285.645 272.456
5286.824 283.831
5288.002 295.253
5289.181 273.530
5290.360 281.894
5291.539 299.974
5292.718 305.410
5293.896 281.968
5295.075 279.121
5296.254 297.257
5297.433 301.341
5298.612 302.197
5299.790 283.003
5300.969 308.267
5302.148 287.398
5303.327 259.538
5304.506 278.071
5305.685 315.081
5306.863 294.717
5308.042 297.189
5309.221 271.220
5310.400 283.349
5311.579 289.703
5312.757 296.477
5313.936 297.024
5315.115 286.479
5316.294 273.271
5317.473 269.086
5318.652 271.507
5319.830 277.576
5321.009 300.087
5322.188 298.069
5323.367 284.637
5324.546 295.361
5325.724 281.041
5326.903 300.597
5328.082 295.538
5329.261 371.923
5330.440 470.711
5331.619 389.035
5332.797 329.395
5333.976 284.019
5335.155 301.626
5336.334 286.250
5337.513 286.953
5338.691 289.698
5339.870 283.522
5341.049 293.191
5342.228 298.876
5343.407 288.371
5344.586 265.761
5345.764 252.817
5346.943 278.836
5348.122 274.768
5349.301 271.700
5350.480 284.950
5351.658 281.660
5352.837 284.996
5354.016 278.725
5355.195 275.483
5356.374 281.779
5357.553 266.412
5358.731 277.701
5359.910 286.380
5361.089 245.021
5362.268 283.779
5363.447 269.041
5364.625 239.955
5365.804 248.788
5366.983 282.488
5368.162 281.229
5369.341 237.662
5370.520 253.641
5371.698 252.733
5372.877 234.684
5374.056 263.046
5375.235 279.509
5376.414 298.144
5377.592 264.489
5378.771 262.247
5379.950 238.799
5381.129 269.250
5382.308 260.268
5383.487 288.020
5384.665 241.135
5385.844 247.463
5387.023 276.418
5388.202 267.103
5389.381 263.621
5390.559 270.636
5391.738 284.716
5392.917 270.235
5394.096 226.414
5395.275 240.460
5396.454 268.417
5397.632 270.235
5398.811 243.190
5399.990 292.155
5401.169 256.885
5402.348 276.069
5403.526 239.917
5404.705 263.662
5405.884 259.953
5407.063 246.121
5408.242 240.513
5409.421 260.685
5410.599 246.764
5411.778 232.980
5412.957 269.877
5414.136 276.509
5415.315 251.709
5416.493 259.331
5417.672 281.618
5418.851 255.778
5420.030 236.567
5421.209 292.506
5422.388 268.066
5423.566 263.488
5424.745 250.979
5425.924 233.450
5427.103 259.384
5428.282 248.004
5429.460 274.632
5430.639 256.999
5431.818 254.891
5432.997 265.757
5434.176 260.330
5435.355 259.899
5436.533 312.388
5437.712 331.962
5438.891 271.848
5440.070 259.513
5441.249 269.087
5442.427 252.229
5443.606 229.476
5444.785 214.969
5445.964 237.576
5447.143 254.953
5448.322 254.440
5449.500 230.084
5450.679 238.993
5451.858 242.293
5453.037 236.319
5454.216 245.724
5455.394 250.333
5456.573 236.354
5457.752 239.802
5458.931 238.544
5460.110 233.965
5461.288 252.939
5462.467 237.495
5463.646 228.680
5464.825 240.508
5466.004 230.306
5467.183 246.228
5468.361 226.600
5469.540 251.360
5470.719 270.079
5471.898 256.172
5473.077 258.779
5474.255 233.295
5475.434 217.862
5476.613 219.566
5477.792 218.304
5478.971 244.423
5480.150 225.689
5481.328 210.037
5482.507 246.467
5483.686 249.318
5484.865 239.872
5486.044 240.044
5487.222 228.501
5488.401 261.183
5489.580 247.986
5490.759 257.345
5491.938 257.225
5493.117 228.632
5494.295 239.595
5495.474 230.787
5496.653 234.215
5497.832 250.396
5499.011 237.585
5500.189 226.994
5501.368 239.734
5502.547 253.730
5503.726 237.500
5504.905 239.119
5506.084 260.757
5507.262 247.586
5508.441 264.300
5509.620 248.070
5510.799 260.016
5511.978 255.466
5513.156 233.625
5514.335 256.729
5515.514 286.738
5516.693 237.530
5517.872 236.742
5519.051 237.186
5520.229 279.098
5521.408 300.574
5522.587 258.446
5523.766 240.320
5524.945 236.319
5526.123 237.410
5527.302 253.501
5528.481 233.261
5529.660 241.042
5530.839 240.232
5532.018 238.191
5533.196 243.521
5534.375 238.328
5535.554 245.678
5536.733 255.207
5537.912 252.711
5539.090 244.969
5540.269 248.459
5541.448 277.616
5542.627 278.053
5543.806 277.261
5544.985 286.185
5546.163 239.652
5547.342 222.089
5548.521 254.506
5549.700 233.795
5550.879 250.499
5552.057 219.954
5553.236 247.559
5554.415 275.188
5555.594 246.252
5556.773 244.018
5557.952 244.950
5559.130 230.943
5560.309 240.003
5561.488 244.454
5562.667 248.967
5563.846 270.165
5565.024 285.701
5566.203 225.950
5567.382 217.760
5568.561 289.085
5569.740 263.439
5570.919 244.997
5572.097 267.073
5573.276 250.590
5574.455 253.748
5575.634 2202.584
5576.813 9307.227
5577.991 11803.107
5579.170 6360.643
5580.349 1106.778
5581.528 156.434
5582.707 306.538
5583.886 243.416
5585.064 255.246
5586.243 220.857
5587.422 236.532
5588.601 286.907
5589.780 277.836
5590.958 246.584
5592.137 237.171
5593.316 211.461
5594.495 211.416
5595.674 229.757
5596.853 260.440
5598.031 245.735
5599.210 243.704
5600.389 229.225
5601.568 213.071
5602.747 236.664
5603.925 272.404
5605.104 293.807
5606.283 276.931
5607.462 239.462
5608.641 250.216
5609.820 246.742
5610.998 215.155
5612.177 254.353
5613.356 270.394
5614.535 224.700
5615.714 226.396
5616.892 265.181
5618.071 244.011
5619.250 238.965
5620.429 226.064
5621.608 220.697
5622.786 251.759
5623.965 291.219
5625.144 264.168
5626.323 246.906
5627.502 223.273
5628.681 190.322
5629.859 227.192
5631.038 240.956
5632.217 216.874
5633.396 235.833
5634.575 237.050
5635.753 215.559
5636.932 229.310
5638.111 220.030
5639.290 256.761
5640.469 237.435
5641.648 216.083
5642.826 219.569
5644.005 246.299
5645.184 252.332
5646.363 237.063
5647.542 232.247
5648.720 223.635
5649.899 227.646
5651.078 238.503
5652.257 219.037
5653.436 221.018
5654.615 235.796
5655.793 241.782
5656.972 206.626
5658.151 193.845
5659.330 230.573
5660.509 201.185
5661.687 215.333
5662.866 230.408
5664.045 190.452
5665.224 234.498
5666.403 238.813
5667.582 224.598
5668.760 249.309
5669.939 232.343
5671.118 233.494
5672.297 227.775
5673.476 207.766
5674.654 237.147
5675.833 239.844
5677.012 252.209
5678.191 228.716
5679.370 222.268
5680.549 238.187
5681.727 231.601
5682.906 241.801
5684.085 230.085
5685.264 249.752
5686.443 240.293
5687.621 223.504
5688.800 239.069
5689.979 238.304
5691.158 252.394
5692.337 255.222
5693.516 244.796
5694.694 258.660
5695.873 226.709
5697.052 237.661
5698.231 240.792
5699.410 222.184
5700.588 239.834
5701.767 232.721
5702.946 248.163
5704.125 246.934
5705.304 221.826
5706.483 220.989
5707.661 222.828
5708.840 243.915
5710.019 250.207
5711.198 219.075
5712.377 232.379
5713.555 228.382
5714.734 225.875
5715.913 210.603
5717.092 222.911
5718.271 206.796
5719.450 213.828
5720.628 247.037
5721.807 223.599
5722.986 224.347
5724.165 238.787
5725.344 239.607
5726.522 242.761
5727.701 232.312
5728.880 228.767
5730.059 233.891
5731.238 228.346
5732.417 229.425
5733.595 226.518
5734.774 243.824
5735.953 210.753
5737.132 223.623
5738.311 243.350
5739.489 238.545
5740.668 213.045
5741.847 229.662
5743.026 218.516
5744.205 208.129
5745.384 219.783
5746.562 218.785
5747.741 213.627
5748.920 215.419
5750.099 226.137
5751.278 242.922
5752.456 235.910
5753.635 228.254
5754.814 210.298
5755.993 225.151
5757.172 226.223
5758.351 217.072
5759.529 238.902
5760.708 213.929
5761.887 207.277
5763.066 201.119
5764.245 230.197
5765.423 223.267
5766.602 206.986
5767.781 228.545
5768.960 215.820
5770.139 217.252
5771.318 236.820
5772.496 206.650
5773.675 214.475
5774.854 214.626
5776.033 220.557
5777.212 232.962
5778.390 207.534
5779.569 208.317
5780.748 228.992
5781.927 226.641
5783.106 215.639
5784.284 226.178
5785.463 211.363
5786.642 196.616
5787.821 198.784
5789.000 191.937
5790.179 198.386
5791.357 196.522
5792.536 239.413
5793.715 208.610
5794.894 205.364
5796.073 217.607
5797.251 206.543
5798.430 207.122
5799.609 215.864
5800.788 204.593
5801.967 209.811
5803.146 206.530
5804.324 228.876
5805.503 227.844
5806.682 215.420
5807.861 246.352
5809.040 227.306
5810.218 203.183
5811.397 217.065
5812.576 217.151
5813.755 204.330
5814.934 233.611
5816.113 225.092
5817.291 220.363
5818.470 232.478
5819.649 226.647
5820.828 214.853
5822.007 209.841
5823.185 212.570
5824.364 220.905
5825.543 221.158
5826.722 214.399
5827.901 207.586
5829.080 213.027
5830.258 235.052
5831.437 215.581
5832.616 218.046
5833.795 195.389
5834.974 216.908
5836.152 211.221
5837.331 193.154
5838.510 203.735
5839.689 219.861
5840.868 220.084
5842.047 198.223
5843.225 208.797
5844.404 209.300
5845.583 194.386
5846.762 213.014
5847.941 204.842
5849.119 209.714
5850.298 198.825
5851.477 216.909
5852.656 200.562
5853.835 209.462
5855.014 208.165
5856.192 197.351
5857.371 213.007
5858.550 202.985
5859.729 205.124
5860.908 221.227
5862.086 210.785
5863.265 204.316
5864.444 230.656
5865.623 300.570
5866.802 363.759
5867.981 341.528
5869.159 306.958
5870.338 238.544
5871.517 247.907
5872.696 244.659
5873.875 248.853
5875.053 243.279
5876.232 234.003
5877.411 546.389
5878.590 1000.921
5879.769 1077.993
5880.948 658.964
5882.126 298.689
5883.305 233.607
5884.484 217.821
5885.663 256.904
5886.842 319.062
5888.020 613.138
5889.199 1276.825
5890.378 1439.078
5891.557 903.262
5892.736 383.236
5893.915 413.126
5895.093 798.145
5896.272 971.442
5897.451 648.222
5898.630 334.285
5899.809 228.392
5900.987 199.134
5902.166 213.051
5903.345 219.200
5904.524 227.527
5905.703 229.657
5906.882 265.659
5908.060 238.022
5909.239 208.471
5910.418 219.363
5911.597 224.694
5912.776 220.948
5913.954 299.736
5915.133 365.989
5916.312 330.220
5917.491 245.969
5918.670 204.100
5919.849 208.798
5921.027 208.486
5922.206 215.757
5923.385 251.646
5924.564 264.212
5925.743 261.691
5926.921 280.139
5928.100 218.159
5929.279 207.249
5930.458 237.323
5931.637 298.906
5932.815 372.848
5933.994 350.460
5935.173 266.401
5936.352 219.760
5937.531 218.682
5938.710 214.336
5939.888 203.039
5941.067 216.005
5942.246 203.550
5943.425 223.918
5944.604 233.073
5945.782 258.038
5946.961 256.963
5948.140 230.157
5949.319 213.560
5950.498 214.042
5951.677 266.321
5952.855 326.118
5954.034 334.452
5955.213 279.897
5956.392 215.658
5957.571 235.491
5958.749 237.219
5959.928 230.398
5961.107 201.059
5962.286 198.144
5963.465 207.513
5964.644 210.461
5965.822 209.706
5967.001 203.493
5968.180 189.330
5969.359 215.964
5970.538 242.705
5971.716 237.324
5972.895 237.317
5974.074 237.304
