3561.035 3749.117
3562.213 3362.091
3563.392 3283.988
3564.571 3452.968
3565.750 3363.199
3566.929 2974.774
3568.108 2830.421
3569.286 2926.259
3570.465 3311.234
3571.644 2755.108
3572.823 3480.635
3574.002 3696.139
3575.180 2506.537
3576.359 2872.481
3577.538 3042.838
3578.717 3047.837
3579.896 3037.610
3581.075 2993.790
3582.253 2956.965
3583.432 3463.230
3584.611 3566.821
3585.790 3336.359
3586.969 3569.876
3588.147 2946.685
3589.326 3204.350
3590.505 3313.895
3591.684 2903.755
3592.863 3864.993
3594.042 3148.182
3595.220 3167.054
3596.399 3565.626
3597.578 3777.106
3598.757 3871.099
3599.936 3348.160
3601.114 3700.549
3602.293 3171.521
3603.472 2857.556
3604.651 3383.877
3605.830 2840.340
3607.009 3583.085
3608.187 3219.044
3609.366 3230.013
3610.545 3734.040
3611.724 3766.067
3612.903 3609.020
3614.081 3416.505
3615.260 4045.128
3616.439 4433.747
3617.618 4058.388
3618.797 3905.714
3619.976 3326.603
3621.154 3801.500
3622.333 4009.378
3623.512 3647.352
3624.691 4360.466
3625.870 4058.126
3627.048 3467.760
3628.227 3559.375
3629.406 3847.940
3630.585 3786.084
3631.764 4245.607
3632.943 3613.851
3634.121 4145.044
3635.300 4020.313
3636.479 4621.720
3637.658 4235.019
3638.837 3885.364
3640.015 4151.233
3641.194 4070.104
3642.373 3999.723
3643.552 3689.001
3644.731 4442.206
3645.910 3821.581
3647.088 3980.827
3648.267 3697.302
3649.446 3897.409
3650.625 4186.354
3651.804 4163.336
3652.982 3666.020
3654.161 3758.061
3655.340 3991.856
3656.519 3682.352
3657.698 3731.046
3658.877 3930.152
3660.055 3869.363
3661.234 3821.049
3662.413 3968.468
3663.592 3520.409
3664.771 3580.737
3665.949 3728.904
3667.128 3558.260
3668.307 3929.783
3669.486 3930.542
3670.665 3895.063
3671.844 4107.356
3673.022 3957.220
3674.201 4057.706
3675.380 3706.305
3676.559 3859.263
3677.738 3755.907
3678.916 3359.543
3680.095 3570.789
3681.274 3927.598
3682.453 3198.800
3683.632 3518.759
3684.811 3777.414
3685.989 3733.370
3687.168 3585.116
3688.347 3864.596
3689.526 4007.808
3690.705 3897.066
3691.883 3686.520
3693.062 3656.744
3694.241 4243.614
3695.420 4010.598
3696.599 3746.163
3697.777 3627.852
3698.956 3726.868
3700.135 4431.403
3701.314 4617.073
3702.493 4224.385
3703.672 4155.310
3704.850 3715.151
3706.029 4273.732
3707.208 4992.084
3708.387 4719.943
3709.566 4511.011
3710.744 4660.296
3711.923 3841.895
3713.102 3935.861
3714.281 4245.409
3715.460 4599.648
3716.639 4982.222
3717.817 4877.771
3718.996 5612.983
3720.175 4576.596
3721.354 4116.913
3722.533 3695.765
3723.711 4404.255
3724.890 5395.225
3726.069 6087.432
3727.248 10771.605
3728.427 16417.041
3729.606 19978.477
3730.784 23525.745
3731.963 21794.673
3733.142 13444.054
3734.321 7420.932
3735.500 4903.328
3736.678 4830.352
3737.857 4849.068
3739.036 5013.990
3740.215 5396.969
3741.394 6017.101
3742.573 6411.856
3743.751 6044.815
3744.930 6112.485
3746.109 6568.016
3747.288 5721.842
3748.467 4752.687
3749.645 4130.407
3750.824 4125.804
3752.003 4389.091
3753.182 5196.433
3754.361 5216.252
3755.540 4937.164
3756.718 5567.044
3757.897 6269.278
3759.076 6320.614
3760.255 5993.753
3761.434 6276.078
3762.612 6365.597
3763.791 6544.458
3764.970 6473.864
3766.149 5959.454
3767.328 5550.118
3768.507 4992.354
3769.685 4335.373
3770.864 3933.258
3772.043 4699.702
3773.222 5621.332
3774.401 5493.115
3775.579 4949.016
3776.758 5521.964
3777.937 6150.807
3779.116 6544.967
3780.295 7240.273
3781.474 7489.999
3782.652 7863.959
3783.831 7847.632
3785.010 7961.209
3786.189 8455.978
3787.368 7683.219
3788.546 7571.712
3789.725 7784.132
3790.904 7303.066
3792.083 7060.205
3793.262 6643.111
3794.441 5931.052
3795.619 5291.899
3796.798 4539.959
3797.977 3854.375
3799.156 4641.684
3800.335 5660.604
3801.513 5715.071
3802.692 4407.191
3803.871 5235.327
3805.050 5696.997
3806.229 6367.077
3807.408 6818.754
3808.586 6860.028
3809.765 7614.693
3810.944 7594.092
3812.123 8208.428
3813.302 8401.691
3814.480 7925.494
3815.659 8055.786
3816.838 7912.475
3818.017 8112.863
3819.196 8548.301
3820.375 8521.346
3821.553 8516.944
3822.732 8521.685
3823.911 8114.831
3825.090 7748.173
3826.269 7415.726
3827.447 6899.669
3828.626 6807.130
3829.805 6363.540
3830.984 5960.445
3832.163 5660.568
3833.342 4917.800
3834.520 4154.179
3835.699 3853.799
3836.878 5741.201
3838.057 7362.588
3839.236 6299.511
3840.414 4524.273
3841.593 5066.752
3842.772 5398.665
3843.951 5981.406
3845.130 6458.353
3846.309 6759.504
3847.487 7418.584
3848.666 7582.622
3849.845 7893.176
3851.024 7573.423
3852.203 7904.402
3853.381 8238.451
3854.560 8339.582
3855.739 8260.403
3856.918 8217.405
3858.097 8102.339
3859.275 7885.369
3860.454 8085.326
3861.633 8174.284
3862.812 8343.226
3863.991 8364.655
3865.170 8535.415
3866.348 8225.373
3867.527 8427.461
3868.706 10036.151
3869.885 21712.512
3871.064 35677.445
3872.242 30186.663
3873.421 12941.850
3874.600 7920.556
3875.779 7890.372
3876.958 7857.906
3878.137 7493.950
3879.315 6715.235
3880.494 6256.093
3881.673 6246.004
3882.852 6070.907
3884.031 5622.339
3885.209 5132.006
3886.388 4593.272
3887.567 4091.233
3888.746 4248.508
3889.925 7166.218
3891.104 12832.018
3892.282 11524.653
3893.461 6136.597
3894.640 4094.084
3895.819 4941.626
3896.998 5156.608
3898.176 5459.972
3899.355 5918.791
3900.534 6040.769
3901.713 6205.970
3902.892 6839.316
3904.071 6928.797
3905.249 7018.559
3906.428 7004.957
3907.607 7390.781
3908.786 7504.508
3909.965 7904.572
3911.143 7598.570
3912.322 7953.707
3913.501 7896.629
3914.680 7657.275
3915.859 7494.907
3917.038 7606.637
3918.216 7844.241
3919.395 7948.669
3920.574 7924.330
3921.753 7722.384
3922.932 7755.346
3924.110 7721.068
3925.289 7793.773
3926.468 7757.128
3927.647 7542.636
3928.826 7579.822
3930.005 7572.707
3931.183 7450.247
3932.362 6988.647
3933.541 6103.890
3934.720 4682.417
3935.899 4431.417
3937.077 5541.474
3938.256 6905.960
3939.435 7270.742
3940.614 7212.241
3941.793 7467.313
3942.972 7603.864
3944.150 7682.486
3945.329 7006.890
3946.508 7404.068
3947.687 7396.750
3948.866 7406.063
3950.044 7067.636
3951.223 7202.084
3952.402 6945.736
3953.581 6949.041
3954.760 6746.927
3955.939 6524.579
3957.117 6384.406
3958.296 6259.989
3959.475 6212.908
3960.654 5945.188
3961.833 5601.896
3963.011 5399.449
3964.190 5152.558
3965.369 4692.381
3966.548 4651.955
3967.727 4654.787
3968.906 7672.187
3970.084 9499.795
3971.263 10067.166
3972.442 10081.906
3973.621 8701.491
3974.800 4457.675
3975.978 3799.059
3977.157 4233.172
3978.336 4708.485
3979.515 4877.832
3980.694 5183.447
3981.873 5506.472
3983.051 5783.960
3984.230 5909.134
3985.409 6018.909
3986.588 6118.500
3987.767 6262.400
3988.945 6188.193
3990.124 6452.011
3991.303 6208.154
3992.482 6611.055
3993.661 6564.383
3994.840 6648.257
3996.018 6494.543
3997.197 6509.716
3998.376 6589.466
3999.555 6290.620
4000.734 6410.011
4001.912 6569.177
4003.091 6641.518
4004.270 6450.625
4005.449 6497.996
4006.628 6523.478
4007.807 6314.888
4008.985 6470.754
4010.164 6655.242
4011.343 6495.038
4012.522 6449.484
4013.701 6383.597
4014.879 6498.442
4016.058 6511.539
4017.237 6460.931
4018.416 6263.049
4019.595 6592.428
4020.773 6525.240
4021.952 6425.341
4023.131 6249.362
4024.310 6501.387
4025.489 6323.691
4026.668 6287.556
4027.846 6936.854
4029.025 7188.342
4030.204 6725.240
4031.383 6110.349
4032.562 5894.328
4033.740 6124.492
4034.919 6236.962
4036.098 6144.699
4037.277 6195.191
4038.456 6358.099
4039.635 6107.317
4040.813 6174.870
4041.992 6241.969
4043.171 6262.387
4044.350 6319.706
4045.529 6091.899
4046.707 6115.003
4047.886 5901.583
4049.065 5885.367
4050.244 5902.749
4051.423 5916.706
4052.602 5946.392
4053.780 6020.343
4054.959 6027.427
4056.138 5914.567
4057.317 5890.535
4058.496 5865.723
4059.674 6004.240
4060.853 5949.880
4062.032 5985.569
4063.211 5802.793
4064.390 5798.925
4065.569 5691.152
4066.747 5647.731
4067.926 5674.176
4069.105 5710.930
4070.284 5818.232
4071.463 5774.985
4072.641 5775.541
4073.820 5660.612
4074.999 5469.753
4076.178 5776.730
4077.357 5428.724
4078.536 5449.024
4079.714 5491.921
4080.893 5324.346
4082.072 5450.493
4083.251 5320.402
4084.430 5339.427
4085.608 5148.001
4086.787 5190.793
4087.966 5042.152
4089.145 4918.922
4090.324 4727.185
4091.503 4563.993
4092.681 4466.980
4093.860 4284.676
4095.039 4162.994
4096.218 3816.481
4097.397 3676.807
4098.575 3268.520
4099.754 3082.815
4100.933 2816.745
4102.112 3087.078
4103.291 8577.592
4104.470 11857.396
4105.648 8772.374
4106.827 3851.519
4108.006 3176.897
4109.185 3330.433
4110.364 3602.433
4111.542 3796.721
4112.721 3928.502
4113.900 4204.907
4115.079 4266.959
4116.258 4355.178
4117.437 4627.984
4118.615 4711.562
4119.794 4639.658
4120.973 4764.258
4122.152 4771.659
4123.331 4966.558
4124.509 5018.783
4125.688 4862.668
4126.867 4939.787
4128.046 5040.472
4129.225 4780.659
4130.404 4690.980
4131.582 4846.999
4132.761 4794.541
4133.940 4727.880
4135.119 4759.334
4136.298 5004.603
4137.476 4813.828
4138.655 4953.591
4139.834 4932.311
4141.013 4874.020
4142.192 4941.306
4143.371 4876.188
4144.549 4943.247
4145.728 4789.572
4146.907 4973.617
4148.086 4846.374
4149.265 4966.438
4150.443 4864.238
4151.622 4744.227
4152.801 4903.764
4153.980 4787.244
4155.159 4925.874
4156.338 4905.362
4157.516 4629.409
4158.695 4784.075
4159.874 4821.172
4161.053 4788.847
4162.232 4660.271
4163.410 4776.894
4164.589 4804.455
4165.768 4780.489
4166.947 4714.232
4168.126 4733.284
4169.305 4858.020
4170.483 4905.380
4171.662 4804.176
4172.841 4731.763
4174.020 4529.955
4175.199 4410.410
4176.377 4487.226
4177.556 4607.718
4178.735 4426.315
4179.914 4472.580
4181.093 4442.689
4182.271 4615.294
4183.450 4532.533
4184.629 4498.049
4185.808 4480.398
4186.987 4517.616
4188.166 4602.175
4189.344 4432.199
4190.523 4614.855
4191.702 4563.776
4192.881 4536.242
4194.060 4310.610
4195.238 4506.216
4196.417 4417.500
4197.596 4525.424
4198.775 4533.926
4199.954 4230.612
4201.133 4298.099
4202.311 4395.200
4203.490 4422.018
4204.669 4389.911
4205.848 4326.923
4207.027 4492.657
4208.205 4449.802
4209.384 4406.924
4210.563 4375.438
4211.742 4368.063
4212.921 4328.019
4214.100 4334.510
4215.278 4270.803
4216.457 4234.769
4217.636 4248.330
4218.815 4220.341
4219.994 4240.658
4221.172 4321.508
4222.351 4249.475
4223.530 4264.081
4224.709 4261.305
4225.888 4174.095
4227.067 4124.119
4228.245 4204.139
4229.424 3985.039
4230.603 4173.729
4231.782 4142.366
4232.961 4049.874
4234.139 3898.609
4235.318 4092.137
4236.497 4121.372
4237.676 4184.885
4238.855 4113.317
4240.034 4039.222
4241.212 4129.371
4242.391 4018.354
4243.570 4135.424
4244.749 3992.394
4245.928 4025.764
4247.106 4153.705
4248.285 3858.480
4249.464 4026.701
4250.643 3933.539
4251.822 3958.627
4253.001 3951.919
4254.179 4088.667
4255.358 4025.846
4256.537 3996.280
4257.716 3961.469
4258.895 3941.611
4260.073 3869.265
4261.252 3920.174
4262.431 3835.235
4263.610 3822.353
4264.789 3895.383
4265.968 3904.314
4267.146 3960.065
4268.325 3940.551
4269.504 3832.699
4270.683 3827.550
4271.862 3793.400
4273.040 3757.913
4274.219 3679.028
4275.398 3631.099
4276.577 3764.605
4277.756 3814.322
4278.935 3722.580
4280.113 3886.326
4281.292 3845.914
4282.471 3792.738
4283.650 3781.164
4284.829 3794.244
4286.007 3697.369
4287.186 3678.082
4288.365 3766.425
4289.544 3636.578
4290.723 3617.755
4291.902 3542.854
4293.080 3572.216
4294.259 3461.839
4295.438 3602.921
4296.617 3599.230
4297.796 3505.534
4298.974 3629.691
4300.153 3511.713
4301.332 3339.413
4302.511 3284.546
4303.690 3342.952
4304.869 3242.553
4306.047 3525.848
4307.226 3527.192
4308.405 3431.074
4309.584 3412.954
4310.763 3434.788
4311.941 3425.001
4313.120 3338.428
4314.299 3392.417
4315.478 3186.261
4316.657 3217.915
4317.836 3410.584
4319.014 3341.999
4320.193 3427.842
4321.372 3308.035
4322.551 3327.020
4323.730 3138.422
4324.908 3126.440
4326.087 3034.455
4327.266 2992.100
4328.445 2950.264
4329.624 2919.427
4330.803 2854.815
4331.981 2717.455
4333.160 2678.329
4334.339 2588.898
4335.518 2445.343
4336.697 2292.259
4337.875 2105.078
4339.054 1911.616
4340.233 1804.822
4341.412 4982.341
4342.591 12425.492
4343.769 13973.280
4344.948 8175.630
4346.127 2216.971
4347.306 2310.463
4348.485 2263.351
4349.664 2354.358
4350.842 2464.028
4352.021 2534.574
4353.200 2523.756
4354.379 2681.494
4355.558 2798.961
4356.736 2904.126
4357.915 2986.895
4359.094 2998.956
4360.273 3018.628
4361.452 3072.528
4362.631 3206.745
4363.809 3526.481
4364.988 4856.176
4366.167 5888.764
4367.346 4932.353
4368.525 3584.908
4369.703 3155.462
4370.882 3180.351
4372.061 3220.872
4373.240 3264.562
4374.419 3136.257
4375.598 3052.287
4376.776 3119.988
4377.955 3119.519
4379.134 3196.783
4380.313 3161.529
4381.492 3145.837
4382.670 3174.307
4383.849 3089.307
4385.028 3039.292
4386.207 2951.380
4387.386 2908.621
4388.565 3061.594
4389.743 3268.112
4390.922 3344.481
4392.101 3222.557
4393.280 3181.324
4394.459 3102.301
4395.637 3052.961
4396.816 2951.210
4397.995 3018.102
4399.174 3030.567
4400.353 3067.010
4401.532 2984.904
4402.710 3074.241
4403.889 3043.079
4405.068 3101.884
4406.247 3077.838
4407.426 3016.794
4408.604 3077.748
4409.783 3090.078
4410.962 3010.995
4412.141 3144.993
4413.320 3084.717
4414.499 3103.455
4415.677 3132.958
4416.856 3011.173
4418.035 2979.434
4419.214 2903.206
4420.393 2999.113
4421.571 3052.708
4422.750 2939.306
4423.929 2954.769
4425.108 2969.246
4426.287 3051.160
4427.466 2940.115
4428.644 2952.035
4429.823 3065.553
4431.002 2985.845
4432.181 3003.102
4433.360 3028.522
4434.538 2973.883
4435.717 2917.203
4436.896 2982.065
4438.075 2958.604
4439.254 3015.987
4440.433 3008.687
4441.611 2913.970
4442.790 3001.830
4443.969 2999.078
4445.148 2806.862
4446.327 2811.655
4447.505 2886.337
4448.684 2901.722
4449.863 2931.965
4451.042 2875.692
4452.221 2819.240
4453.400 2817.977
4454.578 2878.315
4455.757 3034.820
4456.936 2848.075
4458.115 2784.740
4459.294 2815.891
4460.472 2832.910
4461.651 2886.815
4462.830 2883.067
4464.009 2876.767
4465.188 2815.774
4466.367 2838.534
4467.545 2837.624
4468.724 2890.017
4469.903 2725.099
4471.082 2793.025
4472.261 2929.199
4473.439 3573.042
4474.618 3807.736
4475.797 3417.096
4476.976 2876.001
4478.155 2850.229
4479.334 2909.714
4480.512 2821.291
4481.691 2746.730
4482.870 2595.744
4484.049 2591.836
4485.228 2762.912
4486.406 2806.623
4487.585 2886.651
4488.764 2783.070
4489.943 2777.864
4491.122 2804.066
4492.301 2726.838
4493.479 2724.105
4494.658 2716.660
4495.837 2707.296
4497.016 2853.431
4498.195 2858.961
4499.373 2821.274
4500.552 2804.384
4501.731 2670.389
4502.910 2617.158
4504.089 2697.558
4505.267 2740.739
4506.446 2743.667
4507.625 2733.247
4508.804 2740.409
4509.983 2751.793
4511.162 2675.802
4512.340 2770.224
4513.519 2688.462
4514.698 2666.922
4515.877 2748.383
4517.056 2724.065
4518.234 2648.149
4519.413 2742.021
4520.592 2731.906
4521.771 2683.402
4522.950 2698.636
4524.129 2670.730
4525.307 2653.885
4526.486 2625.468
4527.665 2662.147
4528.844 2747.889
4530.023 2701.565
4531.201 2732.384
4532.380 2745.162
4533.559 2731.670
4534.738 2688.494
4535.917 2597.051
4537.096 2604.386
4538.274 2682.739
4539.453 2665.428
4540.632 2679.683
4541.811 2719.546
4542.990 2747.144
4544.168 2754.852
4545.347 2667.010
4546.526 2632.774
4547.705 2618.706
4548.884 2592.870
4550.063 2582.070
4551.241 2537.770
4552.420 2555.822
4553.599 2600.979
4554.778 2572.567
4555.957 2601.182
4557.135 2571.777
4558.314 2542.828
4559.493 2489.153
4560.672 2499.753
4561.851 2677.767
4563.030 2651.795
4564.208 2601.922
4565.387 2627.420
4566.566 2610.011
4567.745 2587.455
4568.924 2615.694
4570.102 2684.708
4571.281 2618.264
4572.460 2599.179
4573.639 2549.632
4574.818 2490.023
4575.997 2625.236
4577.175 2687.749
4578.354 2649.189
4579.533 2576.742
4580.712 2577.927
4581.891 2671.245
4583.069 2591.969
4584.248 2466.964
4585.427 2489.314
4586.606 2503.636
4587.785 2592.503
4588.964 2562.064
4590.142 2577.361
4591.321 2531.032
4592.500 2525.165
4593.679 2575.518
4594.858 2607.608
4596.036 2563.729
4597.215 2551.677
4598.394 2568.542
4599.573 2566.256
4600.752 2665.019
4601.931 2565.550
4603.109 2521.411
4604.288 2625.001
4605.467 2631.962
4606.646 2573.394
4607.825 2506.837
4609.003 2591.603
4610.182 2591.124
4611.361 2587.701
4612.540 2612.760
4613.719 2531.649
4614.898 2610.964
4616.076 2567.207
4617.255 2572.485
4618.434 2539.651
4619.613 2552.249
4620.792 2500.078
4621.970 2518.095
4623.149 2585.131
4624.328 2541.197
4625.507 2600.866
4626.686 2548.673
4627.865 2526.323
4629.043 2494.052
4630.222 2485.303
4631.401 2515.303
4632.580 2506.122
4633.759 2577.162
4634.937 2578.326
4636.116 2465.356
4637.295 2480.834
4638.474 2534.234
4639.653 2514.455
4640.832 2432.098
4642.010 2592.937
4643.189 2564.116
4644.368 2518.094
4645.547 2508.180
4646.726 2524.917
4647.904 2537.311
4649.083 2556.753
4650.262 2540.474
4651.441 2578.356
4652.620 2530.405
4653.799 2577.181
4654.977 2539.788
4656.156 2511.805
4657.335 2547.296
4658.514 2599.393
4659.693 2527.345
4660.871 2552.616
4662.050 2600.490
4663.229 2616.384
4664.408 2603.705
4665.587 2528.125
4666.765 2545.460
4667.944 2522.241
4669.123 2439.757
4670.302 2463.863
4671.481 2553.479
4672.660 2638.043
4673.838 2556.457
4675.017 2527.972
4676.196 2627.510
4677.375 2566.079
4678.554 2576.295
4679.732 2598.810
4680.911 2618.021
4682.090 2681.074
4683.269 2702.337
4684.448 2692.582
4685.627 2731.043
4686.805 2756.715
4687.984 2767.101
4689.163 2778.262
4690.342 2743.799
4691.521 2753.377
4692.699 2686.025
4693.878 2706.208
4695.057 2565.665
4696.236 2553.768
4697.415 2603.244
4698.594 2587.394
4699.772 2555.731
4700.951 2512.583
4702.130 2543.293
4703.309 2549.431
4704.488 2542.351
4705.666 2518.864
4706.845 2544.836
4708.024 2544.783
4709.203 2577.897
4710.382 2500.719
4711.561 2472.404
4712.739 2687.278
4713.918 2946.999
4715.097 3023.914
4716.276 2647.356
4717.455 2497.699
4718.633 2497.909
4719.812 2485.782
4720.991 2496.103
4722.170 2531.733
4723.349 2472.040
4724.528 2392.332
4725.706 2458.251
4726.885 2444.016
4728.064 2479.613
4729.243 2537.437
4730.422 2464.360
4731.600 2460.515
4732.779 2449.187
4733.958 2442.253
4735.137 2448.957
4736.316 2410.093
4737.495 2409.852
4738.673 2423.748
4739.852 2453.531
4741.031 2562.433
4742.210 2724.367
4743.389 2798.175
4744.567 2622.582
4745.746 2430.821
4746.925 2496.426
4748.104 2464.889
4749.283 2429.211
4750.462 2465.106
4751.640 2412.117
4752.819 2391.762
4753.998 2463.657
4755.177 2388.610
4756.356 2360.310
4757.534 2399.084
4758.713 2479.091
4759.892 2427.841
4761.071 2347.996
4762.250 2369.792
4763.429 2346.464
4764.607 2380.698
4765.786 2361.839
4766.965 2349.615
4768.144 2392.667
4769.323 2307.697
4770.501 2420.152
4771.680 2385.064
4772.859 2431.533
4774.038 2437.513
4775.217 2402.725
4776.396 2300.113
4777.574 2319.908
4778.753 2364.928
4779.932 2378.445
4781.111 2338.548
4782.290 2358.557
4783.468 2365.460
4784.647 2299.188
4785.826 2375.630
4787.005 2360.476
4788.184 2319.278
4789.363 2299.952
4790.541 2321.629
4791.720 2375.787
4792.899 2388.426
4794.078 2408.076
4795.257 2332.788
4796.435 2321.771
4797.614 2325.494
4798.793 2269.556
4799.972 2266.427
4801.151 2282.792
4802.330 2347.489
4803.508 2305.832
4804.687 2343.732
4805.866 2269.496
4807.045 2316.387
4808.224 2280.578
4809.402 2282.233
4810.581 2315.946
4811.760 2301.847
4812.939 2267.515
4814.118 2287.373
4815.296 2263.972
4816.475 2362.108
4817.654 2306.172
4818.833 2268.918
4820.012 2232.814
4821.191 2273.811
4822.369 2300.425
4823.548 2282.449
4824.727 2242.499
4825.906 2126.871
4827.085 2240.667
4828.263 2286.425
4829.442 2296.905
4830.621 2272.555
4831.800 2290.454
4832.979 2231.117
4834.158 2268.847
4835.336 2239.715
4836.515 2154.654
4837.694 2169.579
4838.873 2197.382
4840.052 2167.234
4841.230 2110.496
4842.409 2127.126
4843.588 2129.626
4844.767 2006.981
4845.946 1993.572
4847.125 2080.542
4848.303 2003.955
4849.482 1925.845
4850.661 1909.173
4851.840 1850.410
4853.019 1768.076
4854.197 1787.583
4855.376 1682.250
4856.555 1628.537
4857.734 1553.611
4858.913 1493.663
4860.092 1390.158
4861.270 1592.039
4862.449 6548.401
4863.628 22300.947
4864.807 24994.735
4865.986 12555.231
4867.164 2836.194
4868.343 1700.544
4869.522 1657.823
4870.701 1654.248
4871.880 1642.494
4873.059 1678.229
4874.237 1816.680
4875.416 1798.890
4876.595 1778.049
4877.774 1929.572
4878.953 1996.073
4880.131 1962.833
4881.310 2008.614
4882.489 2044.046
4883.668 2053.635
4884.847 2092.932
4886.026 2072.478
4887.204 2044.449
4888.383 2084.954
4889.562 2061.748
4890.741 2034.932
4891.920 2107.475
4893.098 2119.046
4894.277 2068.856
4895.456 2053.386
4896.635 2148.978
4897.814 2087.794
4898.993 2154.881
4900.171 2119.990
4901.350 2160.391
4902.529 2125.781
4903.708 2128.411
4904.887 2166.370
4906.065 2146.042
4907.244 2149.217
4908.423 2208.360
4909.602 2128.714
4910.781 2021.334
4911.960 2058.789
4913.138 2098.935
4914.317 2106.673
4915.496 2152.615
4916.675 2110.747
4917.854 2077.596
4919.032 2033.494
4920.211 2099.982
4921.390 2081.618
4922.569 2057.659
4923.748 2201.368
4924.927 2294.643
4926.105 2231.436
4927.284 2094.412
4928.463 2080.510
4929.642 2130.261
4930.821 2082.195
4931.999 2047.495
4933.178 2114.407
4934.357 2120.546
4935.536 2044.171
4936.715 2080.758
4937.894 2105.306
4939.072 2099.248
4940.251 2109.641
4941.430 2099.714
4942.609 2039.427
4943.788 2058.728
4944.966 2034.062
4946.145 2072.143
4947.324 2118.853
4948.503 2158.473
4949.682 2122.946
4950.861 2151.403
4952.039 2134.555
4953.218 2148.184
4954.397 2097.235
4955.576 2188.152
4956.755 2010.394
4957.933 2540.407
4959.112 1292.598
4960.291 21251.601
4961.470 51763.638
4962.649 52138.704
4963.828 22899.983
4965.006 1706.158
4966.185 2915.750
4967.364 2049.446
4968.543 2250.728
4969.722 2172.716
4970.900 2098.724
4972.079 2092.991
4973.258 2106.484
4974.437 2070.238
4975.616 2046.407
4976.794 2112.668
4977.973 2063.076
4979.152 2045.671
4980.331 2109.882
4981.510 2095.991
4982.689 2005.654
4983.867 2000.053
4985.046 2079.261
4986.225 2039.822
4987.404 2073.877
4988.583 2160.857
4989.761 2135.125
4990.940 2074.042
4992.119 2129.270
4993.298 2097.979
4994.477 2014.851
4995.656 2029.159
4996.834 2038.127
4998.013 2034.928
4999.192 2111.254
5000.371 2125.486
5001.550 2070.213
5002.728 2166.784
5003.907 1929.353
5005.086 2560.558
5006.265 1082.933
5007.444 11307.048
5008.623 85386.865
5009.801 164948.879
5010.980 133644.683
5012.159 27197.988
5013.338 4274.772
5014.517 2645.400
5015.695 2123.781
5016.874 2126.071
5018.053 2417.349
5019.232 2462.262
5020.411 2128.524
5021.590 1965.927
5022.768 1977.752
5023.947 2035.638
5025.126 2018.717
5026.305 1986.879
5027.484 1969.476
5028.662 2011.928
5029.841 2000.672
5031.020 2000.349
5032.199 2010.171
5033.378 1946.356
5034.557 1983.635
5035.735 1965.609
5036.914 1935.824
5038.093 1928.128
5039.272 1872.306
5040.451 1870.548
5041.629 1850.436
5042.808 1967.202
5043.987 1910.850
5045.166 1923.472
5046.345 1999.961
5047.524 1852.087
5048.702 1971.298
5049.881 1912.278
5051.060 1924.931
5052.239 1875.269
5053.418 1878.790
5054.596 1882.413
5055.775 1911.469
5056.954 1835.584
5058.133 1883.418
5059.312 1914.636
5060.491 1897.730
5061.669 1910.358
5062.848 1877.059
5064.027 1879.122
5065.206 1862.851
5066.385 1863.275
5067.563 1888.481
5068.742 1887.210
5069.921 1913.043
5071.100 1798.187
5072.279 1834.723
5073.458 1866.079
5074.636 1889.423
5075.815 1856.545
5076.994 1847.676
5078.173 1770.560
5079.352 1853.352
5080.530 1893.053
5081.709 1845.999
5082.888 1764.461
5084.067 1860.655
5085.246 1845.415
5086.425 1878.839
5087.603 1860.076
5088.782 1788.944
5089.961 1853.508
5091.140 1884.165
5092.319 1849.760
5093.497 1857.700
5094.676 1842.239
5095.855 1815.848
5097.034 1820.525
5098.213 1791.748
5099.392 1834.644
5100.570 1829.826
5101.749 1836.594
5102.928 1768.773
5104.107 1777.271
5105.286 1828.107
5106.464 1831.416
5107.643 1831.412
5108.822 1814.425
5110.001 1839.032
5111.180 1817.123
5112.359 1868.089
5113.537 1820.840
5114.716 1822.110
5115.895 1825.026
5117.074 1841.881
5118.253 1854.984
5119.431 1855.574
5120.610 1826.684
5121.789 1795.600
5122.968 1808.369
5124.147 1793.543
5125.326 1779.264
5126.504 1781.036
5127.683 1764.095
5128.862 1799.214
5130.041 1816.496
5131.220 1790.138
5132.398 1763.175
5133.577 1773.979
5134.756 1780.145
5135.935 1804.228
5137.114 1795.642
5138.292 1779.898
5139.471 1761.314
5140.650 1763.229
5141.829 1770.821
5143.008 1808.227
5144.187 1801.527
5145.365 1785.530
5146.544 1775.721
5147.723 1763.679
5148.902 1776.326
5150.081 1752.167
5151.259 1731.013
5152.438 1771.546
5153.617 1741.500
5154.796 1752.284
5155.975 1825.575
5157.154 1741.239
5158.332 1743.441
5159.511 1761.452
5160.690 1740.047
5161.869 1787.529
5163.048 1740.024
5164.226 1786.739
5165.405 1706.877
5166.584 1765.234
5167.763 1643.778
5168.942 1679.102
5170.121 1569.434
5171.299 1603.005
5172.478 1666.052
5173.657 1662.163
5174.836 1624.612
5176.015 1694.584
5177.193 1729.514
5178.372 1722.525
5179.551 1749.857
5180.730 1713.898
5181.909 1732.674
5183.088 1738.074
5184.266 1626.358
5185.445 1595.428
5186.624 1645.283
5187.803 1733.902
5188.982 1721.703
5190.160 1650.263
5191.339 1682.866
5192.518 1635.437
5193.697 1726.435
5194.876 1732.410
5196.055 1791.343
5197.233 2074.187
5198.412 2246.612
5199.591 2203.472
5200.770 2053.488
5201.949 1879.980
5203.127 1794.429
5204.306 1733.551
5205.485 1682.762
5206.664 1647.964
5207.843 1666.592
5209.022 1694.236
5210.200 1642.151
5211.379 1692.798
5212.558 1700.906
5213.737 1686.900
5214.916 1652.884
5216.094 1639.293
5217.273 1663.118
5218.452 1698.641
5219.631 1666.156
5220.810 1749.823
5221.989 1700.621
5223.167 1775.514
5224.346 1734.561
5225.525 1716.564
5226.704 1639.794
5227.883 1547.249
5229.061 1541.150
5230.240 1618.399
5231.419 1684.638
5232.598 1707.934
5233.777 1684.710
5234.956 1626.387
5236.134 1612.049
5237.313 1613.274
5238.492 1645.770
5239.671 1651.779
5240.850 1681.422
5242.028 1626.757
5243.207 1683.850
5244.386 1661.939
5245.565 1702.254
5246.744 1650.171
5247.923 1619.174
5249.101 1658.729
5250.280 1666.083
5251.459 1618.957
5252.638 1607.481
5253.817 1616.467
5254.995 1650.805
5256.174 1682.341
5257.353 1671.838
5258.532 1639.964
5259.711 1594.884
5260.890 1560.509
5262.068 1581.298
5263.247 1613.469
5264.426 1578.528
5265.605 1591.091
5266.784 1607.285
5267.962 1568.989
5269.141 1567.217
5270.320 1542.540
5271.499 1520.869
5272.678 1549.079
5273.857 1591.216
5275.035 1674.508
5276.214 1610.044
5277.393 1598.555
5278.572 1540.980
5279.751 1557.236
5280.929 1549.020
5282.108 1584.297
5283.287 1611.835
5284.466 1574.360
5285.645 1580.315
5286.824 1506.813
5288.002 1528.050
5289.181 1522.981
5290.360 1556.579
5291.539 1554.085
5292.718 1589.549
5293.896 1576.561
5295.075 1664.971
5296.254 1557.918
5297.433 1581.701
5298.612 1568.058
5299.790 1522.851
5300.969 1574.584
5302.148 1559.482
5303.327 1516.423
5304.506 1539.727
5305.685 1527.479
5306.863 1518.698
5308.042 1559.522
5309.221 1556.569
5310.400 1514.181
5311.579 1529.908
5312.757 1578.335
5313.936 1543.611
5315.115 1527.589
5316.294 1528.637
5317.473 1521.562
5318.652 1455.123
5319.830 1448.284
5321.009 1527.353
5322.188 1522.419
5323.367 1524.026
5324.546 1576.377
5325.724 1493.819
5326.903 1499.663
5328.082 1507.077
5329.261 1573.061
5330.440 1659.016
5331.619 1626.221
5332.797 1539.445
5333.976 1494.571
5335.155 1509.443
5336.334 1505.677
5337.513 1521.610
5338.691 1522.076
5339.870 1509.208
5341.049 1495.243
5342.228 1439.028
5343.407 1482.876
5344.586 1477.712
5345.764 1503.498
5346.943 1532.793
5348.122 1474.529
5349.301 1480.346
5350.480 1505.897
5351.658 1542.706
5352.837 1506.280
5354.016 1499.173
5355.195 1511.816
5356.374 1494.390
5357.553 1494.978
5358.731 1503.146
5359.910 1518.907
5361.089 1430.123
5362.268 1448.571
5363.447 1484.871
5364.625 1419.368
5365.804 1445.360
5366.983 1484.785
5368.162 1452.116
5369.341 1446.418
5370.520 1400.891
5371.698 1436.196
5372.877 1452.895
5374.056 1464.010
5375.235 1454.249
5376.414 1444.994
5377.592 1444.118
5378.771 1420.397
5379.950 1438.875
5381.129 1468.111
5382.308 1410.749
5383.487 1362.306
5384.665 1387.847
5385.844 1401.755
5387.023 1402.595
5388.202 1422.772
5389.381 1445.377
5390.559 1389.275
5391.738 1437.824
5392.917 1393.056
5394.096 1422.939
5395.275 1411.890
5396.454 1437.846
5397.632 1410.445
5398.811 1377.562
5399.990 1375.909
5401.169 1403.071
5402.348 1372.877
5403.526 1343.278
5404.705 1387.322
5405.884 1353.305
5407.063 1353.967
5408.242 1367.588
5409.421 1415.810
5410.599 1394.462
5411.778 1408.008
5412.957 1439.419
5414.136 1337.325
5415.315 1383.330
5416.493 1374.389
5417.672 1392.258
5418.851 1363.778
5420.030 1408.540
5421.209 1366.640
5422.388 1340.176
5423.566 1356.614
5424.745 1352.114
5425.924 1381.884
5427.103 1349.626
5428.282 1322.413
5429.460 1354.040
5430.639 1330.288
5431.818 1322.334
5432.997 1321.482
5434.176 1350.161
5435.355 1407.720
5436.533 1393.947
5437.712 1434.487
5438.891 1307.645
5440.070 1252.911
5441.249 1350.179
5442.427 1352.517
5443.606 1310.299
5444.785 1316.908
5445.964 1310.914
5447.143 1278.396
5448.322 1258.042
5449.500 1259.366
5450.679 1282.150
5451.858 1298.166
5453.037 1292.884
5454.216 1344.045
5455.394 1299.770
5456.573 1321.358
5457.752 1328.063
5458.931 1278.829
5460.110 1283.636
5461.288 1280.618
5462.467 1302.346
5463.646 1279.775
5464.825 1299.051
5466.004 1285.991
5467.183 1260.825
5468.361 1262.784
5469.540 1304.425
5470.719 1323.608
5471.898 1260.170
5473.077 1248.036
5474.255 1257.366
5475.434 1273.976
5476.613 1247.277
5477.792 1299.993
5478.971 1303.590
5480.150 1281.940
5481.328 1249.141
5482.507 1281.520
5483.686 1240.555
5484.865 1279.528
5486.044 1253.090
5487.222 1253.422
5488.401 1276.949
5489.580 1277.054
5490.759 1249.497
5491.938 1236.803
5493.117 1265.148
5494.295 1237.566
5495.474 1267.083
5496.653 1308.028
5497.832 1309.843
5499.011 1297.101
5500.189 1320.791
5501.368 1287.574
5502.547 1322.793
5503.726 1304.672
5504.905 1260.792
5506.084 1223.006
5507.262 1200.386
5508.441 1202.791
5509.620 1259.649
5510.799 1270.282
5511.978 1211.703
5513.156 1221.189
5514.335 1243.747
5515.514 1228.585
5516.693 1240.475
5517.872 1217.487
5519.051 1244.948
5520.229 1277.697
5521.408 1343.747
5522.587 1269.062
5523.766 1233.252
5524.945 1236.206
5526.123 1252.025
5527.302 1183.904
5528.481 1199.110
5529.660 1216.337
5530.839 1225.991
5532.018 1215.110
5533.196 1216.242
5534.375 1219.270
5535.554 1187.762
5536.733 1206.269
5537.912 1205.010
5539.090 1207.221
5540.269 1213.723
5541.448 1276.991
5542.627 1275.347
5543.806 1257.448
5544.985 1276.860
5546.163 1258.043
5547.342 1239.111
5548.521 1213.698
5549.700 1204.017
5550.879 1210.929
5552.057 1192.187
5553.236 1193.774
5554.415 1218.438
5555.594 1237.405
5556.773 1226.215
5557.952 1205.842
5559.130 1225.260
5560.309 1196.461
5561.488 1230.892
5562.667 1233.729
5563.846 1278.112
5565.024 1208.751
5566.203 1187.681
5567.382 1175.222
5568.561 1233.758
5569.740 1233.183
5570.919 1219.187
5572.097 1174.736
5573.276 1292.714
5574.455 844.089
5575.634 3880.060
5576.813 10738.043
5577.991 12871.408
5579.170 7641.329
5580.349 1420.915
5581.528 1303.855
5582.707 1215.907
5583.886 1207.876
5585.064 1205.882
5586.243 1206.542
5587.422 1178.582
5588.601 1174.862
5589.780 1215.740
5590.958 1180.251
5592.137 1151.292
5593.316 1156.405
5594.495 1158.239
5595.674 1162.266
5596.853 1151.641
5598.031 1176.823
5599.210 1204.349
5600.389 1144.140
5601.568 1158.286
5602.747 1183.085
5603.925 1151.069
5605.104 1277.370
5606.283 1199.073
5607.462 1140.959
5608.641 1149.425
5609.820 1157.827
5610.998 1138.608
5612.177 1180.678
5613.356 1182.646
5614.535 1167.321
5615.714 1163.602
5616.892 1162.054
5618.071 1184.751
5619.250 1174.376
5620.429 1154.261
5621.608 1140.029
5622.786 1174.015
5623.965 1204.156
5625.144 1172.596
5626.323 1135.417
5627.502 1087.088
5628.681 1130.909
5629.859 1153.370
5631.038 1145.357
5632.217 1109.431
5633.396 1122.877
5634.575 1129.846
5635.753 1129.207
5636.932 1135.530
5638.111 1141.029
5639.290 1141.957
5640.469 1094.935
5641.648 1127.639
5642.826 1131.360
5644.005 1111.425
5645.184 1142.490
5646.363 1181.043
5647.542 1159.685
5648.720 1112.549
5649.899 1166.045
5651.078 1133.167
5652.257 1129.844
5653.436 1116.504
5654.615 1126.689
5655.793 1138.738
5656.972 1109.799
5658.151 1129.833
5659.330 1127.830
5660.509 1103.486
5661.687 1104.311
5662.866 1102.566
5664.045 1099.994
5665.224 1120.029
5666.403 1146.138
5667.582 1104.795
5668.760 1173.061
5669.939 1122.860
5671.118 1100.919
5672.297 1112.878
5673.476 1107.122
5674.654 1124.576
5675.833 1122.606
5677.012 1110.388
5678.191 1113.806
5679.370 1098.895
5680.549 1109.277
5681.727 1141.793
5682.906 1161.575
5684.085 1153.896
5685.264 1104.218
5686.443 1113.536
5687.621 1107.106
5688.800 1105.537
5689.979 1119.015
5691.158 1122.171
5692.337 1129.838
5693.516 1085.042
5694.694 1106.807
5695.873 1174.309
5697.052 1133.790
5698.231 1088.680
5699.410 1105.451
5700.588 1094.333
5701.767 1077.428
5702.946 1116.493
5704.125 1112.232
5705.304 1100.709
5706.483 1070.203
5707.661 1109.991
5708.840 1110.713
5710.019 1083.580
5711.198 1111.838
5712.377 1094.393
5713.555 1065.592
5714.734 1071.819
5715.913 1085.769
5717.092 1102.271
5718.271 1072.180
5719.450 1058.163
5720.628 1086.268
5721.807 1024.894
5722.986 1076.463
5724.165 1048.263
5725.344 1069.504
5726.522 1095.473
5727.701 1101.807
5728.880 1064.668
5730.059 1070.350
5731.238 1091.029
5732.417 1057.731
5733.595 1042.528
5734.774 1075.321
5735.953 1079.851
5737.132 1068.900
5738.311 1076.759
5739.489 1052.530
5740.668 1027.754
5741.847 1057.007
5743.026 1052.992
5744.205 1030.905
5745.384 1049.656
5746.562 1014.192
5747.741 1051.945
5748.920 1096.418
5750.099 1041.000
5751.278 1062.563
5752.456 1042.096
5753.635 1046.020
5754.814 1079.732
5755.993 1031.615
5757.172 1052.028
5758.351 1073.800
5759.529 1067.256
5760.708 1065.879
5761.887 1080.024
5763.066 1028.990
5764.245 1030.994
5765.423 1084.459
5766.602 1015.813
5767.781 1031.150
5768.960 1033.383
5770.139 1018.057
5771.318 1051.182
5772.496 1025.582
5773.675 1011.790
5774.854 1054.012
5776.033 1024.421
5777.212 988.923
5778.390 1014.040
5779.569 1033.353
5780.748 1014.871
5781.927 1030.346
5783.106 1044.730
5784.284 1030.599
5785.463 1017.940
5786.642 1024.751
5787.821 1032.911
5789.000 1013.896
5790.179 999.465
5791.357 996.046
5792.536 1000.099
5793.715 977.850
5794.894 992.295
5796.073 1069.078
5797.251 1033.484
5798.430 990.419
5799.609 979.093
5800.788 1004.900
5801.967 1024.421
5803.146 1020.764
5804.324 1043.294
5805.503 1060.443
5806.682 1014.341
5807.861 1009.757
5809.040 1034.816
5810.218 1015.313
5811.397 1009.515
5812.576 1014.070
5813.755 1020.147
5814.934 1037.755
5816.113 1012.784
5817.291 1031.020
5818.470 1024.859
5819.649 1019.203
5820.828 1040.153
5822.007 1039.872
5823.185 988.713
5824.364 1010.708
5825.543 996.689
5826.722 986.582
5827.901 989.537
5829.080 1004.973
5830.258 1010.665
5831.437 991.248
5832.616 981.292
5833.795 994.542
5834.974 1011.562
5836.152 985.949
5837.331 985.516
5838.510 990.018
5839.689 986.857
5840.868 999.832
5842.047 946.354
5843.225 1037.730
5844.404 990.555
5845.583 1027.066
5846.762 999.297
5847.941 962.109
5849.119 995.852
5850.298 992.875
5851.477 994.247
5852.656 989.528
5853.835 994.183
5855.014 964.191
5856.192 958.761
5857.371 969.185
5858.550 974.623
5859.729 975.736
5860.908 983.626
5862.086 965.938
5863.265 980.684
5864.444 1008.552
5865.623 1064.545
5866.802 1083.010
5867.981 1083.816
5869.159 1044.903
5870.338 995.884
5871.517 1017.954
5872.696 984.206
5873.875 1011.885
5875.053 999.584
5876.232 973.873
5877.411 1546.491
5878.590 2440.967
5879.769 2707.560
5880.948 1767.468
5882.126 1133.180
5883.305 993.132
5884.484 973.811
5885.663 990.488
5886.842 1026.938
5888.020 1403.250
5889.199 2000.279
5890.378 2159.007
5891.557 1706.232
5892.736 1062.322
5893.915 1105.477
5895.093 1541.298
5896.272 1705.747
5897.451 1403.926
5898.630 1068.813
5899.809 921.580
5900.987 945.543
5902.166 946.988
5903.345 934.721
5904.524 938.407
5905.703 979.695
5906.882 983.571
5908.060 954.352
5909.239 972.544
5910.418 908.446
5911.597 961.225
5912.776 964.797
5913.954 968.128
5915.133 1065.092
5916.312 1060.068
5917.491 990.003
5918.670 913.572
5919.849 937.674
5921.027 938.100
5922.206 911.140
5923.385 943.022
5924.564 983.016
5925.743 978.152
5926.921 949.430
5928.100 912.475
5929.279 892.775
5930.458 944.722
5931.637 1003.892
5932.815 1059.996
5933.994 1047.742
5935.173 980.843
5936.352 947.110
5937.531 897.559
5938.710 896.575
5939.888 893.697
5941.067 894.464
5942.246 924.525
5943.425 895.867
5944.604 887.039
5945.782 938.092
5946.961 939.642
5948.140 901.610
5949.319 937.492
5950.498 895.390
5951.677 922.045
5952.855 998.789
5954.034 1019.561
5955.213 936.622
5956.392 880.471
5957.571 899.345
5958.749 918.281
5959.928 914.067
5961.107 878.405
5962.286 870.179
5963.465 910.097
5964.644 857.801
5965.822 891.949
5967.001 858.378
5968.180 881.202
5969.359 891.212
5970.538 907.529
5971.716 920.662
5972.895 920.464
5974.074 920.274
