5329.969 1753.703
5331.022 1682.962
5332.075 1433.021
5333.128 1168.813
5334.181 1226.050
5335.234 1119.821
5336.287 1067.726
5337.340 1228.133
5338.393 1235.828
5339.446 1046.113
5340.499 1011.850
5341.552 1200.198
5342.605 1094.246
5343.658 1186.987
5344.711 1149.427
5345.764 1114.024
5346.817 1088.241
5347.870 1215.019
5348.923 1100.677
5349.976 1077.433
5351.029 1153.228
5352.082 1168.683
5353.135 985.788
5354.188 1097.390
5355.241 1151.294
5356.294 1102.819
5357.347 985.903
5358.400 1274.127
5359.453 1139.706
5360.506 1032.202
5361.559 1178.962
5362.612 1222.024
5363.665 1102.152
5364.718 939.595
5365.771 1043.734
5366.824 1070.770
5367.877 991.840
5368.930 968.475
5369.983 1012.793
5371.036 898.297
5372.089 1062.255
5373.142 1028.821
5374.195 1065.369
5375.248 995.200
5376.301 1183.569
5377.354 1074.395
5378.407 1037.532
5379.460 1048.977
5380.513 1202.352
5381.566 1132.898
5382.619 1099.010
5383.672 930.219
5384.725 966.013
5385.778 1067.605
5386.831 1023.376
5387.884 1008.874
5388.937 1036.858
5389.990 1152.231
5391.043 942.044
5392.097 1059.206
5393.150 974.207
5394.203 925.353
5395.256 908.436
5396.309 1026.913
5397.362 1141.196
5398.415 912.713
5399.468 1003.680
5400.521 1017.805
5401.574 1050.222
5402.627 1044.280
5403.680 1104.338
5404.733 954.638
5405.786 895.225
5406.839 984.496
5407.892 970.249
5408.945 1091.361
5409.998 1003.920
5411.051 1192.252
5412.104 1115.779
5413.157 1103.311
5414.210 1078.249
5415.263 1095.043
5416.316 987.446
5417.369 958.786
5418.422 904.981
5419.475 1034.863
5420.528 1001.086
5421.581 1126.831
5422.634 957.294
5423.687 974.716
5424.740 1121.791
5425.793 1099.897
5426.846 1133.917
5427.899 995.387
5428.952 1097.579
5430.005 1009.088
5431.058 1094.260
5432.111 986.672
5433.164 961.323
5434.217 1063.213
5435.270 1093.559
5436.323 1186.501
5437.376 1141.317
5438.429 1046.785
5439.482 1141.197
5440.535 1104.785
5441.588 960.328
5442.641 1035.506
5443.694 1111.122
5444.747 932.578
5445.800 1065.590
5446.853 1059.927
5447.906 819.144
5448.959 1054.857
5450.012 1132.103
5451.065 1174.511
5452.118 1004.796
5453.171 1032.305
5454.224 1023.127
5455.277 988.425
5456.330 960.791
5457.383 1027.434
5458.436 1018.456
5459.489 970.430
5460.542 947.938
5461.595 1095.308
5462.648 1076.760
5463.701 902.838
5464.754 975.141
5465.807 1020.406
5466.860 1019.194
5467.913 897.039
5468.966 1116.433
5470.019 931.106
5471.072 1043.369
5472.125 1116.918
5473.178 1025.121
5474.231 1006.452
5475.285 1072.211
5476.338 922.655
5477.391 1023.786
5478.444 848.217
5479.497 947.293
5480.550 1047.388
5481.603 938.048
5482.656 980.448
5483.709 1038.950
5484.762 1096.656
5485.815 915.117
5486.868 918.870
5487.921 938.610
5488.974 1000.536
5490.027 963.576
5491.080 1003.249
5492.133 981.103
5493.186 1042.147
5494.239 978.789
5495.292 986.586
5496.345 983.174
5497.398 916.099
5498.451 966.316
5499.504 1075.253
5500.557 993.558
5501.610 1053.856
5502.663 1032.674
5503.716 1092.297
5504.769 909.504
5505.822 858.581
5506.875 916.306
5507.928 916.712
5508.981 999.348
5510.034 1009.086
5511.087 971.009
5512.140 1067.551
5513.193 1031.220
5514.246 962.667
5515.299 978.766
5516.352 905.362
5517.405 914.838
5518.458 898.559
5519.511 1068.405
5520.564 1337.837
5521.617 1307.007
5522.670 1118.172
5523.723 993.147
5524.776 918.072
5525.829 935.486
5526.882 1005.352
5527.935 1012.704
5528.988 940.284
5530.041 957.157
5531.094 933.004
5532.147 958.230
5533.200 974.904
5534.253 898.512
5535.306 992.095
5536.359 1009.635
5537.412 912.318
5538.465 972.218
5539.518 1012.812
5540.571 1182.095
5541.624 1267.502
5542.677 1310.965
5543.730 1093.455
5544.783 1086.463
5545.836 1077.324
5546.889 988.490
5547.942 944.833
5548.995 1048.480
5550.048 1089.755
5551.101 985.768
5552.154 931.465
5553.207 950.580
5554.260 957.467
5555.313 1047.112
5556.366 1080.311
5557.419 878.077
5558.473 1004.837
5559.526 1062.370
5560.579 954.609
5561.632 945.187
5562.685 1056.467
5563.738 1218.095
5564.791 1033.621
5565.844 1070.938
5566.897 959.790
5567.950 944.024
5569.003 967.657
5570.056 995.707
5571.109 914.070
5572.162 939.245
5573.215 884.201
5574.268 1398.534
5575.321 2003.858
5576.374 28747.538
5577.427 52207.760
5578.480 41352.222
5579.533 5243.215
5580.586 1292.161
5581.639 1014.277
5582.692 975.667
5583.745 908.564
5584.798 1019.420
5585.851 923.530
5586.904 961.860
5587.957 1017.908
5589.010 1158.743
5590.063 1213.271
5591.116 900.224
5592.169 1081.428
5593.222 889.278
5594.275 932.067
5595.328 864.662
5596.381 890.391
5597.434 1130.114
5598.487 1076.728
5599.540 942.740
5600.593 1005.497
5601.646 852.685
5602.699 966.053
5603.752 1005.308
5604.805 1153.449
5605.858 1349.275
5606.911 1041.340
5607.964 877.158
5609.017 1014.151
5610.070 958.939
5611.123 1004.292
5612.176 957.478
5613.229 984.496
5614.282 936.119
5615.335 859.108
5616.388 929.075
5617.441 910.267
5618.494 1003.058
5619.547 904.790
5620.600 912.085
5621.653 974.731
5622.706 1118.798
5623.759 1193.439
5624.812 1117.233
5625.865 952.771
5626.918 850.166
5627.971 981.421
5629.024 912.885
5630.077 905.253
5631.130 861.215
5632.183 943.733
5633.236 899.182
5634.289 886.455
5635.342 858.301
5636.395 931.917
5637.448 876.683
5638.501 862.016
5639.554 1060.341
5640.608 1026.811
5641.661 979.868
5642.714 968.419
5643.767 972.161
5644.820 985.459
5645.873 1172.217
5646.926 950.480
5647.979 926.807
5649.032 912.076
5650.085 972.934
5651.138 888.159
5652.191 895.275
5653.244 871.315
5654.297 1007.101
5655.350 990.076
5656.403 884.308
5657.456 916.258
5658.509 748.940
5659.562 792.783
5660.615 870.136
5661.668 838.329
5662.721 681.804
5663.774 838.463
5664.827 951.670
5665.880 927.613
5666.933 901.593
5667.986 907.617
5669.039 956.162
5670.092 1109.844
5671.145 1066.842
5672.198 889.061
5673.251 954.006
5674.304 885.690
5675.357 901.136
5676.410 925.995
5677.463 953.138
5678.516 965.810
5679.569 927.156
5680.622 954.672
5681.675 921.103
5682.728 997.403
5683.781 909.140
5684.834 998.317
5685.887 991.772
5686.940 945.042
5687.993 963.758
5689.046 1011.918
5690.099 1047.208
5691.152 927.011
5692.205 951.252
5693.258 952.234
5694.311 936.882
5695.364 911.914
5696.417 899.531
5697.470 978.479
5698.523 906.134
5699.576 989.518
5700.629 1008.221
5701.682 988.036
5702.735 915.772
5703.788 976.134
5704.841 918.200
5705.894 876.390
5706.947 891.562
5708.000 970.064
5709.053 806.872
5710.106 930.628
5711.159 1014.402
5712.212 832.771
5713.265 882.135
5714.318 1014.566
5715.371 925.061
5716.424 907.627
5717.477 995.199
5718.530 936.585
5719.583 950.861
5720.636 976.574
5721.689 1007.637
5722.742 913.679
5723.796 1012.203
5724.849 914.368
5725.902 845.937
5726.955 931.390
5728.008 914.333
5729.061 784.975
5730.114 895.454
5731.167 874.166
5732.220 963.310
5733.273 942.524
5734.326 922.616
5735.379 979.700
5736.432 929.991
5737.485 947.928
5738.538 938.693
5739.591 924.676
5740.644 878.994
5741.697 983.416
5742.750 1003.461
5743.803 850.548
5744.856 885.543
5745.909 970.707
5746.962 973.728
5748.015 827.886
5749.068 922.276
5750.121 851.118
5751.174 891.329
5752.227 908.598
5753.280 983.475
5754.333 797.034
5755.386 902.188
5756.439 930.341
5757.492 1005.331
5758.545 927.804
5759.598 928.038
5760.651 886.373
5761.704 868.307
5762.757 816.612
5763.810 842.125
5764.863 892.343
5765.916 836.014
5766.969 913.495
5768.022 876.954
5769.075 934.679
5770.128 746.569
5771.181 910.723
5772.234 930.793
5773.287 913.137
5774.340 843.338
5775.393 967.128
5776.446 781.425
5777.499 944.881
5778.552 847.465
5779.605 910.453
5780.658 854.202
5781.711 838.353
5782.764 892.356
5783.817 877.399
5784.870 862.866
5785.923 898.872
5786.976 930.102
5788.029 913.107
5789.082 885.585
5790.135 932.340
5791.188 975.689
5792.241 865.552
5793.294 862.793
5794.347 885.808
5795.400 823.708
5796.453 873.389
5797.506 888.095
5798.559 936.405
5799.612 868.468
5800.665 997.926
5801.718 803.875
5802.771 880.409
5803.824 844.542
5804.877 897.074
5805.931 825.590
5806.984 825.906
5808.037 885.619
5809.090 893.757
5810.143 785.071
5811.196 798.155
5812.249 926.712
5813.302 1020.744
5814.355 891.044
5815.408 828.982
5816.461 864.614
5817.514 863.636
5818.567 859.149
5819.620 907.198
5820.673 904.346
5821.726 918.190
5822.779 907.419
5823.832 919.165
5824.885 985.608
5825.938 947.436
5826.991 890.708
5828.044 918.159
5829.097 865.566
5830.150 840.764
5831.203 838.590
5832.256 833.386
5833.309 890.831
5834.362 841.341
5835.415 800.098
5836.468 898.002
5837.521 878.590
5838.574 937.948
5839.627 868.336
5840.680 767.224
5841.733 802.118
5842.786 878.951
5843.839 794.908
5844.892 861.937
5845.945 953.352
5846.998 932.856
5848.051 803.834
5849.104 814.263
5850.157 798.600
5851.210 821.072
5852.263 878.749
5853.316 840.351
5854.369 937.985
5855.422 851.559
5856.475 924.135
5857.528 869.092
5858.581 796.043
5859.634 915.258
5860.687 812.401
5861.740 823.570
5862.793 895.843
5863.846 849.780
5864.899 1128.615
5865.952 1299.429
5867.005 1516.206
5868.058 1385.340
5869.111 1241.286
5870.164 1018.672
5871.217 942.653
5872.270 979.915
5873.323 957.738
5874.376 951.812
5875.429 988.172
5876.482 1026.156
5877.535 2934.638
5878.588 8310.156
5879.641 10076.485
5880.694 4981.460
5881.747 1224.727
5882.800 917.594
5883.853 902.995
5884.906 940.090
5885.959 983.524
5887.012 1300.327
5888.065 1939.145
5889.119 5376.092
5890.172 6608.430
5891.225 4592.893
5892.278 1329.373
5893.331 1025.661
5894.384 1681.159
5895.437 3963.888
5896.490 4124.680
5897.543 2435.137
5898.596 838.201
5899.649 981.875
5900.702 912.031
5901.755 883.420
5902.808 982.144
5903.861 997.547
5904.914 901.708
5905.967 1046.723
5907.020 1238.559
5908.073 1032.856
5909.126 807.455
5910.179 880.808
5911.232 900.932
5912.285 857.531
5913.338 938.937
5914.391 1320.251
5915.444 1641.752
5916.497 1400.672
5917.550 931.256
5918.603 843.133
5919.656 862.981
5920.709 910.512
5921.762 912.669
5922.815 879.425
5923.868 1105.267
5924.921 1238.289
5925.974 1012.488
5927.027 874.043
5928.080 843.127
5929.133 908.785
5930.186 914.517
5931.239 948.864
5932.292 1497.491
5933.345 1759.106
5934.398 1283.502
5935.451 955.164
5936.504 784.110
5937.557 928.227
5938.610 840.651
5939.663 781.529
5940.716 924.749
5941.769 858.991
5942.822 831.342
5943.875 854.639
5944.928 987.525
5945.981 1164.334
5947.034 1065.067
5948.087 962.988
5949.140 778.476
5950.193 827.015
5951.246 903.394
5952.299 1065.396
5953.352 1447.394
5954.405 1348.521
5955.458 934.832
5956.511 808.902
5957.564 877.032
5958.617 968.658
5959.670 977.725
5960.723 860.887
5961.776 873.493
5962.829 862.876
5963.882 860.203
5964.935 833.670
5965.988 760.303
5967.041 819.712
5968.094 896.734
5969.147 899.692
5970.200 982.379
5971.254 907.218
5972.307 864.290
5973.360 818.508
5974.413 800.258
5975.466 924.407
5976.519 1145.079
5977.572 1129.320
5978.625 951.063
5979.678 857.251
5980.731 789.869
5981.784 871.754
5982.837 767.008
5983.890 859.484
5984.943 781.261
5985.996 778.096
5987.049 768.022
5988.102 782.033
5989.155 736.088
5990.208 757.554
5991.261 867.899
5992.314 772.341
5993.367 776.155
5994.420 695.756
5995.473 796.902
5996.526 898.408
5997.579 876.283
5998.632 865.519
5999.685 868.577
6000.738 825.315
6001.791 821.640
6002.844 847.905
6003.897 924.902
6004.950 944.711
6006.003 748.594
6007.056 718.506
6008.109 744.763
6009.162 776.968
6010.215 781.719
6011.268 770.272
6012.321 768.608
6013.374 707.782
6014.427 730.228
6015.480 728.180
6016.533 783.492
6017.586 794.802
6018.639 790.063
6019.692 723.559
6020.745 738.792
6021.798 783.141
6022.851 691.626
6023.904 669.163
6024.957 733.059
6026.010 749.565
6027.063 783.028
6028.116 742.832
6029.169 785.562
6030.222 683.627
6031.275 742.467
6032.328 698.590
6033.381 824.521
6034.434 845.374
6035.487 833.091
6036.540 746.822
6037.593 730.817
6038.646 688.075
6039.699 696.130
6040.752 723.708
6041.805 741.432
6042.858 691.326
6043.911 744.207
6044.964 683.515
6046.017 700.666
6047.070 640.695
6048.123 795.616
6049.176 704.392
6050.229 659.467
6051.282 718.044
6052.335 686.582
6053.388 815.401
6054.442 732.225
6055.495 648.237
6056.548 684.043
6057.601 783.161
6058.654 691.232
6059.707 684.312
6060.760 663.775
6061.813 764.254
6062.866 668.276
6063.919 706.643
6064.972 624.767
6066.025 732.598
6067.078 744.182
6068.131 759.263
6069.184 666.929
6070.237 668.637
6071.290 681.398
6072.343 687.018
6073.396 683.404
6074.449 645.538
6075.502 658.571
6076.555 678.081
6077.608 664.580
6078.661 670.260
6079.714 703.806
6080.767 698.708
6081.820 693.684
6082.873 636.298
6083.926 653.402
6084.979 631.223
6086.032 624.904
6087.085 631.739
6088.138 625.214
6089.191 643.753
6090.244 674.209
6091.297 623.788
6092.350 605.228
6093.403 618.268
6094.456 663.485
6095.509 638.902
6096.562 702.005
6097.615 685.817
6098.668 663.227
6099.721 749.834
6100.774 703.271
6101.827 615.986
6102.880 632.980
6103.933 606.936
6104.986 715.438
6106.039 647.136
6107.092 635.112
6108.145 637.948
6109.198 701.412
6110.251 704.370
6111.304 680.896
6112.357 683.295
6113.410 690.821
6114.463 647.206
6115.516 582.568
6116.569 705.136
6117.622 658.856
6118.675 687.505
6119.728 708.629
6120.781 695.391
6121.834 620.821
6122.887 612.717
6123.940 661.841
6124.993 613.617
6126.046 646.496
6127.099 664.256
6128.152 619.497
6129.205 611.041
6130.258 675.701
6131.311 671.889
6132.364 691.443
6133.417 630.458
6134.470 657.496
6135.523 736.784
6136.577 711.105
6137.630 743.062
6138.683 819.553
6139.736 823.943
6140.789 721.442
6141.842 675.224
6142.895 692.480
6143.948 783.185
6145.001 836.751
6146.054 701.726
6147.107 674.284
6148.160 592.662
6149.213 609.773
6150.266 740.330
6151.319 679.535
6152.372 578.811
6153.425 673.741
6154.478 658.835
6155.531 1078.767
6156.584 1141.189
6157.637 1399.789
6158.690 1192.309
6159.743 816.537
6160.796 649.661
6161.849 573.441
6162.902 591.684
6163.955 505.321
6165.008 636.843
6166.061 592.929
6167.114 616.953
6168.167 650.549
6169.220 755.390
6170.273 971.088
6171.326 946.683
6172.379 759.025
6173.432 622.268
6174.485 617.023
6175.538 692.538
6176.591 717.074
6177.644 702.123
6178.697 652.842
6179.750 711.425
6180.803 668.026
6181.856 622.426
6182.909 685.567
6183.962 683.082
6185.015 660.189
6186.068 668.767
6187.121 664.179
6188.174 555.566
6189.227 627.389
6190.280 666.238
6191.333 588.832
6192.386 747.689
6193.439 649.033
6194.492 620.080
6195.545 590.868
6196.598 642.877
6197.651 621.533
6198.704 672.801
6199.757 617.220
6200.810 608.545
6201.863 764.335
6202.916 951.442
6203.969 815.071
6205.022 631.925
6206.075 581.650
6207.128 666.682
6208.181 607.581
6209.234 642.954
6210.287 648.565
6211.340 649.577
6212.393 733.891
6213.446 684.582
6214.499 621.513
6215.552 592.328
6216.605 631.082
6217.658 648.705
6218.711 616.185
6219.765 625.082
6220.818 816.926
6221.871 1003.855
6222.924 839.814
6223.977 675.928
6225.030 676.044
6226.083 560.546
6227.136 629.544
6228.189 552.906
6229.242 673.254
6230.295 624.803
6231.348 664.511
6232.401 659.590
6233.454 816.079
6234.507 1262.576
6235.560 1677.456
6236.613 1659.998
6237.666 1173.655
6238.719 791.335
6239.772 810.374
6240.825 851.889
6241.878 874.152
6242.931 958.885
6243.984 867.131
6245.037 722.230
6246.090 603.932
6247.143 636.512
6248.196 634.781
6249.249 623.990
6250.302 601.755
6251.355 600.529
6252.408 597.230
6253.461 610.947
6254.514 656.989
6255.567 628.086
6256.620 1123.236
6257.673 1738.559
6258.726 1767.107
6259.779 984.033
6260.832 590.513
6261.885 710.126
6262.938 735.433
6263.991 851.349
6265.044 1037.053
6266.097 967.994
6267.150 772.872
6268.203 660.311
6269.256 704.966
6270.309 710.521
6271.362 619.141
6272.415 648.688
6273.468 643.420
6274.521 639.630
6275.574 692.183
6276.627 703.891
6277.680 699.723
6278.733 691.563
6279.786 651.439
6280.839 625.273
6281.892 593.825
6282.945 577.125
6283.998 643.281
6285.051 583.648
6286.104 934.845
6287.157 1525.777
6288.210 1491.597
6289.263 984.833
6290.316 647.494
6291.369 633.192
6292.422 631.419
6293.475 656.700
6294.528 665.407
6295.581 640.248
6296.634 1257.668
6297.687 943.525
6298.740 13627.371
6299.793 43485.038
6300.846 52129.339
6301.899 25635.659
6302.953 633.874
6304.006 2540.596
6305.059 1877.529
6306.112 1829.180
6307.165 1817.781
6308.218 1350.460
6309.271 753.768
6310.324 631.256
6311.377 571.485
6312.430 602.860
6313.483 696.735
6314.536 965.547
6315.589 1508.330
6316.642 1470.406
6317.695 901.068
6318.748 617.557
6319.801 669.431
6320.854 904.319
6321.907 896.135
6322.960 753.775
6324.013 572.241
6325.066 699.832
6326.119 707.213
6327.172 625.737
6328.225 822.863
6329.278 1371.281
6330.331 1544.564
6331.384 1041.464
6332.437 565.035
6333.490 603.633
6334.543 623.919
6335.596 635.110
6336.649 605.338
6337.702 607.383
6338.755 623.941
6339.808 595.791
6340.861 638.360
6341.914 547.763
6342.967 618.614
6344.020 633.302
6345.073 531.683
6346.126 562.280
6347.179 666.442
6348.232 777.194
6349.285 869.402
6350.338 685.197
6351.391 642.588
6352.444 623.251
6353.497 613.101
6354.550 690.576
6355.603 998.963
6356.656 1169.169
6357.709 939.746
6358.762 610.938
6359.815 612.441
6360.868 892.946
6361.921 2041.599
6362.974 12407.225
6364.027 18336.983
6365.080 10856.805
6366.133 2283.740
6367.186 732.194
6368.239 1178.366
6369.292 814.888
6370.345 595.981
6371.398 586.845
6372.451 615.926
6373.504 564.830
6374.557 564.856
6375.610 585.841
6376.663 618.297
6377.716 645.493
6378.769 651.487
6379.822 708.592
6380.875 612.163
6381.928 530.429
6382.981 664.021
6384.034 628.278
6385.088 666.165
6386.141 875.842
6387.194 857.881
6388.247 693.560
6389.300 564.665
6390.353 595.380
6391.406 537.495
6392.459 567.794
6393.512 591.066
6394.565 585.904
6395.618 527.040
6396.671 581.706
6397.724 553.210
6398.777 521.391
6399.830 533.691
6400.883 577.444
6401.936 530.805
6402.989 572.261
6404.042 601.102
6405.095 599.492
6406.148 561.073
6407.201 529.479
6408.254 503.578
6409.307 519.823
6410.360 485.569
6411.413 568.944
6412.466 519.999
6413.519 603.495
6414.572 637.288
6415.625 587.560
6416.678 538.396
6417.731 536.572
6418.784 510.700
6419.837 618.713
6420.890 687.225
6421.943 588.341
6422.996 569.096
6424.049 576.861
6425.102 503.610
6426.155 527.045
6427.208 550.780
6428.261 502.102
6429.314 565.952
6430.367 546.179
6431.420 499.755
6432.473 495.705
6433.526 497.722
6434.579 501.599
6435.632 524.688
6436.685 487.234
6437.738 517.256
6438.791 548.271
6439.844 515.946
6440.897 533.504
6441.950 537.214
6443.003 548.182
6444.056 520.630
6445.109 557.621
6446.162 513.128
6447.215 516.911
6448.268 543.183
6449.321 550.812
6450.374 608.450
6451.427 551.792
6452.480 642.319
6453.533 706.739
6454.586 739.210
6455.639 771.684
6456.692 668.926
6457.745 613.752
6458.798 663.179
6459.851 631.274
6460.904 589.895
6461.957 565.452
6463.010 650.501
6464.063 774.165
6465.116 953.551
6466.169 1000.709
6467.222 834.573
6468.276 572.188
6469.329 663.192
6470.382 1040.520
6471.435 1071.038
6472.488 756.952
6473.541 592.679
6474.594 547.982
6475.647 565.629
6476.700 620.651
6477.753 716.225
6478.806 667.290
6479.859 530.461
6480.912 514.396
6481.965 545.271
6483.018 570.793
6484.071 528.762
6485.124 521.829
6486.177 554.481
6487.230 522.495
6488.283 511.975
6489.336 504.243
6490.389 506.566
6491.442 555.186
6492.495 562.532
6493.548 533.892
6494.601 527.524
6495.654 537.585
6496.707 682.660
6497.760 1240.415
6498.813 1720.147
6499.866 1328.124
6500.919 678.300
6501.972 576.690
6503.025 636.375
6504.078 758.553
6505.131 961.471
6506.184 804.684
6507.237 551.407
6508.290 534.619
6509.343 529.286
6510.396 508.845
6511.449 546.867
6512.502 584.876
6513.555 638.206
6514.608 666.715
6515.661 585.968
6516.714 552.884
6517.767 506.813
6518.820 574.027
6519.873 494.442
6520.926 585.777
6521.979 794.415
6523.032 835.931
6524.085 679.700
6525.138 556.313
6526.191 560.218
6527.244 584.593
6528.297 574.495
6529.350 564.221
6530.403 513.852
6531.456 784.383
6532.509 1390.480
6533.562 1544.201
6534.615 1030.027
6535.668 565.559
6536.721 609.154
6537.774 616.554
6538.827 562.157
6539.880 579.489
6540.933 636.695
6541.986 658.402
6543.039 740.020
6544.092 947.357
6545.145 854.841
6546.198 657.856
6547.251 514.959
6548.304 659.219
6549.357 630.702
6550.411 796.390
6551.464 1292.841
6552.517 1946.436
6553.570 2018.673
6554.623 1522.114
6555.676 848.290
6556.729 612.960
6557.782 622.105
6558.835 642.673
6559.888 613.197
6560.941 713.964
6561.994 676.473
6563.047 2702.589
6564.100 -33.756
6565.153 52121.742
6566.206 150109.358
6567.259 167209.609
6568.312 70480.453
6569.365 1643.268
6570.418 2269.886
6571.471 465.639
6572.524 772.900
6573.577 686.338
6574.630 674.535
6575.683 790.862
6576.736 1246.357
6577.789 1369.257
6578.842 967.251
6579.895 573.172
6580.948 587.947
6582.001 566.439
6583.054 599.640
6584.107 658.236
6585.160 767.715
6586.213 1566.549
6587.266 2766.571
6588.319 2594.775
6589.372 1047.191
6590.425 631.059
6591.478 558.098
6592.531 526.355
6593.584 540.625
6594.637 516.433
6595.690 694.271
6596.743 714.144
6597.796 611.981
6598.849 572.231
6599.902 579.173
6600.955 579.681
6602.008 566.865
6603.061 722.561
6604.114 933.133
6605.167 804.484
6606.220 600.372
6607.273 559.746
6608.326 501.770
6609.379 509.437
6610.432 492.816
6611.485 504.275
6612.538 489.831
6613.591 533.979
6614.644 501.131
6615.697 539.834
6616.750 482.845
6617.803 524.712
6618.856 523.344
6619.909 512.208
6620.962 566.400
6622.015 513.882
6623.068 510.539
6624.121 474.280
6625.174 538.575
6626.227 537.547
6627.280 592.010
6628.333 599.437
6629.386 541.748
6630.439 488.884
6631.492 538.984
6632.545 533.958
6633.599 611.243
6634.652 703.762
6635.705 564.528
6636.758 442.823
6637.811 489.642
6638.864 467.641
6639.917 494.812
6640.970 541.409
6642.023 456.218
6643.076 474.531
6644.129 464.244
6645.182 472.867
6646.235 454.049
6647.288 495.096
6648.341 429.133
6649.394 463.296
6650.447 467.971
6651.500 465.070
6652.553 551.611
6653.606 483.020
6654.659 445.856
6655.712 369.623
6656.765 487.736
6657.818 491.608
6658.871 438.995
6659.924 481.343
6660.977 528.628
6662.030 495.979
6663.083 487.498
6664.136 465.540
6665.189 489.790
6666.242 501.640
6667.295 548.677
6668.348 576.241
6669.401 465.628
6670.454 467.925
6671.507 507.132
6672.560 483.578
6673.613 498.009
6674.666 437.384
6675.719 497.994
6676.772 451.850
6677.825 436.696
6678.878 466.596
6679.931 485.891
6680.984 1327.803
6682.037 2300.171
6683.090 1928.853
6684.143 679.608
6685.196 466.578
6686.249 412.057
6687.302 428.914
6688.355 540.641
6689.408 477.144
6690.461 427.389
6691.514 427.578
6692.567 436.884
6693.620 451.637
6694.673 429.220
6695.726 428.923
6696.779 432.797
6697.832 433.714
6698.885 471.196
6699.938 513.671
6700.991 455.142
6702.044 413.427
6703.097 505.653
6704.150 476.403
6705.203 511.989
6706.256 427.512
6707.309 487.200
6708.362 464.993
6709.415 486.622
6710.468 491.722
6711.521 448.288
6712.574 492.975
6713.627 449.522
6714.680 442.678
6715.734 474.845
6716.787 520.819
6717.840 559.717
6718.893 1519.079
6719.946 5028.464
6720.999 6579.986
6722.052 3168.043
6723.105 634.843
6724.158 520.373
6725.211 463.509
6726.264 468.215
6727.317 483.411
6728.370 456.191
6729.423 439.532
6730.476 495.088
6731.529 537.875
6732.582 562.086
6733.635 1842.150
6734.688 4613.925
6735.741 4107.829
6736.794 1554.311
6737.847 477.268
6738.900 517.553
6739.953 471.005
6741.006 428.867
6742.059 437.265
6743.112 445.623
6744.165 431.406
6745.218 447.425
6746.271 434.687
6747.324 460.114
6748.377 437.365
6749.430 397.440
6750.483 452.825
6751.536 457.261
6752.589 475.050
6753.642 428.816
6754.695 371.625
6755.748 435.349
6756.801 415.568
6757.854 428.699
6758.907 432.640
6759.960 430.735
6761.013 429.979
6762.066 464.377
6763.119 426.228
6764.172 456.461
6765.225 378.047
6766.278 400.586
6767.331 430.585
6768.384 394.509
6769.437 382.217
6770.490 412.738
6771.543 422.617
6772.596 427.359
6773.649 425.926
6774.702 384.906
6775.755 460.082
6776.808 429.538
6777.861 386.983
6778.914 416.822
6779.967 394.207
6781.020 422.291
6782.073 437.798
6783.126 443.071
6784.179 387.009
6785.232 385.840
6786.285 425.824
6787.338 457.880
6788.391 422.390
6789.444 439.401
6790.497 423.978
6791.550 421.601
6792.603 468.856
6793.656 419.869
6794.709 399.930
6795.762 386.676
6796.815 397.344
6797.868 357.865
6798.922 452.025
6799.975 439.720
6801.028 391.297
6802.081 410.896
6803.134 450.809
6804.187 422.121
6805.240 362.858
6806.293 430.798
6807.346 413.186
6808.399 350.018
6809.452 375.372
6810.505 399.525
6811.558 409.446
6812.611 403.394
6813.664 355.580
6814.717 434.319
6815.770 399.666
6816.823 416.171
6817.876 475.678
6818.929 446.088
6819.982 452.813
6821.035 423.343
6822.088 355.092
6823.141 388.620
6824.194 401.239
6825.247 432.739
6826.300 641.679
6827.353 980.852
6828.406 1458.811
6829.459 1794.052
6830.512 1387.170
6831.565 642.188
6832.618 720.128
6833.671 1475.898
6834.724 1725.857
6835.777 1168.664
6836.830 435.549
6837.883 386.791
6838.936 422.964
6839.989 451.769
6841.042 674.398
6842.095 747.104
6843.148 617.250
6844.201 446.987
6845.254 415.529
6846.307 455.176
6847.360 448.924
6848.413 386.931
6849.466 424.283
6850.519 489.570
6851.572 419.853
6852.625 395.149
6853.678 429.301
6854.731 402.281
6855.784 432.052
6856.837 386.977
6857.890 383.156
6858.943 410.056
6859.996 333.008
6861.049 374.279
6862.102 748.845
6863.155 2497.132
6864.208 3058.309
6865.261 1963.967
6866.314 559.512
6867.367 272.742
6868.420 290.233
6869.473 306.764
6870.526 511.623
6871.579 589.647
6872.632 364.303
6873.685 242.445
6874.738 291.226
6875.791 273.720
6876.844 274.333
6877.897 310.608
6878.950 382.501
6880.003 503.921
6881.056 690.056
6882.110 657.340
6883.163 477.076
6884.216 407.272
6885.269 348.203
6886.322 345.690
6887.375 346.284
6888.428 683.954
6889.481 902.382
6890.534 718.611
6891.587 408.059
6892.640 315.745
6893.693 378.864
6894.746 410.520
6895.799 355.943
6896.852 334.277
6897.905 309.662
6898.958 385.537
6900.011 659.850
6901.064 775.325
6902.117 706.266
6903.170 396.239
6904.223 317.524
6905.276 315.842
6906.329 411.164
6907.382 404.861
6908.435 355.290
6909.488 341.293
6910.541 371.876
6911.594 851.971
6912.647 1176.896
6913.700 940.129
6914.753 511.600
6915.806 310.168
6916.859 347.271
6917.912 415.212
6918.965 360.632
6920.018 361.370
6921.071 479.977
6922.124 950.934
6923.177 1824.866
6924.230 1519.780
6925.283 540.801
6926.336 418.314
6927.389 423.081
6928.442 384.162
6929.495 324.311
6930.548 381.521
6931.601 407.711
6932.654 360.664
6933.707 340.667
6934.760 341.893
6935.813 365.786
6936.866 369.701
6937.919 480.721
6938.972 875.005
6940.025 1131.879
6941.078 778.521
6942.131 349.578
6943.184 346.792
6944.237 394.799
6945.290 402.333
6946.343 365.671
6947.396 574.933
6948.449 1769.964
6949.502 2052.350
6950.555 1193.052
6951.608 499.528
6952.661 427.309
6953.714 383.081
6954.767 369.751
6955.820 395.168
6956.873 409.203
6957.926 422.763
6958.979 415.943
6960.032 413.284
6961.085 417.313
6962.138 381.070
6963.191 361.129
6964.245 381.713
6965.298 391.673
6966.351 440.034
6967.404 375.825
6968.457 425.178
6969.510 735.315
6970.563 795.838
6971.616 573.059
6972.669 429.017
6973.722 394.086
6974.775 447.699
6975.828 407.120
6976.881 608.905
6977.934 1169.347
6978.987 1351.416
6980.040 816.994
6981.093 360.720
6982.146 383.904
6983.199 434.872
6984.252 399.689
6985.305 386.101
6986.358 398.554
6987.411 416.866
6988.464 420.812
6989.517 370.215
6990.570 449.399
6991.623 405.687
6992.676 419.576
6993.729 360.807
6994.782 367.020
6995.835 349.916
6996.888 452.347
6997.941 461.572
6998.994 379.998
7000.047 410.302
7001.100 551.612
7002.153 748.840
7003.206 816.929
7004.259 659.666
7005.312 460.615
7006.365 335.425
7007.418 384.747
7008.471 389.440
7009.524 391.117
7010.577 740.503
7011.630 816.011
7012.683 659.324
7013.736 443.625
7014.789 374.045
7015.842 392.596
7016.895 374.189
7017.948 364.721
7019.001 345.366
7020.054 362.959
7021.107 382.717
7022.160 350.123
7023.213 316.968
7024.266 277.894
7025.319 343.299
7026.372 412.006
7027.425 400.917
7028.478 421.492
7029.531 384.910
7030.584 353.694
7031.637 355.650
7032.690 378.207
7033.743 399.960
7034.796 355.770
7035.849 371.281
7036.902 368.668
7037.955 344.722
7039.008 351.297
7040.061 398.918
7041.114 469.748
7042.167 435.543
7043.220 373.692
7044.273 402.494
7045.326 386.490
7046.379 449.909
7047.433 581.513
7048.486 732.967
7049.539 593.295
7050.592 494.867
7051.645 469.405
7052.698 403.329
7053.751 418.737
7054.804 447.778
7055.857 402.887
7056.910 380.064
7057.963 402.929
7059.016 392.093
7060.069 364.750
7061.122 392.600
7062.175 431.579
7063.228 435.335
7064.281 428.171
7065.334 416.492
7066.387 471.482
7067.440 516.276
7068.493 1148.205
7069.546 1582.354
7070.599 1201.730
7071.652 583.656
7072.705 366.859
7073.758 434.138
7074.811 451.309
7075.864 382.796
7076.917 392.225
7077.970 436.714
7079.023 433.739
7080.076 392.204
7081.129 401.014
7082.182 516.778
7083.235 438.353
7084.288 429.772
7085.341 379.303
7086.394 391.674
7087.447 461.846
7088.500 518.899
7089.553 478.650
7090.606 480.784
7091.659 387.910
7092.712 408.103
7093.765 441.612
7094.818 350.984
7095.871 333.879
7096.924 358.778
7097.977 396.592
7099.030 412.791
7100.083 342.383
7101.136 402.797
7102.189 314.317
7103.242 346.180
7104.295 369.093
7105.348 348.666
7106.401 379.676
7107.454 359.048
7108.507 390.187
7109.560 359.369
7110.613 356.923
7111.666 378.372
7112.719 366.212
7113.772 347.632
7114.825 341.071
7115.878 354.039
7116.931 364.643
7117.984 349.926
7119.037 343.622
7120.090 349.637
7121.143 411.183
7122.196 343.321
7123.249 365.702
7124.302 380.294
7125.355 388.997
7126.408 374.396
7127.461 395.954
7128.514 426.432
7129.568 376.633
7130.621 378.937
7131.674 416.455
7132.727 421.285
7133.780 411.978
7134.833 393.130
7135.886 432.905
7136.939 330.284
7137.992 603.395
7139.045 2520.844
7140.098 3968.597
7141.151 2971.547
7142.204 898.942
7143.257 447.819
7144.310 513.789
7145.363 467.889
7146.416 453.645
7147.469 444.761
7148.522 422.908
7149.575 420.609
7150.628 404.837
7151.681 368.038
7152.734 354.162
7153.787 354.737
7154.840 367.470
7155.893 341.841
7156.946 386.885
7157.999 397.309
7159.052 471.301
7160.105 377.203
7161.158 442.622
7162.211 417.980
7163.264 412.605
7164.317 432.117
7165.370 389.245
7166.423 388.460
7167.476 356.379
7168.529 338.150
7169.582 403.115
7170.635 386.991
7171.688 370.017
7172.741 383.859
7173.794 394.476
7174.847 437.268
7175.900 436.383
7176.953 403.971
7178.006 355.217
7179.059 346.382
7180.112 416.955
7181.165 428.913
7182.218 452.752
7183.271 416.246
7184.324 335.323
7185.377 308.179
7186.430 318.110
7187.483 315.643
7188.536 289.767
7189.589 390.710
7190.642 409.038
7191.695 338.958
7192.748 330.203
7193.801 332.014
7194.854 350.942
7195.907 381.108
7196.960 346.899
7198.013 344.517
7199.066 339.538
7200.119 355.504
7201.172 335.810
7202.225 288.390
7203.278 325.672
7204.331 374.079
7205.384 379.017
7206.437 387.951
7207.490 413.377
7208.543 357.695
7209.596 382.528
7210.649 302.738
7211.702 367.361
7212.756 362.386
7213.809 344.019
7214.862 322.096
7215.915 348.447
7216.968 355.986
7218.021 349.693
7219.074 333.832
7220.127 303.764
7221.180 361.558
7222.233 423.273
7223.286 397.951
7224.339 419.812
7225.392 422.985
7226.445 341.290
7227.498 378.650
7228.551 371.258
7229.604 408.133
7230.657 430.344
7231.710 349.601
7232.763 368.656
7233.816 432.411
7234.869 387.127
7235.922 344.856
7236.975 505.252
7238.028 1109.765
7239.081 2144.025
7240.134 2939.502
7241.187 2683.203
7242.240 1516.218
7243.293 1220.375
7244.346 2469.967
7245.399 3118.215
7246.452 2052.498
7247.505 968.418
7248.558 534.433
7249.611 424.761
7250.664 366.936
7251.717 544.212
7252.770 862.706
7253.823 934.843
7254.876 796.859
7255.929 581.043
7256.982 423.668
7258.035 345.715
7259.088 376.224
7260.141 390.381
7261.194 369.736
7262.247 399.733
7263.300 416.098
7264.353 380.373
7265.406 391.925
7266.459 422.144
7267.512 486.620
7268.565 539.648
7269.618 482.786
7270.671 427.642
7271.724 392.041
7272.777 321.491
7273.830 540.156
7274.883 1886.427
7275.936 4555.486
7276.989 4691.904
7278.042 2217.164
7279.095 696.260
7280.148 490.238
7281.201 500.383
7282.254 562.835
7283.307 1160.469
7284.360 2045.766
7285.413 2071.298
7286.466 1183.870
7287.519 526.455
7288.572 362.466
7289.625 366.786
7290.678 403.875
7291.731 418.364
7292.784 391.556
7293.837 395.435
7294.891 693.882
7295.944 830.702
7296.997 732.069
7298.050 494.641
7299.103 320.577
7300.156 316.383
7301.209 354.027
7302.262 664.435
7303.315 1211.006
7304.368 1235.508
7305.421 786.612
7306.474 461.094
7307.527 374.240
7308.580 336.041
7309.633 384.556
7310.686 474.166
7311.739 459.470
7312.792 436.682
7313.845 293.206
7314.898 1678.144
7315.951 3543.080
7317.004 3415.564
7318.057 1791.133
7319.110 576.205
7320.163 381.699
7321.216 344.571
7322.269 407.282
7323.322 654.509
7324.375 873.112
7325.428 756.634
7326.481 504.750
7327.534 744.021
7328.587 1497.332
7329.640 1813.536
7330.693 1197.667
7331.746 571.340
7332.799 506.249
7333.852 655.598
7334.905 747.307
7335.958 660.490
7337.011 476.281
7338.064 328.415
7339.117 870.517
7340.170 3309.643
7341.223 4445.640
7342.276 2782.612
7343.329 1072.848
7344.382 442.926
7345.435 439.627
7346.488 465.323
7347.541 414.518
7348.594 398.689
7349.647 383.182
7350.700 416.950
7351.753 448.498
7352.806 371.142
7353.859 393.195
7354.912 388.931
7355.965 363.718
7357.018 650.663
7358.071 1232.633
7359.124 1555.876
7360.177 1045.860
7361.230 506.714
7362.283 404.640
7363.336 415.365
7364.389 431.242
7365.442 431.009
7366.495 322.207
7367.548 829.588
7368.601 2485.649
7369.654 3238.931
7370.707 2269.359
7371.760 981.482
7372.813 467.791
7373.866 446.482
7374.919 443.414
7375.972 355.136
7377.025 337.373
7378.079 355.610
7379.132 357.518
7380.185 333.322
7381.238 300.219
7382.291 352.427
7383.344 389.745
7384.397 349.666
7385.450 342.572
7386.503 333.508
7387.556 369.763
7388.609 429.222
7389.662 320.340
7390.715 644.650
7391.768 1038.567
7392.821 1090.000
7393.874 789.917
7394.927 447.270
7395.980 368.718
7397.033 364.065
7398.086 317.772
7399.139 349.814
7400.192 696.962
7401.245 1715.003
7402.298 2031.470
7403.351 1325.113
7404.404 622.543
7405.457 360.905
7406.510 328.779
7407.563 343.694
7408.616 360.592
7409.669 314.844
7410.722 287.124
7411.775 368.092
7412.828 405.564
7413.881 365.433
7414.934 333.189
7415.987 304.135
7417.040 381.271
7418.093 350.189
7419.146 341.913
7420.199 326.004
7421.252 337.670
7422.305 363.733
7423.358 341.727
7424.411 367.732
7425.464 338.737
7426.517 238.500
7427.570 342.008
7428.623 527.210
7429.676 693.108
7430.729 773.604
7431.782 416.951
7432.835 321.829
7433.888 332.849
7434.941 283.487
7435.994 306.140
7437.047 634.500
7438.100 1085.237
7439.153 1162.897
7440.206 776.090
7441.259 455.960
7442.312 411.351
7443.365 335.509
7444.418 308.364
7445.471 304.362
7446.524 368.259
7447.577 341.984
7448.630 321.407
7449.683 304.655
7450.736 325.503
7451.789 363.945
7452.842 341.531
7453.895 327.697
7454.948 309.538
7456.001 307.264
7457.054 306.490
7458.107 322.189
7459.160 377.104
7460.214 335.977
7461.267 375.506
7462.320 426.452
7463.373 414.812
7464.426 439.825
7465.479 473.330
7466.532 643.129
7467.585 645.026
7468.638 545.917
7469.691 460.883
7470.744 558.158
7471.797 669.542
7472.850 788.370
7473.903 970.043
7474.956 990.029
7476.009 732.750
7477.062 473.243
7478.115 462.710
7479.168 461.986
7480.221 461.990
7481.274 461.991
7482.327 461.992
7483.380 461.994
7484.433 461.997
7485.486 461.998
