3561.035 3354.189
3562.213 4053.261
3563.392 3607.343
3564.571 3941.319
3565.750 3384.768
3566.929 3947.987
3568.108 3555.297
3569.286 3874.111
3570.465 3967.364
3571.644 3474.963
3572.823 4180.317
3574.002 3602.835
3575.180 4115.156
3576.359 3268.055
3577.538 3668.357
3578.717 3506.473
3579.896 4148.777
3581.075 4088.177
3582.253 3629.646
3583.432 3974.844
3584.611 3873.522
3585.790 3535.756
3586.969 3346.387
3588.147 3922.338
3589.326 3643.290
3590.505 4399.467
3591.684 3571.828
3592.863 3226.992
3594.042 3300.264
3595.220 3844.616
3596.399 3992.522
3597.578 3337.041
3598.757 3478.248
3599.936 3953.328
3601.114 3903.856
3602.293 3619.864
3603.472 3722.751
3604.651 3639.041
3605.830 3778.027
3607.009 4189.240
3608.187 3745.742
3609.366 3397.322
3610.545 3792.231
3611.724 3884.039
3612.903 4082.888
3614.081 3697.175
3615.260 4080.626
3616.439 4356.350
3617.618 4204.713
3618.797 4323.195
3619.976 3888.655
3621.154 4111.334
3622.333 4082.168
3623.512 3758.760
3624.691 3777.740
3625.870 4052.437
3627.048 4067.016
3628.227 4029.285
3629.406 4148.466
3630.585 4248.132
3631.764 3696.108
3632.943 4416.684
3634.121 4061.588
3635.300 4591.691
3636.479 5265.140
3637.658 4651.252
3638.837 4154.774
3640.015 3880.982
3641.194 3997.509
3642.373 3493.553
3643.552 3991.400
3644.731 4056.733
3645.910 3783.041
3647.088 4355.203
3648.267 4275.656
3649.446 3622.903
3650.625 3479.264
3651.804 3578.141
3652.982 3593.682
3654.161 3568.922
3655.340 3474.222
3656.519 3472.682
3657.698 3172.890
3658.877 3147.102
3660.055 3492.526
3661.234 3325.139
3662.413 3194.432
3663.592 3310.291
3664.771 3854.348
3665.949 3571.174
3667.128 3194.236
3668.307 3523.017
3669.486 3088.547
3670.665 3324.276
3671.844 3286.586
3673.022 3099.059
3674.201 3136.992
3675.380 3319.252
3676.559 3213.172
3677.738 3112.260
3678.916 3112.835
3680.095 3079.153
3681.274 3265.593
3682.453 3183.449
3683.632 3083.603
3684.811 3792.459
3685.989 3588.501
3687.168 2969.396
3688.347 2969.146
3689.526 4048.079
3690.705 2928.915
3691.883 2444.240
3693.062 3436.176
3694.241 3860.323
3695.420 2878.281
3696.599 2247.557
3697.777 2940.195
3698.956 4458.632
3700.135 4510.872
3701.314 3201.847
3702.493 2342.017
3703.672 2316.445
3704.850 3447.587
3706.029 5423.485
3707.208 5177.493
3708.387 3541.840
3709.566 2116.019
3710.744 2246.581
3711.923 2640.614
3713.102 4414.427
3714.281 5642.144
3715.460 4650.359
3716.639 2814.116
3717.817 2102.876
3718.996 2279.220
3720.175 2346.436
3721.354 1972.312
3722.533 3691.623
3723.711 7260.693
3724.890 7764.361
3726.069 9842.177
3727.248 44145.702
3728.427 86936.656
3729.606 96037.717
3730.784 116928.276
3731.963 102673.826
3733.142 38228.122
3734.321 971.334
3735.500 5138.265
3736.678 5886.754
3737.857 5514.680
3739.036 2992.417
3740.215 2621.037
3741.394 2300.833
3742.573 2366.444
3743.751 2296.103
3744.930 2387.042
3746.109 2432.623
3747.288 2427.676
3748.467 2319.364
3749.645 2313.461
3750.824 3507.687
3752.003 6923.534
3753.182 6843.882
3754.361 3908.330
3755.540 2046.345
3756.718 2364.137
3757.897 2166.378
3759.076 2139.013
3760.255 2515.095
3761.434 2324.443
3762.612 2275.679
3763.791 2198.571
3764.970 2123.735
3766.149 2207.302
3767.328 2209.061
3768.507 1753.585
3769.685 1979.641
3770.864 3148.744
3772.043 6635.367
3773.222 8479.185
3774.401 5730.364
3775.579 2423.501
3776.758 2087.860
3777.937 2084.104
3779.116 1963.914
3780.295 2055.652
3781.474 2423.036
3782.652 2086.239
3783.831 2124.352
3785.010 2470.790
3786.189 2254.972
3787.368 2046.674
3788.546 2236.910
3789.725 2249.519
3790.904 2118.019
3792.083 2117.973
3793.262 2153.743
3794.441 2049.561
3795.619 2053.849
3796.798 1923.021
3797.977 2487.820
3799.156 6644.848
3800.335 10196.511
3801.513 7503.799
3802.692 2579.166
3803.871 1636.411
3805.050 1808.143
3806.229 1775.549
3807.408 1847.882
3808.586 2049.695
3809.765 2043.866
3810.944 1987.698
3812.123 2134.130
3813.302 2457.852
3814.480 2157.448
3815.659 2205.721
3816.838 2223.660
3818.017 2112.435
3819.196 2145.345
3820.375 2718.549
3821.553 3362.398
3822.732 3417.552
3823.911 2459.314
3825.090 1945.826
3826.269 2150.726
3827.447 2089.107
3828.626 2252.760
3829.805 1999.546
3830.984 2221.056
3832.163 2086.476
3833.342 1899.611
3834.520 2052.093
3835.699 3580.025
3836.878 9576.089
3838.057 13003.154
3839.236 7766.947
3840.414 2320.348
3841.593 1660.631
3842.772 1968.084
3843.951 2024.084
3845.130 1979.881
3846.309 2057.171
3847.487 1955.509
3848.666 1802.806
3849.845 2039.840
3851.024 2073.860
3852.203 1979.300
3853.381 2122.961
3854.560 2070.518
3855.739 1943.127
3856.918 1908.978
3858.097 2034.828
3859.275 1903.964
3860.454 1917.437
3861.633 2067.150
3862.812 2009.154
3863.991 2071.000
3865.170 1912.678
3866.348 2205.395
3867.527 2104.549
3868.706 5203.440
3869.885 30862.393
3871.064 58307.958
3872.242 42741.780
3873.421 11351.687
3874.600 1232.936
3875.779 2263.147
3876.958 1739.429
3878.137 1923.270
3879.315 1813.778
3880.494 1775.898
3881.673 1711.057
3882.852 1683.031
3884.031 1612.709
3885.209 1782.879
3886.388 1490.595
3887.567 1664.709
3888.746 2915.250
3889.925 14701.201
3891.104 28516.416
3892.282 23342.688
3893.461 6982.305
3894.640 1231.897
3895.819 1681.207
3896.998 1606.084
3898.176 1556.957
3899.355 1685.085
3900.534 1699.190
3901.713 1836.591
3902.892 1763.451
3904.071 1717.851
3905.249 1915.577
3906.428 1775.098
3907.607 1763.208
3908.786 1868.109
3909.965 1862.639
3911.143 1831.862
3912.322 1744.477
3913.501 1893.782
3914.680 1917.736
3915.859 1803.741
3917.038 1726.853
3918.216 1785.239
3919.395 1858.659
3920.574 1582.130
3921.753 1607.022
3922.932 1689.762
3924.110 1702.571
3925.289 1663.975
3926.468 1653.130
3927.647 1705.381
3928.826 1638.500
3930.005 1707.776
3931.183 1644.422
3932.362 1536.604
3933.541 1472.098
3934.720 1541.606
3935.899 1376.197
3937.077 1375.830
3938.256 1700.379
3939.435 1706.433
3940.614 1643.143
3941.793 1680.856
3942.972 1806.449
3944.150 1574.163
3945.329 1794.796
3946.508 1808.141
3947.687 1897.562
3948.866 1868.899
3950.044 1794.505
3951.223 1721.846
3952.402 1659.818
3953.581 1602.368
3954.760 1685.136
3955.939 1628.046
3957.117 1505.861
3958.296 1633.652
3959.475 1471.560
3960.654 1489.207
3961.833 1317.036
3963.011 1598.381
3964.190 1478.644
3965.369 1571.767
3966.548 2339.468
3967.727 4178.479
3968.906 10532.067
3970.084 16329.520
3971.263 19531.164
3972.442 21855.451
3973.621 15653.102
3974.800 4804.317
3975.978 975.590
3977.157 1334.263
3978.336 1402.990
3979.515 1356.982
3980.694 1507.957
3981.873 1547.443
3983.051 1527.860
3984.230 1513.794
3985.409 1545.209
3986.588 1391.869
3987.767 1492.758
3988.945 1524.479
3990.124 1527.584
3991.303 1452.349
3992.482 1556.534
3993.661 1501.623
3994.840 1399.596
3996.018 1412.237
3997.197 1504.670
3998.376 1477.160
3999.555 1540.988
4000.734 1608.915
4001.912 1531.240
4003.091 1455.448
4004.270 1479.036
4005.449 1543.625
4006.628 1491.953
4007.807 1429.579
4008.985 1436.054
4010.164 1672.412
4011.343 1769.668
4012.522 1712.863
4013.701 1585.246
4014.879 1550.301
4016.058 1456.642
4017.237 1333.828
4018.416 1429.075
4019.595 1535.718
4020.773 1509.800
4021.952 1461.818
4023.131 1434.712
4024.310 1431.585
4025.489 1506.061
4026.668 1801.135
4027.846 3101.865
4029.025 3604.107
4030.204 2587.910
4031.383 1495.343
4032.562 1303.992
4033.740 1399.944
4034.919 1417.502
4036.098 1391.153
4037.277 1455.285
4038.456 1457.990
4039.635 1500.412
4040.813 1417.784
4041.992 1580.512
4043.171 1526.785
4044.350 1390.387
4045.529 1441.563
4046.707 1440.421
4047.886 1382.026
4049.065 1401.727
4050.244 1465.376
4051.423 1433.929
4052.602 1440.574
4053.780 1377.787
4054.959 1303.128
4056.138 1416.247
4057.317 1315.811
4058.496 1368.809
4059.674 1381.470
4060.853 1433.020
4062.032 1413.385
4063.211 1297.987
4064.390 1370.351
4065.569 1499.617
4066.747 1360.686
4067.926 1356.329
4069.105 1495.584
4070.284 1964.502
4071.463 2233.070
4072.641 1876.004
4073.820 1406.811
4074.999 1361.731
4076.178 1457.269
4077.357 1473.951
4078.536 1481.445
4079.714 1522.251
4080.893 1501.471
4082.072 1383.142
4083.251 1306.019
4084.430 1368.338
4085.608 1298.560
4086.787 1237.776
4087.966 1335.053
4089.145 1265.668
4090.324 1285.759
4091.503 1320.758
4092.681 1204.847
4093.860 1234.186
4095.039 1172.469
4096.218 1146.824
4097.397 1091.399
4098.575 1141.931
4099.754 1170.493
4100.933 1215.731
4102.112 4669.771
4103.291 18269.566
4104.470 27928.620
4105.648 16847.982
4106.827 3072.799
4108.006 1019.951
4109.185 1199.899
4110.364 1144.879
4111.542 1142.926
4112.721 1091.950
4113.900 1186.046
4115.079 1139.238
4116.258 1136.762
4117.437 1137.171
4118.615 1110.210
4119.794 1107.696
4120.973 1126.816
4122.152 1266.943
4123.331 1360.460
4124.509 1358.692
4125.688 1210.400
4126.867 1145.521
4128.046 1255.175
4129.225 1210.761
4130.404 1223.374
4131.582 1239.434
4132.761 1281.118
4133.940 1227.933
4135.119 1110.096
4136.298 1234.435
4137.476 1155.700
4138.655 1137.843
4139.834 1175.572
4141.013 1162.104
4142.192 1107.578
4143.371 1086.073
4144.549 1171.612
4145.728 1291.042
4146.907 1367.323
4148.086 1164.413
4149.265 1098.053
4150.443 1128.180
4151.622 1099.337
4152.801 1103.141
4153.980 1168.316
4155.159 1150.909
4156.338 1205.417
4157.516 1244.565
4158.695 1196.475
4159.874 1117.242
4161.053 1123.154
4162.232 1051.054
4163.410 1167.477
4164.589 1135.567
4165.768 1180.427
4166.947 1138.034
4168.126 1152.774
4169.305 1109.705
4170.483 1166.849
4171.662 1231.966
4172.841 1096.709
4174.020 1189.823
4175.199 1085.787
4176.377 1132.154
4177.556 1160.220
4178.735 1198.339
4179.914 1126.102
4181.093 1102.623
4182.271 1080.819
4183.450 1021.746
4184.629 1085.673
4185.808 1078.253
4186.987 1078.640
4188.166 1131.147
4189.344 1057.331
4190.523 1099.124
4191.702 1062.363
4192.881 1084.825
4194.060 1084.666
4195.238 1080.814
4196.417 1075.124
4197.596 970.818
4198.775 986.636
4199.954 1014.118
4201.133 1026.862
4202.311 937.231
4203.490 903.867
4204.669 966.697
4205.848 1043.183
4207.027 1067.490
4208.205 1030.109
4209.384 989.533
4210.563 1017.912
4211.742 1063.526
4212.921 987.233
4214.100 1052.568
4215.278 1026.677
4216.457 973.770
4217.636 1034.883
4218.815 962.549
4219.994 942.196
4221.172 1078.236
4222.351 1037.362
4223.530 992.033
4224.709 960.061
4225.888 923.877
4227.067 941.201
4228.245 885.732
4229.424 994.547
4230.603 956.813
4231.782 955.440
4232.961 969.730
4234.139 947.970
4235.318 924.615
4236.497 955.396
4237.676 1008.492
4238.855 980.455
4240.034 903.015
4241.212 943.125
4242.391 919.662
4243.570 944.545
4244.749 977.646
4245.928 956.870
4247.106 982.930
4248.285 997.943
4249.464 933.827
4250.643 963.213
4251.822 958.294
4253.001 949.610
4254.179 911.558
4255.358 902.018
4256.537 935.680
4257.716 1008.829
4258.895 942.106
4260.073 842.446
4261.252 937.083
4262.431 946.826
4263.610 961.272
4264.789 918.986
4265.968 882.695
4267.146 937.052
4268.325 950.951
4269.504 1006.282
4270.683 960.614
4271.862 847.801
4273.040 931.731
4274.219 893.420
4275.398 935.692
4276.577 917.950
4277.756 961.124
4278.935 958.136
4280.113 859.136
4281.292 945.530
4282.471 930.981
4283.650 902.698
4284.829 933.497
4286.007 956.311
4287.186 914.360
4288.365 930.770
4289.544 893.276
4290.723 884.961
4291.902 925.914
4293.080 912.077
4294.259 949.661
4295.438 888.765
4296.617 840.933
4297.796 887.429
4298.974 864.965
4300.153 825.954
4301.332 835.631
4302.511 838.768
4303.690 812.445
4304.869 815.705
4306.047 794.054
4307.226 802.005
4308.405 862.466
4309.584 870.051
4310.763 841.907
4311.941 893.711
4313.120 869.948
4314.299 830.348
4315.478 844.750
4316.657 913.271
4317.836 901.964
4319.014 896.966
4320.193 872.776
4321.372 836.005
4322.551 826.471
4323.730 841.233
4324.908 755.903
4326.087 791.035
4327.266 833.885
4328.445 801.140
4329.624 844.489
4330.803 790.921
4331.981 851.214
4333.160 857.658
4334.339 860.798
4335.518 819.906
4336.697 808.551
4337.875 738.512
4339.054 819.787
4340.233 1676.298
4341.412 9764.951
4342.591 31717.332
4343.769 34235.244
4344.948 14687.649
4346.127 1584.483
4347.306 742.024
4348.485 815.483
4349.664 793.323
4350.842 761.069
4352.021 803.912
4353.200 776.665
4354.379 757.094
4355.558 782.010
4356.736 838.989
4357.915 835.788
4359.094 827.544
4360.273 787.167
4361.452 812.722
4362.631 866.852
4363.809 1532.400
4364.988 4300.651
4366.167 5399.551
4367.346 3738.305
4368.525 1074.684
4369.703 938.917
4370.882 825.623
4372.061 820.511
4373.240 785.873
4374.419 770.786
4375.598 783.049
4376.776 799.728
4377.955 817.492
4379.134 810.751
4380.313 807.044
4381.492 780.960
4382.670 748.244
4383.849 724.848
4385.028 734.503
4386.207 772.101
4387.386 775.595
4388.565 806.835
4389.743 982.561
4390.922 1086.003
4392.101 951.639
4393.280 771.133
4394.459 798.476
4395.637 753.432
4396.816 732.661
4397.995 756.251
4399.174 755.279
4400.353 739.934
4401.532 761.600
4402.710 721.105
4403.889 770.428
4405.068 841.761
4406.247 825.340
4407.426 802.195
4408.604 796.857
4409.783 837.063
4410.962 793.208
4412.141 786.099
4413.320 811.019
4414.499 856.983
4415.677 838.751
4416.856 779.279
4418.035 794.444
4419.214 783.412
4420.393 824.966
4421.571 841.068
4422.750 762.023
4423.929 774.815
4425.108 782.691
4426.287 794.423
4427.466 766.149
4428.644 760.251
4429.823 785.833
4431.002 782.162
4432.181 778.283
4433.360 732.794
4434.538 751.655
4435.717 805.427
4436.896 775.360
4438.075 760.227
4439.254 811.953
4440.433 853.540
4441.611 836.690
4442.790 751.824
4443.969 665.999
4445.148 711.878
4446.327 739.408
4447.505 759.449
4448.684 703.432
4449.863 699.394
4451.042 765.979
4452.221 722.637
4453.400 706.130
4454.578 742.651
4455.757 697.422
4456.936 642.262
4458.115 720.902
4459.294 714.990
4460.472 650.133
4461.651 687.338
4462.830 669.570
4464.009 680.499
4465.188 722.964
4466.367 713.689
4467.545 698.390
4468.724 654.094
4469.903 648.598
4471.082 652.963
4472.261 1219.166
4473.439 2715.115
4474.618 3441.128
4475.797 2128.020
4476.976 811.705
4478.155 680.951
4479.334 664.488
4480.512 658.956
4481.691 716.775
4482.870 707.239
4484.049 724.750
4485.228 699.129
4486.406 705.677
4487.585 714.301
4488.764 677.649
4489.943 708.334
4491.122 722.635
4492.301 723.763
4493.479 695.472
4494.658 677.447
4495.837 685.001
4497.016 692.576
4498.195 724.026
4499.373 734.288
4500.552 725.191
4501.731 706.308
4502.910 711.428
4504.089 703.994
4505.267 685.476
4506.446 695.713
4507.625 670.846
4508.804 655.331
4509.983 678.559
4511.162 712.752
4512.340 709.753
4513.519 702.676
4514.698 704.788
4515.877 718.019
4517.056 715.531
4518.234 665.587
4519.413 701.923
4520.592 691.412
4521.771 659.852
4522.950 727.113
4524.129 711.698
4525.307 684.128
4526.486 679.164
4527.665 669.826
4528.844 682.529
4530.023 699.624
4531.201 717.183
4532.380 718.692
4533.559 735.356
4534.738 687.351
4535.917 719.968
4537.096 724.393
4538.274 719.860
4539.453 717.535
4540.632 708.475
4541.811 704.998
4542.990 728.559
4544.168 727.511
4545.347 709.725
4546.526 671.486
4547.705 711.327
4548.884 682.475
4550.063 671.458
4551.241 670.093
4552.420 667.158
4553.599 675.171
4554.778 679.547
4555.957 678.676
4557.135 684.598
4558.314 637.894
4559.493 690.264
4560.672 691.657
4561.851 673.860
4563.030 719.848
4564.208 706.362
4565.387 771.255
4566.566 740.042
4567.745 757.733
4568.924 695.568
4570.102 642.310
4571.281 634.737
4572.460 696.651
4573.639 696.846
4574.818 746.002
4575.997 742.301
4577.175 672.806
4578.354 761.581
4579.533 673.876
4580.712 656.629
4581.891 756.695
4583.069 681.758
4584.248 646.958
4585.427 721.648
4586.606 631.376
4587.785 693.604
4588.964 707.821
4590.142 667.342
4591.321 682.546
4592.500 648.646
4593.679 679.348
4594.858 658.557
4596.036 690.195
4597.215 679.386
4598.394 665.479
4599.573 620.402
4600.752 675.292
4601.931 674.087
4603.109 661.286
4604.288 643.514
4605.467 697.506
4606.646 637.021
4607.825 668.326
4609.003 719.076
4610.182 696.888
4611.361 663.298
4612.540 679.175
4613.719 669.031
4614.898 665.392
4616.076 651.479
4617.255 641.948
4618.434 661.280
4619.613 678.088
4620.792 652.334
4621.970 671.344
4623.149 651.071
4624.328 693.659
4625.507 657.226
4626.686 663.983
4627.865 684.143
4629.043 678.335
4630.222 655.540
4631.401 651.371
4632.580 655.247
4633.759 653.014
4634.937 648.953
4636.116 650.372
4637.295 666.946
4638.474 678.852
4639.653 695.404
4640.832 680.560
4642.010 674.890
4643.189 687.006
4644.368 665.327
4645.547 660.215
4646.726 677.827
4647.904 647.028
4649.083 633.437
4650.262 697.013
4651.441 697.524
4652.620 651.366
4653.799 692.436
4654.977 732.546
4656.156 689.540
4657.335 687.693
4658.514 727.686
4659.693 794.008
4660.871 828.936
4662.050 811.887
4663.229 778.622
4664.408 689.626
4665.587 647.146
4666.765 693.885
4667.944 653.397
4669.123 680.811
4670.302 657.649
4671.481 667.385
4672.660 698.769
4673.838 645.430
4675.017 678.598
4676.196 688.981
4677.375 622.852
4678.554 710.460
4679.732 651.623
4680.911 660.210
4682.090 666.384
4683.269 682.587
4684.448 672.418
4685.627 654.640
4686.805 689.190
4687.984 719.122
4689.163 661.235
4690.342 689.437
4691.521 669.786
4692.699 652.633
4693.878 658.326
4695.057 642.631
4696.236 681.439
4697.415 648.686
4698.594 625.086
4699.772 620.409
4700.951 666.036
4702.130 654.895
4703.309 676.150
4704.488 702.125
4705.666 691.244
4706.845 680.829
4708.024 633.592
4709.203 605.921
4710.382 661.059
4711.561 662.152
4712.739 758.314
4713.918 968.957
4715.097 1158.951
4716.276 1122.224
4717.455 842.447
4718.633 696.635
4719.812 667.790
4720.991 637.363
4722.170 663.413
4723.349 652.442
4724.528 659.960
4725.706 701.278
4726.885 674.277
4728.064 667.945
4729.243 618.792
4730.422 602.557
4731.600 657.383
4732.779 639.200
4733.958 634.000
4735.137 637.601
4736.316 680.277
4737.495 673.669
4738.673 688.459
4739.852 632.220
4741.031 655.942
4742.210 810.136
4743.389 845.291
4744.567 786.936
4745.746 662.553
4746.925 632.134
4748.104 705.538
4749.283 635.760
4750.462 627.300
4751.640 651.737
4752.819 659.690
4753.998 637.955
4755.177 680.145
4756.356 705.074
4757.534 675.306
4758.713 698.936
4759.892 674.315
4761.071 614.716
4762.250 655.310
4763.429 663.095
4764.607 633.511
4765.786 573.729
4766.965 608.948
4768.144 653.928
4769.323 654.057
4770.501 636.265
4771.680 664.651
4772.859 681.749
4774.038 688.222
4775.217 672.507
4776.396 666.220
4777.574 666.758
4778.753 641.684
4779.932 643.902
4781.111 679.610
4782.290 681.489
4783.468 613.495
4784.647 617.666
4785.826 674.216
4787.005 650.560
4788.184 660.291
4789.363 659.116
4790.541 649.665
4791.720 634.848
4792.899 641.412
4794.078 660.960
4795.257 678.556
4796.435 677.884
4797.614 656.238
4798.793 656.144
4799.972 627.728
4801.151 665.167
4802.330 640.384
4803.508 658.739
4804.687 676.070
4805.866 619.217
4807.045 642.846
4808.224 604.925
4809.402 618.324
4810.581 676.652
4811.760 647.429
4812.939 640.721
4814.118 618.755
4815.296 638.621
4816.475 634.227
4817.654 669.296
4818.833 664.824
4820.012 663.358
4821.191 675.640
4822.369 709.733
4823.548 672.243
4824.727 657.098
4825.906 702.785
4827.085 706.458
4828.263 680.166
4829.442 640.000
4830.621 626.082
4831.800 642.188
4832.979 648.361
4834.158 663.387
4835.336 662.174
4836.515 687.296
4837.694 679.967
4838.873 676.164
4840.052 687.203
4841.230 657.976
4842.409 632.731
4843.588 667.096
4844.767 680.992
4845.946 626.444
4847.125 628.723
4848.303 634.809
4849.482 618.496
4850.661 650.491
4851.840 625.339
4853.019 622.967
4854.197 617.519
4855.376 647.369
4856.555 626.220
4857.734 650.829
4858.913 538.710
4860.092 910.474
4861.270 386.105
4862.449 18505.866
4863.628 57189.426
4864.807 67083.918
4865.986 28335.003
4867.164 2103.094
4868.343 612.520
4869.522 719.911
4870.701 631.041
4871.880 614.579
4873.059 631.835
4874.237 663.226
4875.416 662.650
4876.595 623.386
4877.774 631.164
4878.953 642.431
4880.131 646.654
4881.310 630.598
4882.489 625.273
4883.668 688.450
4884.847 660.680
4886.026 647.736
4887.204 642.216
4888.383 646.713
4889.562 641.209
4890.741 641.977
4891.920 637.401
4893.098 610.091
4894.277 613.466
4895.456 666.140
4896.635 634.709
4897.814 598.860
4898.993 643.688
4900.171 631.147
4901.350 629.428
4902.529 624.550
4903.708 635.527
4904.887 672.719
4906.065 671.900
4907.244 635.231
4908.423 635.388
4909.602 634.147
4910.781 614.403
4911.960 621.890
4913.138 637.179
4914.317 626.659
4915.496 597.842
4916.675 626.658
4917.854 616.958
4919.032 593.406
4920.211 667.043
4921.390 617.396
4922.569 688.547
4923.748 1026.476
4924.927 1374.721
4926.105 1115.896
4927.284 734.285
4928.463 662.210
4929.642 675.615
4930.821 652.951
4931.999 649.856
4933.178 647.331
4934.357 658.141
4935.536 679.730
4936.715 642.604
4937.894 643.534
4939.072 671.269
4940.251 648.874
4941.430 648.399
4942.609 644.923
4943.788 633.580
4944.966 669.265
4946.145 678.733
4947.324 673.679
4948.503 683.360
4949.682 689.989
4950.861 694.915
4952.039 730.558
4953.218 750.989
4954.397 700.201
4955.576 703.967
4956.755 663.062
4957.933 1007.920
4959.112 1331.414
4960.291 37011.600
4961.470 108581.345
4962.649 99618.068
4963.828 36628.853
4965.006 93.996
4966.185 1169.845
4967.364 740.774
4968.543 826.089
4969.722 787.053
4970.900 745.854
4972.079 689.911
4973.258 671.891
4974.437 716.011
4975.616 665.438
4976.794 710.008
4977.973 672.217
4979.152 673.347
4980.331 712.138
4981.510 702.838
4982.689 692.711
4983.867 675.410
4985.046 686.650
4986.225 688.612
4987.404 764.286
4988.583 886.443
4989.761 875.449
4990.940 758.953
4992.119 727.767
4993.298 742.145
4994.477 685.261
4995.656 724.796
4996.834 778.264
4998.013 762.120
4999.192 734.069
5000.371 746.441
5001.550 781.852
5002.728 836.904
5003.907 819.116
5005.086 836.194
5006.265 2074.095
5007.444 9537.897
5008.623 196049.549
5009.801 327830.086
5010.980 254041.585
5012.159 50072.113
5013.338 -4455.914
5014.517 2839.493
5015.695 268.127
5016.874 1314.796
5018.053 1885.736
5019.232 2172.763
5020.411 1361.540
5021.590 753.507
5022.768 721.664
5023.947 685.675
5025.126 691.174
5026.305 700.128
5027.484 702.518
5028.662 655.999
5029.841 628.746
5031.020 636.293
5032.199 665.134
5033.378 627.896
5034.557 653.830
5035.735 650.189
5036.914 614.588
5038.093 603.650
5039.272 619.151
5040.451 612.871
5041.629 611.683
5042.808 630.849
5043.987 681.088
5045.166 645.433
5046.345 631.464
5047.524 613.763
5048.702 634.766
5049.881 683.505
5051.060 712.365
5052.239 643.471
5053.418 565.095
5054.596 567.855
5055.775 588.436
5056.954 596.188
5058.133 601.306
5059.312 598.093
5060.491 584.055
5061.669 595.885
5062.848 586.169
5064.027 574.512
5065.206 598.412
5066.385 587.930
5067.563 592.288
5068.742 552.955
5069.921 556.142
5071.100 548.949
5072.279 582.370
5073.458 572.024
5074.636 581.669
5075.815 553.279
5076.994 534.765
5078.173 558.375
5079.352 562.458
5080.530 559.819
5081.709 551.710
5082.888 542.967
5084.067 571.319
5085.246 570.655
5086.425 547.381
5087.603 555.105
5088.782 541.259
5089.961 543.512
5091.140 564.872
5092.319 546.940
5093.497 568.449
5094.676 543.226
5095.855 539.580
5097.034 532.679
5098.213 548.264
5099.392 587.963
5100.570 578.948
5101.749 534.065
5102.928 549.042
5104.107 565.972
5105.286 539.382
5106.464 523.959
5107.643 571.948
5108.822 547.767
5110.001 539.204
5111.180 542.165
5112.359 521.020
5113.537 556.843
5114.716 547.021
5115.895 525.559
5117.074 541.471
5118.253 524.057
5119.431 518.480
5120.610 527.469
5121.789 532.996
5122.968 502.433
5124.147 523.115
5125.326 538.770
5126.504 512.217
5127.683 530.770
5128.862 516.669
5130.041 508.154
5131.220 512.002
5132.398 531.802
5133.577 524.049
5134.756 538.531
5135.935 535.271
5137.114 543.117
5138.292 527.693
5139.471 547.107
5140.650 561.384
5141.829 506.130
5143.008 545.830
5144.187 575.610
5145.365 510.982
5146.544 511.115
5147.723 532.330
5148.902 532.298
5150.081 554.839
5151.259 543.710
5152.438 543.314
5153.617 527.116
5154.796 539.517
5155.975 513.430
5157.154 522.140
5158.332 564.216
5159.511 518.140
5160.690 504.589
5161.869 504.283
5163.048 520.500
5164.226 520.485
5165.405 510.827
5166.584 487.726
5167.763 484.639
5168.942 491.535
5170.121 483.337
5171.299 449.697
5172.478 475.164
5173.657 501.018
5174.836 485.790
5176.015 519.516
5177.193 545.739
5178.372 512.852
5179.551 479.666
5180.730 523.070
5181.909 516.200
5183.088 517.868
5184.266 467.035
5185.445 485.875
5186.624 534.361
5187.803 531.704
5188.982 509.725
5190.160 548.184
5191.339 522.455
5192.518 478.090
5193.697 536.946
5194.876 534.236
5196.055 593.874
5197.233 852.557
5198.412 1082.515
5199.591 1040.515
5200.770 909.819
5201.949 775.354
5203.127 647.701
5204.306 603.332
5205.485 508.950
5206.664 488.722
5207.843 497.451
5209.022 480.424
5210.200 502.177
5211.379 514.499
5212.558 496.464
5213.737 508.152
5214.916 464.455
5216.094 512.178
5217.273 473.255
5218.452 514.460
5219.631 499.396
5220.810 489.988
5221.989 543.138
5223.167 534.991
5224.346 526.982
5225.525 524.419
5226.704 504.054
5227.883 489.676
5229.061 480.819
5230.240 470.412
5231.419 489.139
5232.598 515.206
5233.777 479.528
5234.956 482.251
5236.134 493.866
5237.313 522.782
5238.492 559.411
5239.671 526.451
5240.850 500.732
5242.028 472.117
5243.207 496.153
5244.386 500.358
5245.565 474.238
5246.744 468.932
5247.923 486.441
5249.101 483.278
5250.280 514.784
5251.459 513.513
5252.638 480.520
5253.817 497.017
5254.995 504.983
5256.174 496.941
5257.353 504.656
5258.532 491.531
5259.711 502.268
5260.890 502.679
5262.068 474.174
5263.247 465.061
5264.426 466.347
5265.605 472.016
5266.784 478.362
5267.962 446.199
5269.141 484.248
5270.320 458.718
5271.499 484.168
5272.678 497.235
5273.857 522.249
5275.035 518.477
5276.214 531.564
5277.393 491.937
5278.572 458.250
5279.751 458.307
5280.929 455.630
5282.108 486.887
5283.287 472.176
5284.466 475.862
5285.645 465.331
5286.824 497.550
5288.002 462.005
5289.181 462.533
5290.360 489.220
5291.539 447.300
5292.718 461.402
5293.896 483.753
5295.075 495.007
5296.254 445.457
5297.433 457.850
5298.612 450.930
5299.790 479.410
5300.969 473.592
5302.148 468.264
5303.327 466.496
5304.506 459.904
5305.685 485.774
5306.863 488.571
5308.042 473.744
5309.221 455.696
5310.400 516.865
5311.579 481.110
5312.757 492.776
5313.936 504.262
5315.115 438.145
5316.294 464.869
5317.473 452.319
5318.652 462.443
5319.830 469.014
5321.009 456.279
5322.188 475.424
5323.367 475.483
5324.546 451.350
5325.724 470.384
5326.903 474.320
5328.082 475.613
5329.261 553.046
5330.440 612.686
5331.619 567.723
5332.797 481.389
5333.976 464.865
5335.155 460.303
5336.334 436.484
5337.513 471.862
5338.691 453.188
5339.870 456.627
5341.049 456.855
5342.228 441.232
5343.407 474.595
5344.586 461.082
5345.764 440.569
5346.943 459.852
5348.122 461.889
5349.301 473.723
5350.480 468.098
5351.658 445.885
5352.837 457.866
5354.016 472.664
5355.195 454.050
5356.374 435.130
5357.553 464.218
5358.731 472.135
5359.910 465.850
5361.089 455.061
5362.268 439.435
5363.447 444.970
5364.625 433.824
5365.804 442.638
5366.983 458.049
5368.162 478.317
5369.341 454.932
5370.520 420.311
5371.698 441.973
5372.877 447.231
5374.056 436.025
5375.235 430.415
5376.414 432.242
5377.592 432.713
5378.771 426.392
5379.950 429.784
5381.129 405.240
5382.308 406.982
5383.487 452.398
5384.665 499.455
5385.844 449.107
5387.023 437.399
5388.202 395.259
5389.381 426.723
5390.559 433.736
5391.738 413.167
5392.917 434.103
5394.096 434.791
5395.275 422.306
5396.454 436.167
5397.632 448.261
5398.811 432.601
5399.990 417.258
5401.169 420.520
5402.348 419.154
5403.526 412.285
5404.705 417.214
5405.884 432.429
5407.063 422.889
5408.242 420.302
5409.421 404.243
5410.599 403.880
5411.778 431.514
5412.957 412.152
5414.136 409.643
5415.315 430.831
5416.493 402.013
5417.672 415.792
5418.851 426.692
5420.030 435.461
5421.209 433.396
5422.388 396.858
5423.566 396.412
5424.745 422.428
5425.924 413.133
5427.103 371.088
5428.282 395.622
5429.460 411.015
5430.639 423.103
5431.818 427.028
5432.997 404.418
5434.176 436.327
5435.355 424.648
5436.533 435.955
5437.712 438.893
5438.891 425.652
5440.070 429.216
5441.249 427.000
5442.427 420.427
5443.606 406.357
5444.785 396.611
5445.964 409.676
5447.143 412.923
5448.322 406.192
5449.500 394.763
5450.679 398.186
5451.858 387.016
5453.037 412.470
5454.216 401.620
5455.394 403.179
5456.573 394.671
5457.752 400.896
5458.931 429.029
5460.110 429.615
5461.288 421.352
5462.467 416.606
5463.646 403.034
5464.825 396.860
5466.004 379.377
5467.183 400.958
5468.361 438.196
5469.540 401.967
5470.719 401.612
5471.898 412.760
5473.077 386.306
5474.255 409.259
5475.434 395.713
5476.613 373.302
5477.792 394.594
5478.971 436.007
5480.150 371.895
5481.328 384.764
5482.507 404.568
5483.686 413.067
5484.865 392.177
5486.044 387.421
5487.222 425.944
5488.401 409.692
5489.580 389.612
5490.759 407.067
5491.938 374.238
5493.117 388.868
5494.295 423.188
5495.474 407.781
5496.653 397.226
5497.832 418.402
5499.011 425.177
5500.189 407.967
5501.368 411.374
5502.547 431.280
5503.726 393.031
5504.905 395.715
5506.084 392.674
5507.262 390.315
5508.441 408.911
5509.620 384.826
5510.799 392.466
5511.978 423.550
5513.156 410.942
5514.335 428.568
5515.514 392.343
5516.693 396.311
5517.872 407.220
5519.051 444.506
5520.229 565.373
5521.408 604.883
5522.587 493.136
5523.766 398.623
5524.945 361.080
5526.123 396.389
5527.302 382.820
5528.481 394.072
5529.660 407.743
5530.839 389.852
5532.018 385.990
5533.196 387.795
5534.375 398.261
5535.554 381.119
5536.733 388.514
5537.912 383.447
5539.090 390.728
5540.269 500.243
5541.448 532.656
5542.627 493.130
5543.806 460.677
5544.985 444.636
5546.163 442.100
5547.342 414.386
5548.521 405.847
5549.700 382.349
5550.879 384.790
5552.057 398.147
5553.236 379.187
5554.415 396.737
5555.594 402.672
5556.773 383.506
5557.952 385.198
5559.130 406.816
5560.309 386.266
5561.488 400.673
5562.667 425.067
5563.846 445.434
5565.024 436.932
5566.203 420.078
5567.382 422.219
5568.561 388.332
5569.740 386.000
5570.919 409.236
5572.097 394.520
5573.276 490.658
5574.455 155.757
5575.634 2905.169
5576.813 9534.285
5577.991 10822.992
5579.170 5988.021
5580.349 693.770
5581.528 426.512
5582.707 395.582
5583.886 389.982
5585.064 370.674
5586.243 380.429
5587.422 404.039
5588.601 436.140
5589.780 427.422
5590.958 396.778
5592.137 375.322
5593.316 371.779
5594.495 373.791
5595.674 373.950
5596.853 381.862
5598.031 389.050
5599.210 406.531
5600.389 374.083
5601.568 366.804
5602.747 370.191
5603.925 414.495
5605.104 462.404
5606.283 427.604
5607.462 382.432
5608.641 368.516
5609.820 387.695
5610.998 389.345
5612.177 386.407
5613.356 391.608
5614.535 389.648
5615.714 380.278
5616.892 383.668
5618.071 393.520
5619.250 359.432
5620.429 374.075
5621.608 392.660
5622.786 426.127
5623.965 425.637
5625.144 385.777
5626.323 375.745
5627.502 369.415
5628.681 387.115
5629.859 366.854
5631.038 364.538
5632.217 383.694
5633.396 403.767
5634.575 398.875
5635.753 375.743
5636.932 378.879
5638.111 371.354
5639.290 358.930
5640.469 375.028
5641.648 399.590
5642.826 383.040
5644.005 401.620
5645.184 397.994
5646.363 382.011
5647.542 366.657
5648.720 371.328
5649.899 376.151
5651.078 396.408
5652.257 362.262
5653.436 358.537
5654.615 381.362
5655.793 376.049
5656.972 375.655
5658.151 366.155
5659.330 395.543
5660.509 375.466
5661.687 387.865
5662.866 369.500
5664.045 371.204
5665.224 396.405
5666.403 383.258
5667.582 371.042
5668.760 400.761
5669.939 397.383
5671.118 381.668
5672.297 368.561
5673.476 362.190
5674.654 388.673
5675.833 387.939
5677.012 362.951
5678.191 385.412
5679.370 414.101
5680.549 406.040
5681.727 366.086
5682.906 371.218
5684.085 381.138
5685.264 366.910
5686.443 370.406
5687.621 371.023
5688.800 378.261
5689.979 380.726
5691.158 391.839
5692.337 390.642
5693.516 386.461
5694.694 397.785
5695.873 391.120
5697.052 367.904
5698.231 371.734
5699.410 389.743
5700.588 359.825
5701.767 371.933
5702.946 365.261
5704.125 369.242
5705.304 346.035
5706.483 362.899
5707.661 387.464
5708.840 372.133
5710.019 361.683
5711.198 359.506
5712.377 362.936
5713.555 361.385
5714.734 362.514
5715.913 382.073
5717.092 400.761
5718.271 415.220
5719.450 376.168
5720.628 368.125
5721.807 374.382
5722.986 382.763
5724.165 358.428
5725.344 353.947
5726.522 381.212
5727.701 372.501
5728.880 372.239
5730.059 377.716
5731.238 357.879
5732.417 345.143
5733.595 379.002
5734.774 388.047
5735.953 349.461
5737.132 343.440
5738.311 361.611
5739.489 391.496
5740.668 352.653
5741.847 349.677
5743.026 367.903
5744.205 380.610
5745.384 378.789
5746.562 369.042
5747.741 348.235
5748.920 336.296
5750.099 359.531
5751.278 345.515
5752.456 348.460
5753.635 372.046
5754.814 352.420
5755.993 368.166
5757.172 407.919
5758.351 421.009
5759.529 389.461
5760.708 368.778
5761.887 343.826
5763.066 357.356
5764.245 357.312
5765.423 371.128
5766.602 359.569
5767.781 377.715
5768.960 375.509
5770.139 390.367
5771.318 388.897
5772.496 368.158
5773.675 366.979
5774.854 358.169
5776.033 377.637
5777.212 371.227
5778.390 344.808
5779.569 353.080
5780.748 378.089
5781.927 337.773
5783.106 344.873
5784.284 361.457
5785.463 364.670
5786.642 366.715
5787.821 358.616
5789.000 372.932
5790.179 350.301
5791.357 333.247
5792.536 354.155
5793.715 353.031
5794.894 365.636
5796.073 360.104
5797.251 352.834
5798.430 350.468
5799.609 352.339
5800.788 369.338
5801.967 347.945
5803.146 362.252
5804.324 345.001
5805.503 360.583
5806.682 344.237
5807.861 349.492
5809.040 357.687
5810.218 342.890
5811.397 346.801
5812.576 333.854
5813.755 339.472
5814.934 348.616
5816.113 319.510
5817.291 359.834
5818.470 343.853
5819.649 339.629
5820.828 371.976
5822.007 345.049
5823.185 349.163
5824.364 369.239
5825.543 366.817
5826.722 356.571
5827.901 346.715
5829.080 332.358
5830.258 332.961
5831.437 362.555
5832.616 365.190
5833.795 338.825
5834.974 366.132
5836.152 347.577
5837.331 332.686
5838.510 337.828
5839.689 318.401
5840.868 360.933
5842.047 362.929
5843.225 347.485
5844.404 345.020
5845.583 334.293
5846.762 337.696
5847.941 343.762
5849.119 344.057
5850.298 351.352
5851.477 359.099
5852.656 369.558
5853.835 354.609
5855.014 355.957
5856.192 332.452
5857.371 344.987
5858.550 312.424
5859.729 337.946
5860.908 347.680
5862.086 340.244
5863.265 351.464
5864.444 406.648
5865.623 455.282
5866.802 484.823
5867.981 481.280
5869.159 411.075
5870.338 371.825
5871.517 381.800
5872.696 354.604
5873.875 382.582
5875.053 402.432
5876.232 389.596
5877.411 2047.667
5878.590 4612.244
5879.769 5169.465
5880.948 2659.837
5882.126 739.234
5883.305 414.642
5884.484 373.383
5885.663 375.320
5886.842 407.389
5888.020 709.431
5889.199 1311.062
5890.378 1464.745
5891.557 1089.003
5892.736 536.799
5893.915 486.826
5895.093 921.609
5896.272 1065.451
5897.451 776.512
5898.630 479.263
5899.809 378.653
5900.987 361.347
5902.166 367.576
5903.345 364.226
5904.524 352.731
5905.703 374.711
5906.882 408.477
5908.060 407.895
5909.239 356.107
5910.418 339.440
5911.597 352.929
5912.776 368.269
5913.954 422.393
5915.133 476.947
5916.312 480.716
5917.491 391.988
5918.670 339.087
5919.849 357.125
5921.027 362.716
5922.206 340.925
5923.385 357.826
5924.564 390.347
5925.743 369.428
5926.921 350.463
5928.100 356.906
5929.279 352.230
5930.458 366.476
5931.637 443.369
5932.815 477.568
5933.994 475.199
5935.173 383.431
5936.352 335.240
5937.531 352.073
5938.710 351.157
5939.888 332.239
5941.067 322.447
5942.246 332.961
5943.425 341.439
5944.604 346.451
5945.782 357.990
5946.961 381.023
5948.140 364.496
5949.319 350.674
5950.498 334.910
5951.677 353.429
5952.855 404.064
5954.034 442.375
5955.213 419.766
5956.392 374.201
5957.571 365.630
5958.749 350.682
5959.928 336.219
5961.107 349.334
5962.286 353.189
5963.465 348.069
5964.644 343.751
5965.822 320.958
5967.001 320.657
5968.180 328.725
5969.359 338.684
5970.538 346.985
5971.716 346.099
5972.895 346.114
5974.074 346.128
