3561.035 975.644
3562.213 1011.886
3563.392 1225.777
3564.571 1398.859
3565.750 1758.075
3566.929 811.197
3568.108 1457.238
3569.286 1012.353
3570.465 1243.995
3571.644 1091.208
3572.823 1110.205
3574.002 474.323
3575.180 1157.741
3576.359 1122.743
3577.538 977.582
3578.717 803.703
3579.896 1121.994
3581.075 1056.195
3582.253 1439.791
3583.432 1300.668
3584.611 1097.966
3585.790 766.613
3586.969 1090.148
3588.147 944.768
3589.326 1334.954
3590.505 771.563
3591.684 1031.315
3592.863 677.443
3594.042 1162.312
3595.220 1101.828
3596.399 958.750
3597.578 835.035
3598.757 1438.434
3599.936 1415.585
3601.114 1242.268
3602.293 1071.485
3603.472 1187.912
3604.651 1010.918
3605.830 1113.704
3607.009 1583.473
3608.187 1002.718
3609.366 1051.086
3610.545 1130.204
3611.724 1336.250
3612.903 1294.020
3614.081 1253.443
3615.260 1440.958
3616.439 1457.821
3617.618 1775.424
3618.797 1404.627
3619.976 1509.771
3621.154 1381.203
3622.333 1512.383
3623.512 1127.823
3624.691 1266.491
3625.870 1266.785
3627.048 1565.378
3628.227 1007.626
3629.406 1590.084
3630.585 1197.829
3631.764 1573.392
3632.943 1317.371
3634.121 1632.116
3635.300 1679.011
3636.479 1499.832
3637.658 1429.287
3638.837 1497.642
3640.015 1588.986
3641.194 1856.262
3642.373 1753.988
3643.552 1575.572
3644.731 1472.863
3645.910 1591.527
3647.088 1497.803
3648.267 1489.769
3649.446 903.931
3650.625 1151.683
3651.804 1066.228
3652.982 1123.885
3654.161 1018.599
3655.340 1161.450
3656.519 1277.890
3657.698 1333.765
3658.877 1836.815
3660.055 1564.289
3661.234 1289.211
3662.413 1398.067
3663.592 1205.685
3664.771 1265.868
3665.949 1030.998
3667.128 1640.989
3668.307 1370.365
3669.486 1227.546
3670.665 1061.819
3671.844 1018.939
3673.022 1380.808
3674.201 1268.284
3675.380 1314.994
3676.559 953.739
3677.738 1291.403
3678.916 1114.891
3680.095 1008.172
3681.274 1090.667
3682.453 1254.339
3683.632 950.433
3684.811 1155.507
3685.989 1215.502
3687.168 777.412
3688.347 1148.999
3689.526 1063.459
3690.705 1045.399
3691.883 948.670
3693.062 1199.236
3694.241 1275.139
3695.420 1203.548
3696.599 868.797
3697.777 889.871
3698.956 1339.900
3700.135 1660.746
3701.314 1367.655
3702.493 1072.098
3703.672 1260.903
3704.850 1330.061
3706.029 1599.285
3707.208 1797.151
3708.387 1257.356
3709.566 1096.810
3710.744 1320.246
3711.923 932.224
3713.102 1251.594
3714.281 1692.303
3715.460 1143.025
3716.639 1081.521
3717.817 1048.147
3718.996 875.283
3720.175 675.036
3721.354 1105.459
3722.533 1243.060
3723.711 1920.105
3724.890 1879.914
3726.069 2844.103
3727.248 6223.729
3728.427 12629.486
3729.606 15183.610
3730.784 17451.155
3731.963 15280.481
3733.142 7567.730
3734.321 2575.486
3735.500 1460.367
3736.678 2069.437
3737.857 1595.226
3739.036 1454.054
3740.215 1439.757
3741.394 1223.762
3742.573 1488.807
3743.751 1181.154
3744.930 1326.339
3746.109 1252.870
3747.288 928.112
3748.467 960.193
3749.645 1043.430
3750.824 1119.987
3752.003 1984.255
3753.182 1830.448
3754.361 1525.302
3755.540 906.867
3756.718 1098.889
3757.897 1157.167
3759.076 1128.683
3760.255 931.657
3761.434 1095.259
3762.612 958.461
3763.791 963.001
3764.970 812.444
3766.149 854.018
3767.328 843.261
3768.507 1005.048
3769.685 780.262
3770.864 1130.259
3772.043 1917.810
3773.222 2450.344
3774.401 1748.345
3775.579 1148.017
3776.758 922.312
3777.937 966.015
3779.116 984.680
3780.295 1069.337
3781.474 1208.510
3782.652 976.797
3783.831 1159.222
3785.010 1133.054
3786.189 1058.243
3787.368 1156.551
3788.546 961.772
3789.725 976.697
3790.904 927.186
3792.083 857.879
3793.262 882.589
3794.441 1223.821
3795.619 890.586
3796.798 717.071
3797.977 884.630
3799.156 1882.427
3800.335 2404.040
3801.513 2038.481
3802.692 1112.256
3803.871 945.264
3805.050 1027.672
3806.229 884.711
3807.408 794.292
3808.586 847.610
3809.765 980.207
3810.944 1202.767
3812.123 874.095
3813.302 1025.642
3814.480 1144.195
3815.659 1284.441
3816.838 1054.225
3818.017 1182.159
3819.196 1254.366
3820.375 1201.325
3821.553 1286.221
3822.732 1386.593
3823.911 1253.222
3825.090 982.754
3826.269 845.244
3827.447 873.750
3828.626 1193.906
3829.805 1204.924
3830.984 1230.766
3832.163 1055.214
3833.342 953.439
3834.520 1148.626
3835.699 1249.949
3836.878 2601.533
3838.057 3304.560
3839.236 2033.653
3840.414 1045.373
3841.593 875.678
3842.772 763.732
3843.951 956.293
3845.130 1046.025
3846.309 1124.207
3847.487 972.194
3848.666 993.978
3849.845 1070.311
3851.024 1026.692
3852.203 882.130
3853.381 857.460
3854.560 767.047
3855.739 1019.842
3856.918 977.363
3858.097 912.379
3859.275 898.240
3860.454 940.084
3861.633 984.266
3862.812 958.046
3863.991 950.508
3865.170 912.211
3866.348 917.832
3867.527 1008.133
3868.706 1636.655
3869.885 7464.858
3871.064 14040.414
3872.242 11977.853
3873.421 3579.598
3874.600 1058.066
3875.779 917.895
3876.958 947.822
3878.137 870.140
3879.315 1030.785
3880.494 824.021
3881.673 690.462
3882.852 806.473
3884.031 666.912
3885.209 681.668
3886.388 611.512
3887.567 695.221
3888.746 949.601
3889.925 3244.197
3891.104 6176.158
3892.282 5422.216
3893.461 2092.517
3894.640 807.397
3895.819 695.387
3896.998 727.419
3898.176 847.692
3899.355 872.600
3900.534 885.084
3901.713 846.027
3902.892 854.118
3904.071 927.352
3905.249 1044.544
3906.428 1003.304
3907.607 1016.303
3908.786 1019.381
3909.965 994.314
3911.143 1036.859
3912.322 935.529
3913.501 1031.778
3914.680 1055.381
3915.859 953.749
3917.038 951.699
3918.216 1019.077
3919.395 779.726
3920.574 847.346
3921.753 886.729
3922.932 1011.462
3924.110 903.295
3925.289 808.390
3926.468 794.380
3927.647 745.667
3928.826 781.449
3930.005 718.346
3931.183 644.219
3932.362 757.410
3933.541 668.957
3934.720 650.307
3935.899 721.092
3937.077 659.245
3938.256 649.615
3939.435 852.658
3940.614 836.154
3941.793 821.314
3942.972 886.024
3944.150 921.084
3945.329 853.457
3946.508 980.337
3947.687 1112.611
3948.866 966.966
3950.044 874.523
3951.223 791.778
3952.402 876.531
3953.581 870.084
3954.760 777.768
3955.939 897.374
3957.117 806.544
3958.296 699.994
3959.475 741.917
3960.654 732.564
3961.833 759.668
3963.011 731.527
3964.190 651.029
3965.369 576.036
3966.548 743.697
3967.727 1144.100
3968.906 2830.939
3970.084 4180.029
3971.263 4692.527
3972.442 4759.759
3973.621 3784.068
3974.800 1466.060
3975.978 618.984
3977.157 738.210
3978.336 688.472
3979.515 685.282
3980.694 649.524
3981.873 706.832
3983.051 714.018
3984.230 661.730
3985.409 717.290
3986.588 701.152
3987.767 669.435
3988.945 841.760
3990.124 785.264
3991.303 753.627
3992.482 770.228
3993.661 724.514
3994.840 716.976
3996.018 705.120
3997.197 735.322
3998.376 806.916
3999.555 756.956
4000.734 683.128
4001.912 775.346
4003.091 706.290
4004.270 656.963
4005.449 862.944
4006.628 763.095
4007.807 749.134
4008.985 809.669
4010.164 749.485
4011.343 836.524
4012.522 858.190
4013.701 895.092
4014.879 767.494
4016.058 681.937
4017.237 723.382
4018.416 767.236
4019.595 824.442
4020.773 824.878
4021.952 710.573
4023.131 755.958
4024.310 733.392
4025.489 714.020
4026.668 847.399
4027.846 931.090
4029.025 1199.667
4030.204 1051.250
4031.383 717.121
4032.562 747.122
4033.740 734.811
4034.919 677.334
4036.098 660.601
4037.277 730.609
4038.456 796.035
4039.635 860.185
4040.813 836.367
4041.992 790.148
4043.171 770.211
4044.350 781.813
4045.529 696.847
4046.707 686.714
4047.886 774.950
4049.065 753.432
4050.244 754.658
4051.423 787.174
4052.602 737.939
4053.780 677.571
4054.959 745.537
4056.138 761.208
4057.317 620.376
4058.496 731.560
4059.674 634.580
4060.853 713.019
4062.032 751.249
4063.211 777.738
4064.390 805.091
4065.569 845.489
4066.747 763.607
4067.926 713.526
4069.105 775.041
4070.284 931.473
4071.463 877.915
4072.641 862.158
4073.820 789.311
4074.999 715.474
4076.178 813.466
4077.357 771.344
4078.536 789.421
4079.714 792.544
4080.893 710.297
4082.072 775.184
4083.251 667.844
4084.430 647.942
4085.608 657.118
4086.787 742.409
4087.966 653.296
4089.145 626.701
4090.324 721.920
4091.503 680.081
4092.681 665.423
4093.860 699.779
4095.039 656.435
4096.218 636.594
4097.397 576.610
4098.575 527.091
4099.754 548.990
4100.933 594.768
4102.112 1096.858
4103.291 3895.752
4104.470 5964.508
4105.648 3909.197
4106.827 1225.385
4108.006 526.016
4109.185 594.832
4110.364 466.839
4111.542 538.369
4112.721 639.711
4113.900 598.983
4115.079 688.188
4116.258 611.052
4117.437 636.828
4118.615 589.927
4119.794 611.299
4120.973 562.681
4122.152 574.713
4123.331 742.053
4124.509 695.978
4125.688 679.806
4126.867 614.406
4128.046 710.664
4129.225 661.835
4130.404 630.356
4131.582 633.725
4132.761 629.384
4133.940 701.433
4135.119 654.911
4136.298 641.191
4137.476 702.880
4138.655 565.094
4139.834 629.850
4141.013 635.172
4142.192 596.294
4143.371 564.285
4144.549 519.609
4145.728 640.658
4146.907 598.589
4148.086 593.685
4149.265 646.649
4150.443 553.413
4151.622 561.721
4152.801 581.778
4153.980 612.912
4155.159 668.969
4156.338 662.778
4157.516 612.450
4158.695 611.358
4159.874 593.509
4161.053 590.921
4162.232 594.470
4163.410 694.094
4164.589 773.651
4165.768 736.287
4166.947 642.758
4168.126 655.119
4169.305 672.822
4170.483 684.429
4171.662 600.300
4172.841 611.393
4174.020 682.408
4175.199 640.087
4176.377 593.501
4177.556 627.553
4178.735 607.837
4179.914 639.328
4181.093 614.367
4182.271 580.060
4183.450 639.237
4184.629 602.548
4185.808 546.489
4186.987 586.307
4188.166 557.075
4189.344 503.028
4190.523 605.331
4191.702 571.700
4192.881 564.878
4194.060 605.644
4195.238 572.660
4196.417 555.357
4197.596 556.048
4198.775 495.308
4199.954 515.118
4201.133 618.228
4202.311 567.299
4203.490 518.330
4204.669 527.922
4205.848 529.351
4207.027 532.406
4208.205 592.932
4209.384 590.252
4210.563 489.009
4211.742 561.083
4212.921 558.450
4214.100 495.162
4215.278 554.567
4216.457 572.566
4217.636 498.736
4218.815 535.129
4219.994 533.100
4221.172 523.916
4222.351 516.653
4223.530 525.712
4224.709 484.273
4225.888 503.392
4227.067 486.825
4228.245 473.739
4229.424 522.100
4230.603 528.082
4231.782 520.553
4232.961 524.167
4234.139 648.384
4235.318 667.480
4236.497 592.837
4237.676 525.578
4238.855 427.664
4240.034 486.719
4241.212 540.118
4242.391 440.886
4243.570 498.923
4244.749 519.975
4245.928 528.912
4247.106 575.778
4248.285 500.804
4249.464 457.768
4250.643 557.016
4251.822 537.257
4253.001 487.182
4254.179 485.689
4255.358 530.803
4256.537 544.829
4257.716 540.918
4258.895 510.637
4260.073 501.287
4261.252 440.678
4262.431 462.599
4263.610 527.638
4264.789 519.172
4265.968 502.195
4267.146 517.024
4268.325 490.189
4269.504 491.721
4270.683 491.775
4271.862 488.368
4273.040 517.610
4274.219 473.829
4275.398 474.626
4276.577 549.269
4277.756 548.535
4278.935 512.886
4280.113 484.848
4281.292 468.774
4282.471 471.030
4283.650 490.798
4284.829 500.140
4286.007 475.795
4287.186 444.041
4288.365 495.075
4289.544 484.968
4290.723 478.923
4291.902 513.522
4293.080 530.086
4294.259 518.025
4295.438 482.949
4296.617 457.554
4297.796 457.448
4298.974 469.317
4300.153 423.617
4301.332 411.736
4302.511 407.233
4303.690 409.527
4304.869 483.636
4306.047 430.584
4307.226 415.699
4308.405 432.120
4309.584 463.502
4310.763 435.161
4311.941 445.059
4313.120 470.863
4314.299 464.547
4315.478 453.916
4316.657 476.739
4317.836 476.305
4319.014 555.683
4320.193 453.198
4321.372 443.710
4322.551 421.023
4323.730 406.127
4324.908 425.419
4326.087 415.619
4327.266 484.622
4328.445 381.178
4329.624 441.105
4330.803 435.646
4331.981 486.703
4333.160 447.135
4334.339 426.776
4335.518 411.913
4336.697 405.577
4337.875 373.228
4339.054 436.585
4340.233 517.786
4341.412 2050.764
4342.591 6571.537
4343.769 7279.726
4344.948 3883.548
4346.127 607.517
4347.306 521.593
4348.485 360.257
4349.664 416.228
4350.842 403.867
4352.021 373.254
4353.200 378.997
4354.379 434.308
4355.558 420.056
4356.736 397.517
4357.915 457.101
4359.094 406.744
4360.273 409.408
4361.452 414.366
4362.631 408.849
4363.809 627.964
4364.988 1246.614
4366.167 1776.775
4367.346 1354.291
4368.525 726.109
4369.703 488.129
4370.882 457.424
4372.061 412.140
4373.240 395.823
4374.419 445.443
4375.598 430.381
4376.776 442.506
4377.955 420.663
4379.134 435.576
4380.313 459.627
4381.492 446.663
4382.670 412.536
4383.849 412.366
4385.028 385.925
4386.207 397.128
4387.386 395.772
4388.565 400.611
4389.743 475.232
4390.922 497.468
4392.101 425.147
4393.280 400.923
4394.459 392.164
4395.637 381.774
4396.816 395.104
4397.995 432.670
4399.174 422.749
4400.353 390.198
4401.532 414.287
4402.710 449.221
4403.889 427.653
4405.068 439.765
4406.247 453.749
4407.426 420.405
4408.604 434.348
4409.783 391.653
4410.962 399.376
4412.141 447.899
4413.320 485.321
4414.499 450.788
4415.677 458.705
4416.856 500.563
4418.035 446.508
4419.214 425.711
4420.393 457.215
4421.571 464.818
4422.750 464.003
4423.929 419.338
4425.108 438.114
4426.287 444.233
4427.466 420.859
4428.644 453.073
4429.823 432.847
4431.002 381.094
4432.181 448.766
4433.360 455.610
4434.538 405.212
4435.717 369.902
4436.896 398.508
4438.075 407.619
4439.254 436.901
4440.433 391.217
4441.611 398.488
4442.790 398.613
4443.969 402.454
4445.148 431.563
4446.327 373.472
4447.505 412.809
4448.684 369.299
4449.863 384.070
4451.042 459.973
4452.221 402.075
4453.400 419.903
4454.578 401.459
4455.757 394.265
4456.936 389.919
4458.115 373.015
4459.294 375.730
4460.472 374.339
4461.651 355.819
4462.830 374.505
4464.009 403.793
4465.188 362.316
4466.367 375.416
4467.545 370.648
4468.724 373.052
4469.903 348.391
4471.082 327.027
4472.261 424.780
4473.439 762.988
4474.618 896.184
4475.797 631.932
4476.976 437.971
4478.155 375.556
4479.334 398.452
4480.512 397.075
4481.691 393.726
4482.870 367.453
4484.049 408.149
4485.228 430.976
4486.406 386.060
4487.585 385.319
4488.764 368.590
4489.943 370.851
4491.122 370.954
4492.301 402.163
4493.479 380.499
4494.658 414.051
4495.837 408.912
4497.016 381.785
4498.195 358.971
4499.373 373.148
4500.552 361.012
4501.731 368.173
4502.910 378.696
4504.089 382.027
4505.267 372.878
4506.446 362.134
4507.625 372.436
4508.804 357.798
4509.983 371.701
4511.162 369.749
4512.340 364.169
4513.519 349.978
4514.698 389.732
4515.877 362.259
4517.056 372.318
4518.234 362.056
4519.413 397.329
4520.592 411.674
4521.771 392.112
4522.950 410.096
4524.129 397.802
4525.307 396.709
4526.486 371.394
4527.665 365.296
4528.844 374.479
4530.023 346.077
4531.201 386.545
4532.380 372.634
4533.559 382.511
4534.738 405.414
4535.917 361.978
4537.096 387.017
4538.274 397.040
4539.453 397.677
4540.632 392.377
4541.811 366.184
4542.990 407.707
4544.168 401.624
4545.347 396.898
4546.526 378.230
4547.705 385.298
4548.884 404.640
4550.063 392.334
4551.241 373.323
4552.420 384.097
4553.599 430.739
4554.778 382.196
4555.957 352.678
4557.135 416.116
4558.314 392.985
4559.493 373.227
4560.672 407.799
4561.851 377.353
4563.030 378.483
4564.208 376.419
4565.387 356.921
4566.566 391.036
4567.745 389.153
4568.924 383.099
4570.102 366.752
4571.281 346.186
4572.460 381.000
4573.639 375.438
4574.818 363.758
4575.997 371.864
4577.175 399.324
4578.354 374.372
4579.533 379.082
4580.712 402.633
4581.891 363.642
4583.069 360.744
4584.248 404.833
4585.427 404.985
4586.606 404.607
4587.785 383.731
4588.964 394.074
4590.142 395.828
4591.321 351.699
4592.500 363.519
4593.679 379.150
4594.858 361.048
4596.036 343.033
4597.215 322.710
4598.394 366.164
4599.573 390.902
4600.752 339.154
4601.931 348.133
4603.109 358.986
4604.288 348.384
4605.467 366.329
4606.646 378.653
4607.825 371.330
4609.003 401.802
4610.182 365.177
4611.361 385.652
4612.540 324.423
4613.719 353.760
4614.898 386.389
4616.076 354.972
4617.255 361.745
4618.434 394.420
4619.613 353.365
4620.792 382.803
4621.970 384.104
4623.149 345.693
4624.328 362.405
4625.507 376.425
4626.686 327.550
4627.865 381.939
4629.043 390.006
4630.222 363.887
4631.401 364.600
4632.580 376.912
4633.759 387.850
4634.937 363.866
4636.116 342.136
4637.295 383.964
4638.474 354.666
4639.653 331.988
4640.832 338.171
4642.010 349.186
4643.189 384.408
4644.368 379.359
4645.547 339.113
4646.726 387.035
4647.904 377.144
4649.083 373.165
4650.262 376.153
4651.441 381.547
4652.620 374.100
4653.799 364.065
4654.977 397.082
4656.156 393.304
4657.335 393.849
4658.514 382.141
4659.693 438.894
4660.871 461.818
4662.050 422.581
4663.229 422.121
4664.408 369.735
4665.587 373.289
4666.765 341.187
4667.944 324.928
4669.123 388.593
4670.302 389.042
4671.481 414.223
4672.660 394.035
4673.838 363.176
4675.017 396.924
4676.196 384.932
4677.375 373.174
4678.554 377.611
4679.732 366.616
4680.911 366.184
4682.090 383.369
4683.269 429.069
4684.448 409.632
4685.627 435.654
4686.805 459.791
4687.984 467.087
4689.163 488.977
4690.342 470.978
4691.521 459.017
4692.699 424.146
4693.878 349.740
4695.057 389.771
4696.236 401.933
4697.415 362.992
4698.594 345.962
4699.772 350.956
4700.951 405.699
4702.130 344.479
4703.309 380.301
4704.488 386.738
4705.666 404.965
4706.845 392.130
4708.024 353.107
4709.203 352.926
4710.382 397.930
4711.561 390.597
4712.739 449.307
4713.918 525.778
4715.097 562.942
4716.276 472.950
4717.455 429.610
4718.633 400.494
4719.812 369.078
4720.991 368.140
4722.170 351.200
4723.349 363.316
4724.528 345.969
4725.706 354.409
4726.885 342.120
4728.064 396.582
4729.243 360.873
4730.422 346.347
4731.600 350.692
4732.779 352.016
4733.958 347.747
4735.137 334.656
4736.316 378.214
4737.495 372.352
4738.673 360.046
4739.852 397.105
4741.031 371.508
4742.210 430.751
4743.389 514.173
4744.567 426.015
4745.746 350.670
4746.925 335.000
4748.104 370.986
4749.283 399.361
4750.462 353.078
4751.640 355.022
4752.819 400.590
4753.998 362.964
4755.177 359.214
4756.356 358.938
4757.534 364.830
4758.713 371.289
4759.892 361.088
4761.071 363.728
4762.250 353.907
4763.429 369.096
4764.607 347.440
4765.786 327.173
4766.965 320.867
4768.144 345.927
4769.323 364.687
4770.501 346.967
4771.680 318.422
4772.859 414.499
4774.038 400.731
4775.217 383.676
4776.396 344.940
4777.574 338.193
4778.753 356.826
4779.932 349.572
4781.111 335.674
4782.290 340.633
4783.468 314.013
4784.647 351.179
4785.826 352.830
4787.005 350.270
4788.184 365.934
4789.363 341.917
4790.541 356.112
4791.720 367.229
4792.899 350.363
4794.078 350.219
4795.257 368.776
4796.435 330.155
4797.614 331.043
4798.793 368.999
4799.972 349.943
4801.151 349.935
4802.330 375.113
4803.508 355.310
4804.687 344.645
4805.866 342.282
4807.045 320.485
4808.224 359.434
4809.402 361.801
4810.581 335.348
4811.760 346.516
4812.939 369.453
4814.118 338.352
4815.296 346.396
4816.475 363.167
4817.654 368.256
4818.833 377.120
4820.012 391.998
4821.191 353.262
4822.369 367.398
4823.548 342.027
4824.727 363.870
4825.906 401.265
4827.085 343.357
4828.263 376.440
4829.442 376.718
4830.621 401.180
4831.800 406.453
4832.979 357.926
4834.158 385.329
4835.336 371.807
4836.515 364.311
4837.694 371.942
4838.873 376.695
4840.052 372.744
4841.230 347.155
4842.409 354.763
4843.588 356.033
4844.767 342.895
4845.946 370.464
4847.125 360.161
4848.303 321.049
4849.482 331.565
4850.661 332.439
4851.840 317.790
4853.019 328.695
4854.197 315.446
4855.376 351.981
4856.555 343.705
4857.734 317.479
4858.913 325.606
4860.092 362.539
4861.270 462.994
4862.449 3292.169
4863.628 11876.256
4864.807 13194.655
4865.986 6855.305
4867.164 922.036
4868.343 406.815
4869.522 387.392
4870.701 353.338
4871.880 306.515
4873.059 312.830
4874.237 349.187
4875.416 323.595
4876.595 326.386
4877.774 345.622
4878.953 337.470
4880.131 350.407
4881.310 355.052
4882.489 320.427
4883.668 356.256
4884.847 347.569
4886.026 349.330
4887.204 347.078
4888.383 353.679
4889.562 361.073
4890.741 324.736
4891.920 357.777
4893.098 336.721
4894.277 319.424
4895.456 354.554
4896.635 351.611
4897.814 351.595
4898.993 344.369
4900.171 354.524
4901.350 337.024
4902.529 345.874
4903.708 331.154
4904.887 350.473
4906.065 341.047
4907.244 335.559
4908.423 345.560
4909.602 372.597
4910.781 341.189
4911.960 334.882
4913.138 339.595
4914.317 339.062
4915.496 327.302
4916.675 324.712
4917.854 311.850
4919.032 340.061
4920.211 316.302
4921.390 331.819
4922.569 326.666
4923.748 402.166
4924.927 491.592
4926.105 443.563
4927.284 375.013
4928.463 346.833
4929.642 334.953
4930.821 323.366
4931.999 326.737
4933.178 347.735
4934.357 348.689
4935.536 354.722
4936.715 359.579
4937.894 366.114
4939.072 351.680
4940.251 317.043
4941.430 309.556
4942.609 334.406
4943.788 357.549
4944.966 342.294
4946.145 327.543
4947.324 326.430
4948.503 327.131
4949.682 346.064
4950.861 365.632
4952.039 338.994
4953.218 373.538
4954.397 358.163
4955.576 356.183
4956.755 301.757
4957.933 542.413
4959.112 -54.314
4960.291 9303.975
4961.470 24027.188
4962.649 25938.719
4963.828 10677.191
4965.006 706.313
4966.185 597.672
4967.364 383.720
4968.543 433.592
4969.722 400.352
4970.900 376.158
4972.079 351.043
4973.258 368.859
4974.437 368.770
4975.616 351.263
4976.794 336.982
4977.973 372.738
4979.152 350.371
4980.331 342.692
4981.510 338.018
4982.689 341.959
4983.867 303.150
4985.046 352.002
4986.225 361.147
4987.404 411.810
4988.583 413.469
4989.761 443.358
4990.940 418.165
4992.119 409.218
4993.298 379.562
4994.477 376.606
4995.656 375.367
4996.834 351.662
4998.013 375.908
4999.192 370.432
5000.371 352.168
5001.550 347.008
5002.728 387.586
5003.907 350.998
5005.086 518.871
5006.265 40.658
5007.444 4232.935
5008.623 38185.823
5009.801 81773.660
5010.980 64127.916
5012.159 16156.829
5013.338 1136.553
5014.517 556.747
5015.695 370.556
5016.874 400.554
5018.053 563.533
5019.232 627.116
5020.411 510.373
5021.590 364.896
5022.768 313.930
5023.947 331.882
5025.126 335.351
5026.305 335.702
5027.484 322.208
5028.662 321.812
5029.841 300.919
5031.020 299.160
5032.199 311.264
5033.378 348.080
5034.557 319.252
5035.735 302.298
5036.914 333.053
5038.093 317.445
5039.272 298.056
5040.451 286.627
5041.629 299.278
5042.808 337.180
5043.987 300.654
5045.166 320.790
5046.345 357.640
5047.524 289.206
5048.702 300.316
5049.881 349.893
5051.060 342.661
5052.239 308.626
5053.418 282.153
5054.596 288.638
5055.775 317.206
5056.954 323.507
5058.133 321.957
5059.312 347.271
5060.491 314.400
5061.669 314.991
5062.848 313.013
5064.027 309.400
5065.206 312.685
5066.385 303.505
5067.563 301.076
5068.742 298.819
5069.921 308.811
5071.100 308.927
5072.279 296.626
5073.458 300.761
5074.636 308.543
5075.815 298.259
5076.994 313.530
5078.173 326.710
5079.352 281.754
5080.530 275.715
5081.709 313.670
5082.888 267.888
5084.067 286.831
5085.246 286.937
5086.425 265.045
5087.603 284.879
5088.782 321.508
5089.961 329.057
5091.140 288.927
5092.319 280.684
5093.497 318.419
5094.676 315.866
5095.855 308.687
5097.034 303.799
5098.213 288.636
5099.392 287.334
5100.570 305.068
5101.749 282.658
5102.928 279.719
5104.107 307.043
5105.286 261.011
5106.464 282.732
5107.643 260.357
5108.822 290.132
5110.001 286.668
5111.180 275.605
5112.359 282.580
5113.537 278.655
5114.716 288.341
5115.895 276.855
5117.074 272.803
5118.253 297.196
5119.431 286.234
5120.610 287.080
5121.789 296.938
5122.968 293.139
5124.147 281.353
5125.326 266.594
5126.504 279.093
5127.683 295.216
5128.862 294.630
5130.041 281.644
5131.220 301.819
5132.398 304.734
5133.577 279.956
5134.756 304.537
5135.935 282.671
5137.114 285.822
5138.292 295.321
5139.471 305.086
5140.650 299.555
5141.829 312.542
5143.008 286.842
5144.187 300.989
5145.365 304.311
5146.544 299.618
5147.723 291.980
5148.902 281.099
5150.081 276.410
5151.259 286.134
5152.438 281.574
5153.617 274.952
5154.796 281.334
5155.975 260.611
5157.154 262.216
5158.332 283.977
5159.511 287.298
5160.690 300.975
5161.869 306.118
5163.048 290.225
5164.226 298.052
5165.405 271.192
5166.584 279.589
5167.763 263.304
5168.942 243.970
5170.121 273.970
5171.299 262.214
5172.478 263.006
5173.657 236.346
5174.836 252.529
5176.015 262.190
5177.193 282.078
5178.372 311.832
5179.551 288.523
5180.730 289.969
5181.909 268.904
5183.088 270.772
5184.266 246.684
5185.445 239.970
5186.624 290.863
5187.803 304.895
5188.982 290.724
5190.160 278.414
5191.339 287.721
5192.518 246.581
5193.697 278.518
5194.876 274.464
5196.055 336.238
5197.233 677.380
5198.412 805.857
5199.591 802.805
5200.770 619.313
5201.949 488.027
5203.127 369.411
5204.306 328.218
5205.485 272.139
5206.664 269.160
5207.843 272.312
5209.022 272.920
5210.200 284.089
5211.379 289.714
5212.558 264.807
5213.737 267.617
5214.916 303.739
5216.094 277.855
5217.273 280.279
5218.452 304.848
5219.631 287.346
5220.810 250.155
5221.989 269.264
5223.167 297.163
5224.346 294.118
5225.525 311.367
5226.704 268.704
5227.883 264.443
5229.061 247.743
5230.240 271.837
5231.419 276.519
5232.598 275.702
5233.777 267.548
5234.956 251.731
5236.134 266.687
5237.313 279.442
5238.492 287.731
5239.671 301.152
5240.850 290.201
5242.028 288.984
5243.207 283.818
5244.386 262.477
5245.565 269.560
5246.744 247.159
5247.923 252.724
5249.101 305.335
5250.280 289.812
5251.459 272.693
5252.638 268.894
5253.817 271.098
5254.995 304.840
5256.174 300.616
5257.353 329.027
5258.532 281.087
5259.711 275.041
5260.890 293.753
5262.068 276.118
5263.247 266.914
5264.426 251.188
5265.605 224.702
5266.784 224.217
5267.962 245.330
5269.141 247.275
5270.320 227.237
5271.499 279.388
5272.678 277.634
5273.857 294.974
5275.035 279.084
5276.214 323.452
5277.393 281.568
5278.572 237.450
5279.751 254.952
5280.929 293.173
5282.108 250.887
5283.287 245.087
5284.466 260.143
5285.645 263.256
5286.824 257.659
5288.002 255.023
5289.181 262.801
5290.360 260.837
5291.539 266.854
5292.718 252.762
5293.896 244.854
5295.075 288.816
5296.254 262.329
5297.433 271.018
5298.612 297.908
5299.790 250.588
5300.969 253.729
5302.148 285.758
5303.327 268.697
5304.506 288.640
5305.685 284.057
5306.863 269.090
5308.042 290.363
5309.221 298.345
5310.400 272.951
5311.579 269.527
5312.757 269.548
5313.936 295.801
5315.115 287.616
5316.294 250.997
5317.473 264.874
5318.652 273.743
5319.830 271.101
5321.009 257.545
5322.188 281.912
5323.367 271.309
5324.546 276.999
5325.724 262.258
5326.903 229.920
5328.082 283.505
5329.261 345.054
5330.440 410.276
5331.619 376.548
5332.797 277.794
5333.976 239.914
5335.155 270.214
5336.334 278.499
5337.513 267.201
5338.691 256.852
5339.870 251.698
5341.049 268.389
5342.228 270.835
5343.407 275.826
5344.586 281.603
5345.764 229.549
5346.943 262.492
5348.122 269.123
5349.301 246.210
5350.480 272.465
5351.658 272.154
5352.837 234.382
5354.016 228.563
5355.195 289.232
5356.374 281.004
5357.553 240.374
5358.731 253.497
5359.910 250.448
5361.089 250.373
5362.268 236.461
5363.447 204.355
5364.625 234.491
5365.804 262.778
5366.983 261.338
5368.162 250.002
5369.341 225.072
5370.520 251.433
5371.698 263.439
5372.877 255.512
5374.056 248.734
5375.235 248.320
5376.414 227.978
5377.592 246.506
5378.771 246.891
5379.950 244.023
5381.129 230.152
5382.308 217.141
5383.487 213.015
5384.665 248.780
5385.844 271.700
5387.023 249.779
5388.202 256.382
5389.381 259.294
5390.559 254.570
5391.738 258.533
5392.917 237.183
5394.096 229.638
5395.275 256.419
5396.454 273.492
5397.632 222.254
5398.811 253.537
5399.990 254.334
5401.169 248.267
5402.348 242.473
5403.526 234.651
5404.705 238.027
5405.884 214.383
5407.063 198.515
5408.242 219.998
5409.421 239.041
5410.599 232.454
5411.778 228.801
5412.957 245.723
5414.136 243.110
5415.315 218.731
5416.493 255.163
5417.672 248.868
5418.851 243.014
5420.030 243.148
5421.209 242.701
5422.388 262.067
5423.566 232.156
5424.745 233.361
5425.924 238.493
5427.103 222.670
5428.282 230.065
5429.460 247.197
5430.639 237.240
5431.818 246.557
5432.997 237.652
5434.176 229.401
5435.355 271.825
5436.533 295.015
5437.712 293.580
5438.891 235.050
5440.070 213.838
5441.249 261.194
5442.427 241.272
5443.606 236.894
5444.785 235.053
5445.964 238.097
5447.143 240.634
5448.322 236.277
5449.500 233.451
5450.679 259.443
5451.858 264.202
5453.037 230.199
5454.216 232.591
5455.394 231.897
5456.573 220.390
5457.752 241.672
5458.931 233.360
5460.110 231.668
5461.288 225.909
5462.467 238.457
5463.646 226.573
5464.825 240.008
5466.004 214.365
5467.183 224.095
5468.361 223.360
5469.540 211.272
5470.719 232.367
5471.898 234.959
5473.077 235.200
5474.255 228.978
5475.434 210.048
5476.613 201.027
5477.792 227.524
5478.971 235.407
5480.150 232.448
5481.328 245.504
5482.507 205.075
5483.686 218.173
5484.865 234.116
5486.044 230.794
5487.222 190.140
5488.401 224.348
5489.580 206.663
5490.759 220.912
5491.938 224.826
5493.117 237.858
5494.295 221.594
5495.474 208.072
5496.653 229.724
5497.832 242.664
5499.011 221.317
5500.189 222.447
5501.368 253.426
5502.547 247.519
5503.726 244.545
5504.905 224.067
5506.084 214.750
5507.262 230.112
5508.441 232.333
5509.620 243.861
5510.799 236.474
5511.978 241.442
5513.156 226.745
5514.335 253.508
5515.514 231.538
5516.693 218.890
5517.872 238.274
5519.051 214.278
5520.229 233.403
5521.408 265.534
5522.587 245.859
5523.766 242.655
5524.945 243.748
5526.123 246.268
5527.302 247.373
5528.481 235.274
5529.660 235.521
5530.839 211.663
5532.018 231.040
5533.196 236.745
5534.375 236.897
5535.554 217.937
5536.733 194.010
5537.912 215.257
5539.090 223.764
5540.269 242.695
5541.448 274.101
5542.627 264.938
5543.806 257.153
5544.985 255.002
5546.163 245.290
5547.342 242.848
5548.521 230.221
5549.700 226.447
5550.879 213.962
5552.057 202.719
5553.236 199.928
5554.415 222.696
5555.594 221.802
5556.773 235.097
5557.952 232.244
5559.130 206.157
5560.309 219.886
5561.488 242.991
5562.667 262.538
5563.846 300.154
5565.024 300.010
5566.203 255.464
5567.382 238.247
5568.561 248.236
5569.740 249.599
5570.919 227.275
5572.097 204.952
5573.276 248.930
5574.455 236.085
5575.634 2391.422
5576.813 8849.971
5577.991 11723.417
5579.170 6306.083
5580.349 1108.670
5581.528 135.315
5582.707 255.309
5583.886 213.277
5585.064 221.842
5586.243 219.870
5587.422 215.592
5588.601 248.253
5589.780 256.345
5590.958 267.026
5592.137 206.795
5593.316 235.527
5594.495 221.254
5595.674 231.442
5596.853 232.231
5598.031 225.541
5599.210 221.949
5600.389 206.967
5601.568 216.833
5602.747 206.456
5603.925 225.900
5605.104 265.187
5606.283 250.200
5607.462 233.567
5608.641 224.587
5609.820 219.525
5610.998 219.373
5612.177 212.405
5613.356 234.602
5614.535 217.546
5615.714 231.425
5616.892 228.732
5618.071 227.279
5619.250 240.643
5620.429 220.134
5621.608 226.475
5622.786 235.334
5623.965 258.840
5625.144 255.882
5626.323 219.623
5627.502 229.117
5628.681 243.843
5629.859 245.996
5631.038 217.226
5632.217 209.314
5633.396 217.261
5634.575 208.852
5635.753 193.052
5636.932 216.876
5638.111 223.843
5639.290 237.900
5640.469 231.121
5641.648 203.041
5642.826 203.490
5644.005 215.274
5645.184 225.284
5646.363 233.572
5647.542 231.138
5648.720 236.205
5649.899 216.024
5651.078 203.618
5652.257 210.744
5653.436 214.215
5654.615 212.736
5655.793 214.536
5656.972 230.026
5658.151 224.546
5659.330 231.972
5660.509 213.387
5661.687 210.964
5662.866 230.031
5664.045 226.648
5665.224 211.599
5666.403 210.650
5667.582 233.062
5668.760 245.082
5669.939 217.242
5671.118 211.688
5672.297 222.183
5673.476 219.017
5674.654 224.227
5675.833 211.771
5677.012 214.406
5678.191 217.121
5679.370 229.479
5680.549 240.261
5681.727 244.308
5682.906 229.826
5684.085 224.166
5685.264 248.634
5686.443 249.388
5687.621 234.068
5688.800 234.548
5689.979 227.637
5691.158 252.901
5692.337 234.995
5693.516 222.224
5694.694 230.749
5695.873 223.770
5697.052 234.319
5698.231 216.018
5699.410 194.754
5700.588 230.658
5701.767 256.095
5702.946 237.751
5704.125 222.634
5705.304 219.993
5706.483 213.486
5707.661 208.643
5708.840 222.294
5710.019 235.234
5711.198 220.187
5712.377 229.710
5713.555 194.183
5714.734 222.642
5715.913 212.990
5717.092 232.052
5718.271 205.724
5719.450 205.319
5720.628 237.801
5721.807 235.363
5722.986 230.570
5724.165 217.676
5725.344 211.989
5726.522 228.812
5727.701 247.729
5728.880 249.357
5730.059 212.964
5731.238 221.003
5732.417 216.148
5733.595 215.645
5734.774 226.144
5735.953 230.475
5737.132 222.823
5738.311 208.837
5739.489 198.005
5740.668 206.446
5741.847 204.422
5743.026 210.209
5744.205 222.354
5745.384 213.496
5746.562 205.222
5747.741 215.783
5748.920 218.225
5750.099 216.295
5751.278 228.754
5752.456 202.167
5753.635 219.002
5754.814 214.781
5755.993 226.592
5757.172 236.165
5758.351 210.771
5759.529 221.745
5760.708 236.940
5761.887 197.859
5763.066 204.848
5764.245 224.972
5765.423 227.394
5766.602 233.590
5767.781 224.712
5768.960 237.654
5770.139 202.146
5771.318 204.486
5772.496 229.046
5773.675 197.246
5774.854 210.178
5776.033 211.711
5777.212 195.827
5778.390 200.109
5779.569 206.621
5780.748 197.324
5781.927 218.078
5783.106 227.604
5784.284 196.593
5785.463 193.003
5786.642 208.056
5787.821 215.026
5789.000 228.403
5790.179 220.095
5791.357 207.244
5792.536 219.510
5793.715 206.785
5794.894 196.920
5796.073 211.658
5797.251 216.892
5798.430 214.586
5799.609 213.596
5800.788 220.475
5801.967 213.493
5803.146 226.740
5804.324 229.545
5805.503 203.083
5806.682 221.671
5807.861 235.061
5809.040 219.880
5810.218 224.633
5811.397 175.481
5812.576 213.004
5813.755 224.100
5814.934 217.945
5816.113 213.813
5817.291 237.175
5818.470 225.266
5819.649 215.437
5820.828 219.904
5822.007 209.919
5823.185 207.427
5824.364 208.189
5825.543 207.760
5826.722 226.868
5827.901 224.384
5829.080 224.796
5830.258 209.847
5831.437 214.612
5832.616 226.254
5833.795 204.234
5834.974 226.254
5836.152 222.959
5837.331 195.759
5838.510 198.538
5839.689 213.338
5840.868 207.561
5842.047 222.429
5843.225 209.152
5844.404 185.366
5845.583 214.963
5846.762 195.841
5847.941 213.185
5849.119 204.843
5850.298 206.961
5851.477 211.291
5852.656 229.548
5853.835 208.148
5855.014 211.388
5856.192 211.423
5857.371 204.154
5858.550 202.818
5859.729 193.057
5860.908 201.097
5862.086 210.209
5863.265 222.345
5864.444 258.620
5865.623 301.519
5866.802 379.994
5867.981 348.251
5869.159 329.414
5870.338 247.683
5871.517 236.738
5872.696 234.659
5873.875 229.533
5875.053 206.118
5876.232 233.031
5877.411 573.592
5878.590 1006.364
5879.769 1065.958
5880.948 689.744
5882.126 311.711
5883.305 229.392
5884.484 225.162
5885.663 229.889
5886.842 272.630
5888.020 599.866
5889.199 1255.279
5890.378 1373.266
5891.557 908.376
5892.736 414.821
5893.915 430.449
5895.093 752.960
5896.272 953.775
5897.451 685.198
5898.630 314.042
5899.809 223.076
5900.987 214.350
5902.166 220.780
5903.345 231.643
5904.524 222.519
5905.703 238.751
5906.882 257.989
5908.060 261.818
5909.239 239.364
5910.418 207.097
5911.597 214.006
5912.776 212.579
5913.954 284.747
5915.133 338.800
5916.312 333.042
5917.491 292.082
5918.670 241.391
5919.849 226.585
5921.027 212.092
5922.206 209.238
5923.385 240.819
5924.564 252.036
5925.743 246.814
5926.921 232.590
5928.100 195.397
5929.279 238.973
5930.458 237.028
5931.637 308.933
5932.815 338.208
5933.994 335.875
5935.173 285.640
5936.352 202.449
5937.531 197.336
5938.710 203.856
5939.888 205.202
5941.067 199.918
5942.246 197.766
5943.425 220.901
5944.604 245.470
5945.782 239.327
5946.961 246.409
5948.140 222.866
5949.319 215.191
5950.498 200.410
5951.677 244.956
5952.855 318.381
5954.034 315.679
5955.213 263.077
5956.392 214.044
5957.571 229.489
5958.749 247.619
5959.928 238.538
5961.107 219.997
5962.286 192.922
5963.465 188.233
5964.644 217.337
5965.822 207.681
5967.001 210.660
5968.180 218.636
5969.359 217.517
5970.538 232.220
5971.716 243.886
5972.895 243.870
5974.074 243.853
