3561.035 1613.359
3562.213 1441.602
3563.392 1782.129
3564.571 1358.897
3565.750 1423.850
3566.929 1731.078
3568.108 1776.690
3569.286 1531.144
3570.465 1363.740
3571.644 1517.538
3572.823 1263.890
3574.002 1241.616
3575.180 1548.671
3576.359 1150.432
3577.538 1296.886
3578.717 1631.045
3579.896 1319.100
3581.075 1017.620
3582.253 1047.105
3583.432 1494.476
3584.611 1270.654
3585.790 1033.609
3586.969 946.475
3588.147 1405.534
3589.326 1479.617
3590.505 1880.149
3591.684 864.649
3592.863 1032.576
3594.042 1293.316
3595.220 1352.789
3596.399 1157.029
3597.578 1509.221
3598.757 1268.396
3599.936 1733.221
3601.114 1251.272
3602.293 1088.458
3603.472 1394.351
3604.651 1224.967
3605.830 1619.652
3607.009 1308.448
3608.187 1540.686
3609.366 1504.775
3610.545 1524.624
3611.724 1046.704
3612.903 1615.153
3614.081 1086.247
3615.260 1918.908
3616.439 1818.218
3617.618 2357.071
3618.797 1635.929
3619.976 1569.315
3621.154 1686.011
3622.333 1428.516
3623.512 1505.053
3624.691 1587.099
3625.870 1925.218
3627.048 1341.073
3628.227 1545.715
3629.406 1834.419
3630.585 1676.745
3631.764 1794.255
3632.943 1820.039
3634.121 1717.988
3635.300 1880.436
3636.479 2008.273
3637.658 2248.636
3638.837 1733.492
3640.015 1879.104
3641.194 1747.118
3642.373 1799.323
3643.552 1770.010
3644.731 1536.292
3645.910 1738.047
3647.088 1508.078
3648.267 1441.036
3649.446 1706.247
3650.625 1851.810
3651.804 1375.968
3652.982 1263.364
3654.161 1418.188
3655.340 1527.891
3656.519 924.275
3657.698 1216.029
3658.877 1561.033
3660.055 1616.834
3661.234 1592.637
3662.413 1610.848
3663.592 1143.152
3664.771 1726.775
3665.949 1381.034
3667.128 1126.347
3668.307 1488.640
3669.486 1460.276
3670.665 1268.036
3671.844 1225.999
3673.022 1158.114
3674.201 1376.162
3675.380 958.751
3676.559 821.917
3677.738 1283.771
3678.916 1150.325
3680.095 1388.862
3681.274 1213.311
3682.453 1172.773
3683.632 1070.407
3684.811 1389.562
3685.989 1392.920
3687.168 724.341
3688.347 1403.737
3689.526 1589.442
3690.705 1172.797
3691.883 842.025
3693.062 1379.570
3694.241 1728.491
3695.420 1206.740
3696.599 859.404
3697.777 1386.849
3698.956 1842.582
3700.135 1983.659
3701.314 1453.227
3702.493 988.499
3703.672 1084.750
3704.850 1427.133
3706.029 2379.111
3707.208 2355.956
3708.387 1245.309
3709.566 1225.627
3710.744 1177.340
3711.923 946.400
3713.102 1630.059
3714.281 2098.416
3715.460 1958.378
3716.639 950.933
3717.817 687.962
3718.996 713.922
3720.175 719.872
3721.354 892.233
3722.533 1471.330
3723.711 2767.382
3724.890 3329.889
3726.069 3032.821
3727.248 12809.796
3728.427 23076.172
3729.606 26885.706
3730.784 32794.106
3731.963 28777.480
3733.142 11679.093
3734.321 1243.483
3735.500 2138.465
3736.678 2906.297
3737.857 2491.967
3739.036 1386.526
3740.215 1297.644
3741.394 1133.837
3742.573 1288.667
3743.751 1156.212
3744.930 923.249
3746.109 930.868
3747.288 1016.774
3748.467 715.843
3749.645 593.209
3750.824 1502.048
3752.003 2804.943
3753.182 3234.479
3754.361 1736.575
3755.540 1106.486
3756.718 999.047
3757.897 1057.689
3759.076 899.345
3760.255 1037.562
3761.434 752.380
3762.612 1023.944
3763.791 805.478
3764.970 675.662
3766.149 830.576
3767.328 879.985
3768.507 750.980
3769.685 770.495
3770.864 1017.001
3772.043 2737.873
3773.222 3371.579
3774.401 2560.604
3775.579 1156.864
3776.758 724.183
3777.937 1017.699
3779.116 1038.441
3780.295 906.279
3781.474 917.542
3782.652 832.568
3783.831 844.255
3785.010 891.821
3786.189 1052.476
3787.368 856.324
3788.546 880.695
3789.725 857.777
3790.904 908.104
3792.083 918.657
3793.262 895.842
3794.441 976.558
3795.619 800.379
3796.798 882.715
3797.977 1038.123
3799.156 2678.552
3800.335 4290.397
3801.513 3577.341
3802.692 1308.951
3803.871 691.623
3805.050 805.131
3806.229 864.835
3807.408 867.731
3808.586 886.094
3809.765 857.077
3810.944 791.516
3812.123 959.663
3813.302 867.987
3814.480 869.214
3815.659 888.961
3816.838 877.359
3818.017 903.986
3819.196 918.184
3820.375 992.605
3821.553 1475.255
3822.732 1384.793
3823.911 968.943
3825.090 701.950
3826.269 745.355
3827.447 810.424
3828.626 1000.416
3829.805 916.450
3830.984 1055.957
3832.163 924.578
3833.342 865.864
3834.520 1038.672
3835.699 1450.114
3836.878 4474.338
3838.057 5741.471
3839.236 3659.825
3840.414 1144.901
3841.593 907.221
3842.772 791.875
3843.951 869.879
3845.130 882.426
3846.309 1024.660
3847.487 765.136
3848.666 769.076
3849.845 991.804
3851.024 789.491
3852.203 863.826
3853.381 796.270
3854.560 714.127
3855.739 916.117
3856.918 812.626
3858.097 780.857
3859.275 756.751
3860.454 797.458
3861.633 767.744
3862.812 715.585
3863.991 838.446
3865.170 776.903
3866.348 847.235
3867.527 865.438
3868.706 2426.939
3869.885 14106.102
3871.064 30382.469
3872.242 23656.902
3873.421 5791.222
3874.600 663.675
3875.779 883.756
3876.958 746.452
3878.137 707.986
3879.315 622.891
3880.494 647.264
3881.673 672.131
3882.852 729.606
3884.031 790.232
3885.209 671.730
3886.388 711.186
3887.567 618.843
3888.746 1352.249
3889.925 5538.156
3891.104 12299.321
3892.282 10341.479
3893.461 3336.193
3894.640 575.892
3895.819 715.876
3896.998 693.734
3898.176 682.653
3899.355 742.353
3900.534 640.729
3901.713 717.283
3902.892 679.461
3904.071 764.077
3905.249 776.227
3906.428 904.846
3907.607 846.375
3908.786 835.075
3909.965 858.864
3911.143 925.827
3912.322 853.240
3913.501 885.963
3914.680 792.248
3915.859 642.513
3917.038 729.487
3918.216 731.404
3919.395 696.985
3920.574 627.292
3921.753 565.159
3922.932 771.527
3924.110 710.473
3925.289 738.351
3926.468 581.026
3927.647 647.302
3928.826 687.236
3930.005 637.540
3931.183 597.895
3932.362 590.124
3933.541 531.826
3934.720 528.735
3935.899 549.837
3937.077 614.649
3938.256 578.497
3939.435 687.763
3940.614 762.826
3941.793 738.748
3942.972 765.208
3944.150 654.979
3945.329 708.700
3946.508 911.577
3947.687 1043.914
3948.866 870.340
3950.044 842.765
3951.223 737.049
3952.402 711.629
3953.581 724.228
3954.760 742.299
3955.939 676.533
3957.117 706.558
3958.296 646.190
3959.475 640.533
3960.654 659.721
3961.833 609.491
3963.011 678.028
3964.190 549.196
3965.369 584.711
3966.548 988.443
3967.727 1625.627
3968.906 5241.835
3970.084 7922.824
3971.263 9129.065
3972.442 9533.058
3973.621 7299.273
3974.800 2085.329
3975.978 608.592
3977.157 608.780
3978.336 678.208
3979.515 703.434
3980.694 644.405
3981.873 615.404
3983.051 666.312
3984.230 638.276
3985.409 597.571
3986.588 534.198
3987.767 626.833
3988.945 615.096
3990.124 614.752
3991.303 702.480
3992.482 541.880
3993.661 752.553
3994.840 552.042
3996.018 601.154
3997.197 528.630
3998.376 696.644
3999.555 689.737
4000.734 632.528
4001.912 644.354
4003.091 582.669
4004.270 602.512
4005.449 662.480
4006.628 623.461
4007.807 688.648
4008.985 690.320
4010.164 687.651
4011.343 739.295
4012.522 733.419
4013.701 687.228
4014.879 766.906
4016.058 636.317
4017.237 603.335
4018.416 703.690
4019.595 583.902
4020.773 633.895
4021.952 681.813
4023.131 614.489
4024.310 562.890
4025.489 636.502
4026.668 866.174
4027.846 1301.341
4029.025 1519.933
4030.204 1058.733
4031.383 618.906
4032.562 551.883
4033.740 644.458
4034.919 626.530
4036.098 591.225
4037.277 616.751
4038.456 714.197
4039.635 638.760
4040.813 620.745
4041.992 672.044
4043.171 716.423
4044.350 700.486
4045.529 702.665
4046.707 678.832
4047.886 749.368
4049.065 525.344
4050.244 673.791
4051.423 721.815
4052.602 538.093
4053.780 601.462
4054.959 538.604
4056.138 559.662
4057.317 614.802
4058.496 660.972
4059.674 654.188
4060.853 677.673
4062.032 583.141
4063.211 630.041
4064.390 679.688
4065.569 676.328
4066.747 721.772
4067.926 662.703
4069.105 653.478
4070.284 862.053
4071.463 1027.561
4072.641 837.924
4073.820 635.280
4074.999 633.655
4076.178 632.390
4077.357 684.511
4078.536 702.750
4079.714 717.682
4080.893 651.897
4082.072 527.886
4083.251 622.587
4084.430 607.301
4085.608 598.904
4086.787 623.170
4087.966 609.025
4089.145 618.669
4090.324 521.795
4091.503 499.191
4092.681 573.735
4093.860 584.159
4095.039 554.636
4096.218 592.327
4097.397 559.500
4098.575 579.247
4099.754 524.575
4100.933 731.304
4102.112 1587.018
4103.291 7878.056
4104.470 11345.058
4105.648 8080.749
4106.827 1451.130
4108.006 553.072
4109.185 522.135
4110.364 546.848
4111.542 510.184
4112.721 463.252
4113.900 487.304
4115.079 531.396
4116.258 599.927
4117.437 571.617
4118.615 430.739
4119.794 504.268
4120.973 584.600
4122.152 590.166
4123.331 599.318
4124.509 606.869
4125.688 523.683
4126.867 534.884
4128.046 575.916
4129.225 592.460
4130.404 556.847
4131.582 582.581
4132.761 566.511
4133.940 619.312
4135.119 535.194
4136.298 510.288
4137.476 530.489
4138.655 557.228
4139.834 500.892
4141.013 512.700
4142.192 508.860
4143.371 523.611
4144.549 539.787
4145.728 621.346
4146.907 649.691
4148.086 567.190
4149.265 524.352
4150.443 502.160
4151.622 525.005
4152.801 499.930
4153.980 455.465
4155.159 566.918
4156.338 518.381
4157.516 568.004
4158.695 514.463
4159.874 554.927
4161.053 492.119
4162.232 463.031
4163.410 497.378
4164.589 563.581
4165.768 584.844
4166.947 521.549
4168.126 501.751
4169.305 615.350
4170.483 610.671
4171.662 531.861
4172.841 583.383
4174.020 523.636
4175.199 452.334
4176.377 502.464
4177.556 475.255
4178.735 521.435
4179.914 497.702
4181.093 438.433
4182.271 461.570
4183.450 461.548
4184.629 502.471
4185.808 526.224
4186.987 535.052
4188.166 469.863
4189.344 445.412
4190.523 460.164
4191.702 473.817
4192.881 443.882
4194.060 437.290
4195.238 512.280
4196.417 524.139
4197.596 455.180
4198.775 435.451
4199.954 472.538
4201.133 440.625
4202.311 399.208
4203.490 407.311
4204.669 375.594
4205.848 450.033
4207.027 485.115
4208.205 515.703
4209.384 453.914
4210.563 396.481
4211.742 455.889
4212.921 439.456
4214.100 434.678
4215.278 441.366
4216.457 462.858
4217.636 437.668
4218.815 432.914
4219.994 415.093
4221.172 418.048
4222.351 487.128
4223.530 428.264
4224.709 431.344
4225.888 367.804
4227.067 392.896
4228.245 385.964
4229.424 420.371
4230.603 468.292
4231.782 409.870
4232.961 441.741
4234.139 414.722
4235.318 383.230
4236.497 461.454
4237.676 508.945
4238.855 487.116
4240.034 508.133
4241.212 463.579
4242.391 483.499
4243.570 453.934
4244.749 472.716
4245.928 459.977
4247.106 504.312
4248.285 428.971
4249.464 428.893
4250.643 424.136
4251.822 440.451
4253.001 472.500
4254.179 443.200
4255.358 412.196
4256.537 426.263
4257.716 487.438
4258.895 421.667
4260.073 437.398
4261.252 467.183
4262.431 475.785
4263.610 458.075
4264.789 490.274
4265.968 438.864
4267.146 407.551
4268.325 446.748
4269.504 459.330
4270.683 408.719
4271.862 402.986
4273.040 383.676
4274.219 435.184
4275.398 448.403
4276.577 424.813
4277.756 446.486
4278.935 385.068
4280.113 386.982
4281.292 447.860
4282.471 403.508
4283.650 414.594
4284.829 421.469
4286.007 446.593
4287.186 414.448
4288.365 423.755
4289.544 384.279
4290.723 408.874
4291.902 401.142
4293.080 406.886
4294.259 422.144
4295.438 385.007
4296.617 413.456
4297.796 412.206
4298.974 447.243
4300.153 405.665
4301.332 376.023
4302.511 399.576
4303.690 344.776
4304.869 379.550
4306.047 413.196
4307.226 396.653
4308.405 388.312
4309.584 349.605
4310.763 333.168
4311.941 405.009
4313.120 426.558
4314.299 413.654
4315.478 400.920
4316.657 396.834
4317.836 425.738
4319.014 407.848
4320.193 430.215
4321.372 409.728
4322.551 405.089
4323.730 387.997
4324.908 375.759
4326.087 368.219
4327.266 379.703
4328.445 362.042
4329.624 406.816
4330.803 401.261
4331.981 409.172
4333.160 377.266
4334.339 393.481
4335.518 408.232
4336.697 419.755
4337.875 340.870
4339.054 419.366
4340.233 541.436
4341.412 4327.527
4342.591 12657.610
4343.769 14666.724
4344.948 7240.246
4346.127 623.974
4347.306 474.429
4348.485 339.311
4349.664 389.203
4350.842 426.086
4352.021 406.516
4353.200 368.419
4354.379 360.828
4355.558 367.269
4356.736 334.131
4357.915 394.895
4359.094 391.208
4360.273 348.498
4361.452 394.067
4362.631 443.139
4363.809 703.404
4364.988 2287.932
4366.167 3251.500
4367.346 2125.875
4368.525 821.819
4369.703 476.308
4370.882 396.489
4372.061 344.058
4373.240 345.376
4374.419 304.079
4375.598 341.263
4376.776 403.960
4377.955 382.312
4379.134 351.676
4380.313 355.874
4381.492 340.357
4382.670 347.357
4383.849 360.600
4385.028 296.636
4386.207 318.053
4387.386 324.523
4388.565 378.389
4389.743 442.279
4390.922 481.676
4392.101 402.088
4393.280 351.025
4394.459 360.063
4395.637 372.946
4396.816 336.826
4397.995 339.502
4399.174 313.516
4400.353 358.532
4401.532 320.339
4402.710 374.144
4403.889 387.347
4405.068 399.348
4406.247 387.246
4407.426 394.562
4408.604 391.098
4409.783 364.378
4410.962 366.737
4412.141 404.225
4413.320 356.900
4414.499 366.122
4415.677 401.708
4416.856 387.064
4418.035 428.652
4419.214 451.475
4420.393 393.396
4421.571 384.674
4422.750 369.725
4423.929 387.229
4425.108 376.092
4426.287 407.281
4427.466 386.444
4428.644 377.867
4429.823 365.129
4431.002 342.438
4432.181 390.004
4433.360 399.259
4434.538 361.808
4435.717 358.762
4436.896 347.099
4438.075 345.120
4439.254 366.680
4440.433 398.280
4441.611 359.305
4442.790 338.912
4443.969 328.052
4445.148 348.133
4446.327 317.862
4447.505 367.962
4448.684 337.395
4449.863 346.868
4451.042 339.393
4452.221 321.460
4453.400 360.274
4454.578 359.644
4455.757 327.912
4456.936 329.401
4458.115 343.630
4459.294 381.814
4460.472 354.001
4461.651 316.879
4462.830 364.562
4464.009 341.856
4465.188 348.398
4466.367 331.278
4467.545 353.789
4468.724 354.666
4469.903 371.428
4471.082 347.413
4472.261 467.260
4473.439 1132.111
4474.618 1469.841
4475.797 1029.348
4476.976 407.215
4478.155 346.336
4479.334 339.263
4480.512 341.845
4481.691 315.518
4482.870 359.321
4484.049 354.491
4485.228 363.765
4486.406 323.695
4487.585 353.739
4488.764 385.342
4489.943 332.124
4491.122 306.029
4492.301 339.452
4493.479 324.130
4494.658 345.851
4495.837 306.080
4497.016 332.379
4498.195 339.043
4499.373 299.733
4500.552 344.063
4501.731 331.668
4502.910 303.877
4504.089 332.400
4505.267 338.801
4506.446 366.863
4507.625 341.663
4508.804 312.415
4509.983 337.504
4511.162 332.979
4512.340 339.244
4513.519 331.676
4514.698 336.798
4515.877 365.179
4517.056 344.479
4518.234 338.030
4519.413 324.870
4520.592 327.260
4521.771 345.127
4522.950 368.094
4524.129 371.745
4525.307 334.632
4526.486 346.152
4527.665 323.429
4528.844 328.482
4530.023 323.543
4531.201 352.720
4532.380 348.962
4533.559 339.185
4534.738 306.732
4535.917 355.829
4537.096 389.303
4538.274 353.197
4539.453 361.186
4540.632 355.368
4541.811 382.906
4542.990 371.603
4544.168 367.766
4545.347 334.831
4546.526 331.601
4547.705 329.901
4548.884 342.166
4550.063 342.247
4551.241 345.630
4552.420 369.934
4553.599 338.684
4554.778 334.255
4555.957 334.456
4557.135 318.527
4558.314 345.449
4559.493 360.385
4560.672 359.979
4561.851 330.073
4563.030 313.414
4564.208 341.049
4565.387 402.282
4566.566 373.419
4567.745 333.540
4568.924 350.989
4570.102 371.594
4571.281 323.291
4572.460 308.056
4573.639 347.771
4574.818 367.052
4575.997 360.538
4577.175 349.230
4578.354 330.513
4579.533 319.574
4580.712 360.809
4581.891 333.560
4583.069 325.962
4584.248 356.198
4585.427 331.585
4586.606 323.352
4587.785 309.895
4588.964 314.768
4590.142 337.878
4591.321 304.407
4592.500 291.591
4593.679 323.283
4594.858 290.206
4596.036 294.975
4597.215 309.202
4598.394 303.129
4599.573 314.928
4600.752 326.913
4601.931 304.817
4603.109 355.610
4604.288 338.214
4605.467 326.232
4606.646 307.969
4607.825 304.412
4609.003 345.498
4610.182 330.275
4611.361 312.010
4612.540 331.140
4613.719 328.668
4614.898 318.426
4616.076 326.114
4617.255 322.857
4618.434 315.692
4619.613 322.978
4620.792 312.123
4621.970 296.483
4623.149 304.109
4624.328 309.849
4625.507 333.781
4626.686 313.988
4627.865 352.506
4629.043 340.677
4630.222 358.563
4631.401 315.024
4632.580 317.874
4633.759 324.617
4634.937 338.170
4636.116 312.739
4637.295 299.026
4638.474 305.334
4639.653 306.688
4640.832 313.938
4642.010 367.779
4643.189 371.019
4644.368 357.173
4645.547 307.802
4646.726 307.876
4647.904 324.919
4649.083 331.340
4650.262 345.316
4651.441 325.830
4652.620 357.093
4653.799 373.500
4654.977 359.810
4656.156 348.810
4657.335 356.106
4658.514 336.597
4659.693 395.515
4660.871 449.500
4662.050 429.760
4663.229 387.646
4664.408 352.744
4665.587 354.568
4666.765 339.064
4667.944 300.941
4669.123 314.438
4670.302 340.437
4671.481 353.306
4672.660 365.982
4673.838 353.781
4675.017 359.921
4676.196 361.691
4677.375 378.243
4678.554 366.173
4679.732 339.526
4680.911 357.448
4682.090 333.621
4683.269 359.713
4684.448 364.420
4685.627 350.742
4686.805 405.686
4687.984 476.471
4689.163 482.910
4690.342 443.047
4691.521 385.439
4692.699 354.549
4693.878 321.339
4695.057 339.836
4696.236 322.593
4697.415 339.111
4698.594 347.683
4699.772 317.939
4700.951 338.771
4702.130 338.637
4703.309 344.564
4704.488 328.563
4705.666 337.128
4706.845 349.401
4708.024 327.815
4709.203 333.891
4710.382 327.078
4711.561 369.837
4712.739 471.189
4713.918 749.224
4715.097 811.528
4716.276 626.860
4717.455 424.819
4718.633 371.747
4719.812 313.969
4720.991 338.777
4722.170 357.369
4723.349 341.155
4724.528 345.697
4725.706 374.231
4726.885 340.418
4728.064 319.525
4729.243 329.440
4730.422 298.383
4731.600 304.283
4732.779 311.210
4733.958 299.936
4735.137 311.529
4736.316 347.801
4737.495 327.707
4738.673 335.328
4739.852 349.328
4741.031 360.406
4742.210 519.963
4743.389 675.309
4744.567 527.866
4745.746 341.569
4746.925 360.058
4748.104 335.426
4749.283 312.788
4750.462 308.431
4751.640 319.642
4752.819 309.575
4753.998 328.440
4755.177 315.223
4756.356 335.398
4757.534 326.094
4758.713 332.374
4759.892 326.760
4761.071 345.082
4762.250 293.970
4763.429 334.195
4764.607 315.475
4765.786 335.299
4766.965 281.776
4768.144 283.316
4769.323 316.230
4770.501 350.122
4771.680 350.361
4772.859 363.775
4774.038 387.586
4775.217 320.219
4776.396 304.275
4777.574 325.261
4778.753 317.231
4779.932 338.157
4781.111 289.069
4782.290 339.112
4783.468 358.692
4784.647 324.234
4785.826 318.141
4787.005 326.996
4788.184 312.943
4789.363 318.274
4790.541 321.912
4791.720 337.759
4792.899 323.146
4794.078 342.271
4795.257 350.067
4796.435 317.745
4797.614 338.960
4798.793 328.382
4799.972 319.763
4801.151 335.990
4802.330 322.768
4803.508 337.080
4804.687 327.660
4805.866 302.945
4807.045 323.039
4808.224 310.531
4809.402 322.995
4810.581 320.021
4811.760 301.170
4812.939 300.568
4814.118 309.497
4815.296 331.100
4816.475 354.357
4817.654 360.375
4818.833 289.260
4820.012 344.085
4821.191 300.057
4822.369 335.292
4823.548 338.006
4824.727 320.312
4825.906 327.576
4827.085 311.951
4828.263 358.676
4829.442 374.376
4830.621 348.966
4831.800 340.816
4832.979 347.145
4834.158 321.864
4835.336 360.491
4836.515 351.193
4837.694 352.008
4838.873 326.450
4840.052 320.604
4841.230 347.492
4842.409 356.219
4843.588 353.849
4844.767 332.375
4845.946 322.105
4847.125 312.498
4848.303 299.763
4849.482 310.002
4850.661 321.665
4851.840 303.983
4853.019 321.610
4854.197 322.535
4855.376 316.118
4856.555 292.830
4857.734 319.231
4858.913 323.388
4860.092 327.930
4861.270 648.838
4862.449 6341.419
4863.628 24404.190
4864.807 27323.934
4865.986 13464.340
4867.164 1346.048
4868.343 284.742
4869.522 402.082
4870.701 348.748
4871.880 313.956
4873.059 284.176
4874.237 322.334
4875.416 323.140
4876.595 326.455
4877.774 305.319
4878.953 326.095
4880.131 342.530
4881.310 353.427
4882.489 350.479
4883.668 346.146
4884.847 326.616
4886.026 338.758
4887.204 357.400
4888.383 339.784
4889.562 319.189
4890.741 323.930
4891.920 354.337
4893.098 336.294
4894.277 325.415
4895.456 307.656
4896.635 325.440
4897.814 321.070
4898.993 327.278
4900.171 291.713
4901.350 316.636
4902.529 309.369
4903.708 315.052
4904.887 337.604
4906.065 352.699
4907.244 342.946
4908.423 348.620
4909.602 334.403
4910.781 327.871
4911.960 303.969
4913.138 329.153
4914.317 345.298
4915.496 346.141
4916.675 329.748
4917.854 311.544
4919.032 321.934
4920.211 330.581
4921.390 306.831
4922.569 314.830
4923.748 476.988
4924.927 614.455
4926.105 520.821
4927.284 386.041
4928.463 343.222
4929.642 337.287
4930.821 344.941
4931.999 345.427
4933.178 364.074
4934.357 350.325
4935.536 313.957
4936.715 343.369
4937.894 348.306
4939.072 316.996
4940.251 327.218
4941.430 344.791
4942.609 353.437
4943.788 373.544
4944.966 357.909
4946.145 328.826
4947.324 356.715
4948.503 328.575
4949.682 354.483
4950.861 359.192
4952.039 353.413
4953.218 382.081
4954.397 369.691
4955.576 397.868
4956.755 236.955
4957.933 858.769
4959.112 -668.783
4960.291 19407.562
4961.470 50490.682
4962.649 53429.474
4963.828 22118.199
4965.006 -207.717
4966.185 1026.578
4967.364 329.320
4968.543 485.254
4969.722 401.919
4970.900 368.431
4972.079 356.340
4973.258 369.272
4974.437 340.403
4975.616 397.748
4976.794 358.825
4977.973 367.306
4979.152 373.265
4980.331 352.917
4981.510 394.611
4982.689 371.993
4983.867 345.820
4985.046 359.556
4986.225 366.216
4987.404 462.045
4988.583 529.334
4989.761 583.429
4990.940 467.468
4992.119 386.603
4993.298 403.630
4994.477 390.718
4995.656 373.834
4996.834 381.451
4998.013 392.327
4999.192 380.469
5000.371 396.020
5001.550 399.639
5002.728 431.757
5003.907 326.723
5005.086 881.306
5006.265 -725.749
5007.444 9174.947
5008.623 80554.703
5009.801 171032.289
5010.980 138080.448
5012.159 27292.764
5013.338 1732.695
5014.517 598.938
5015.695 448.874
5016.874 520.665
5018.053 860.112
5019.232 952.378
5020.411 671.409
5021.590 448.472
5022.768 367.233
5023.947 350.976
5025.126 349.406
5026.305 347.625
5027.484 363.380
5028.662 350.772
5029.841 329.903
5031.020 341.075
5032.199 367.665
5033.378 375.400
5034.557 340.620
5035.735 316.334
5036.914 332.250
5038.093 336.560
5039.272 318.999
5040.451 318.645
5041.629 321.730
5042.808 326.708
5043.987 334.674
5045.166 335.465
5046.345 329.311
5047.524 317.833
5048.702 300.564
5049.881 315.608
5051.060 357.830
5052.239 307.619
5053.418 326.597
5054.596 304.101
5055.775 299.255
5056.954 303.961
5058.133 298.337
5059.312 278.959
5060.491 299.356
5061.669 299.395
5062.848 315.697
5064.027 303.770
5065.206 275.005
5066.385 289.233
5067.563 292.547
5068.742 328.807
5069.921 304.953
5071.100 276.260
5072.279 296.149
5073.458 301.430
5074.636 284.853
5075.815 271.055
5076.994 300.421
5078.173 298.684
5079.352 321.433
5080.530 293.834
5081.709 276.464
5082.888 288.040
5084.067 282.927
5085.246 287.364
5086.425 250.953
5087.603 289.009
5088.782 305.479
5089.961 294.593
5091.140 310.527
5092.319 305.773
5093.497 280.760
5094.676 278.768
5095.855 281.529
5097.034 279.772
5098.213 284.914
5099.392 266.970
5100.570 259.934
5101.749 281.851
5102.928 298.322
5104.107 295.690
5105.286 273.991
5106.464 283.920
5107.643 286.256
5108.822 256.739
5110.001 278.447
5111.180 282.464
5112.359 281.213
5113.537 301.081
5114.716 288.464
5115.895 286.826
5117.074 274.088
5118.253 275.586
5119.431 281.696
5120.610 265.547
5121.789 265.712
5122.968 282.411
5124.147 263.514
5125.326 245.154
5126.504 241.000
5127.683 248.737
5128.862 283.153
5130.041 266.715
5131.220 261.250
5132.398 283.599
5133.577 271.312
5134.756 273.645
5135.935 261.963
5137.114 295.384
5138.292 277.210
5139.471 268.853
5140.650 266.772
5141.829 282.777
5143.008 262.506
5144.187 267.079
5145.365 252.384
5146.544 254.964
5147.723 272.049
5148.902 289.387
5150.081 286.593
5151.259 278.043
5152.438 294.859
5153.617 298.192
5154.796 263.554
5155.975 251.618
5157.154 280.631
5158.332 291.367
5159.511 301.135
5160.690 323.077
5161.869 315.792
5163.048 264.633
5164.226 269.925
5165.405 232.468
5166.584 254.963
5167.763 232.086
5168.942 249.356
5170.121 242.275
5171.299 222.958
5172.478 221.217
5173.657 253.348
5174.836 252.981
5176.015 253.576
5177.193 294.354
5178.372 262.538
5179.551 262.320
5180.730 280.129
5181.909 232.183
5183.088 256.305
5184.266 261.291
5185.445 231.278
5186.624 283.370
5187.803 289.109
5188.982 304.853
5190.160 251.552
5191.339 289.258
5192.518 251.453
5193.697 247.023
5194.876 259.554
5196.055 311.350
5197.233 660.946
5198.412 821.526
5199.591 765.821
5200.770 631.051
5201.949 461.189
5203.127 342.777
5204.306 293.940
5205.485 265.659
5206.664 239.813
5207.843 249.103
5209.022 252.493
5210.200 237.105
5211.379 254.871
5212.558 250.747
5213.737 245.759
5214.916 246.955
5216.094 244.051
5217.273 268.451
5218.452 261.025
5219.631 269.033
5220.810 261.261
5221.989 276.157
5223.167 253.379
5224.346 275.380
5225.525 264.633
5226.704 264.833
5227.883 264.575
5229.061 230.266
5230.240 243.141
5231.419 264.573
5232.598 268.293
5233.777 269.075
5234.956 244.581
5236.134 253.926
5237.313 301.489
5238.492 302.885
5239.671 283.670
5240.850 275.714
5242.028 256.213
5243.207 254.776
5244.386 259.087
5245.565 257.181
5246.744 256.621
5247.923 255.662
5249.101 247.936
5250.280 257.907
5251.459 243.415
5252.638 241.403
5253.817 233.844
5254.995 266.500
5256.174 281.757
5257.353 260.863
5258.532 248.993
5259.711 268.583
5260.890 283.887
5262.068 257.921
5263.247 240.937
5264.426 245.193
5265.605 242.462
5266.784 220.024
5267.962 239.966
5269.141 245.476
5270.320 246.814
5271.499 277.462
5272.678 268.902
5273.857 257.660
5275.035 335.621
5276.214 279.877
5277.393 274.447
5278.572 263.765
5279.751 236.008
5280.929 252.446
5282.108 226.213
5283.287 222.373
5284.466 246.116
5285.645 245.096
5286.824 242.849
5288.002 226.470
5289.181 237.181
5290.360 237.611
5291.539 234.119
5292.718 247.167
5293.896 257.047
5295.075 255.693
5296.254 236.968
5297.433 237.952
5298.612 248.141
5299.790 282.247
5300.969 259.067
5302.148 247.046
5303.327 228.969
5304.506 245.825
5305.685 242.716
5306.863 233.236
5308.042 237.649
5309.221 251.950
5310.400 262.962
5311.579 246.462
5312.757 247.913
5313.936 270.444
5315.115 279.894
5316.294 238.580
5317.473 234.146
5318.652 239.977
5319.830 248.444
5321.009 274.346
5322.188 250.647
5323.367 246.645
5324.546 230.947
5325.724 263.162
5326.903 242.363
5328.082 263.969
5329.261 343.513
5330.440 390.561
5331.619 358.805
5332.797 270.357
5333.976 243.926
5335.155 268.244
5336.334 248.283
5337.513 239.688
5338.691 253.139
5339.870 245.962
5341.049 220.847
5342.228 228.056
5343.407 257.663
5344.586 256.422
5345.764 241.047
5346.943 248.864
5348.122 236.137
5349.301 222.527
5350.480 247.618
5351.658 241.806
5352.837 235.328
5354.016 243.117
5355.195 225.914
5356.374 246.581
5357.553 259.660
5358.731 235.797
5359.910 250.378
5361.089 243.680
5362.268 210.688
5363.447 207.315
5364.625 253.091
5365.804 246.966
5366.983 240.832
5368.162 240.637
5369.341 235.324
5370.520 215.720
5371.698 232.003
5372.877 227.886
5374.056 242.299
5375.235 250.591
5376.414 243.409
5377.592 215.754
5378.771 215.744
5379.950 238.259
5381.129 238.122
5382.308 238.293
5383.487 224.032
5384.665 202.174
5385.844 226.519
5387.023 237.217
5388.202 218.781
5389.381 228.589
5390.559 236.696
5391.738 211.374
5392.917 234.948
5394.096 232.748
5395.275 222.057
5396.454 212.195
5397.632 227.271
5398.811 240.133
5399.990 229.498
5401.169 228.541
5402.348 217.941
5403.526 195.929
5404.705 196.580
5405.884 212.857
5407.063 216.240
5408.242 204.839
5409.421 214.211
5410.599 217.061
5411.778 238.830
5412.957 227.401
5414.136 248.407
5415.315 231.135
5416.493 248.159
5417.672 224.014
5418.851 226.982
5420.030 216.451
5421.209 228.053
5422.388 238.302
5423.566 208.823
5424.745 207.488
5425.924 211.099
5427.103 215.230
5428.282 233.860
5429.460 221.749
5430.639 225.196
5431.818 215.986
5432.997 195.744
5434.176 206.845
5435.355 244.536
5436.533 245.935
5437.712 233.802
5438.891 237.109
5440.070 237.522
5441.249 241.801
5442.427 203.315
5443.606 205.347
5444.785 219.880
5445.964 209.361
5447.143 205.921
5448.322 217.750
5449.500 218.486
5450.679 203.238
5451.858 208.604
5453.037 233.972
5454.216 233.523
5455.394 190.954
5456.573 206.691
5457.752 237.807
5458.931 226.617
5460.110 213.619
5461.288 233.233
5462.467 206.872
5463.646 211.984
5464.825 204.923
5466.004 216.364
5467.183 213.891
5468.361 218.374
5469.540 216.999
5470.719 205.990
5471.898 217.484
5473.077 216.413
5474.255 207.406
5475.434 199.445
5476.613 210.569
5477.792 205.496
5478.971 201.812
5480.150 220.175
5481.328 241.049
5482.507 194.255
5483.686 227.282
5484.865 205.731
5486.044 204.425
5487.222 210.859
5488.401 227.201
5489.580 231.323
5490.759 220.475
5491.938 226.854
5493.117 212.948
5494.295 199.823
5495.474 216.480
5496.653 216.175
5497.832 229.415
5499.011 227.864
5500.189 216.941
5501.368 212.331
5502.547 214.868
5503.726 219.814
5504.905 221.293
5506.084 214.096
5507.262 203.205
5508.441 215.968
5509.620 220.582
5510.799 218.741
5511.978 229.444
5513.156 246.551
5514.335 218.749
5515.514 196.919
5516.693 221.529
5517.872 204.011
5519.051 228.445
5520.229 275.803
5521.408 278.335
5522.587 236.324
5523.766 249.482
5524.945 219.613
5526.123 205.960
5527.302 212.797
5528.481 217.314
5529.660 203.786
5530.839 205.508
5532.018 207.326
5533.196 214.545
5534.375 234.260
5535.554 216.594
5536.733 201.375
5537.912 218.479
5539.090 210.880
5540.269 230.037
5541.448 263.830
5542.627 288.283
5543.806 217.896
5544.985 245.824
5546.163 246.233
5547.342 222.098
5548.521 214.152
5549.700 236.001
5550.879 229.898
5552.057 198.987
5553.236 194.862
5554.415 226.935
5555.594 228.733
5556.773 197.276
5557.952 214.731
5559.130 236.007
5560.309 209.732
5561.488 220.011
5562.667 228.510
5563.846 250.501
5565.024 265.337
5566.203 225.350
5567.382 220.607
5568.561 237.886
5569.740 216.946
5570.919 219.149
5572.097 200.225
5573.276 350.236
5574.455 -128.645
5575.634 2748.888
5576.813 8913.786
5577.991 10959.847
5579.170 6022.685
5580.349 412.486
5581.528 324.835
5582.707 218.585
5583.886 206.516
5585.064 218.620
5586.243 197.593
5587.422 223.503
5588.601 262.094
5589.780 265.513
5590.958 232.557
5592.137 212.634
5593.316 206.449
5594.495 210.888
5595.674 225.158
5596.853 222.025
5598.031 212.213
5599.210 209.774
5600.389 212.829
5601.568 217.719
5602.747 201.699
5603.925 239.398
5605.104 253.855
5606.283 245.963
5607.462 211.903
5608.641 210.515
5609.820 227.574
5610.998 211.444
5612.177 194.795
5613.356 231.002
5614.535 211.376
5615.714 203.131
5616.892 235.708
5618.071 224.220
5619.250 209.058
5620.429 197.938
5621.608 197.810
5622.786 239.815
5623.965 236.190
5625.144 233.348
5626.323 221.401
5627.502 213.681
5628.681 217.089
5629.859 193.020
5631.038 214.697
5632.217 222.324
5633.396 224.783
5634.575 208.191
5635.753 206.934
5636.932 215.076
5638.111 220.089
5639.290 218.141
5640.469 199.112
5641.648 207.569
5642.826 206.837
5644.005 229.789
5645.184 222.792
5646.363 225.115
5647.542 216.400
5648.720 193.231
5649.899 214.145
5651.078 229.118
5652.257 213.332
5653.436 202.934
5654.615 205.709
5655.793 206.185
5656.972 209.210
5658.151 182.177
5659.330 175.296
5660.509 207.680
5661.687 201.227
5662.866 218.640
5664.045 190.854
5665.224 222.582
5666.403 212.556
5667.582 221.761
5668.760 210.553
5669.939 217.335
5671.118 217.871
5672.297 203.247
5673.476 209.315
5674.654 205.823
5675.833 182.907
5677.012 211.162
5678.191 217.988
5679.370 183.303
5680.549 200.407
5681.727 204.782
5682.906 222.486
5684.085 231.649
5685.264 216.988
5686.443 224.955
5687.621 212.846
5688.800 221.791
5689.979 226.771
5691.158 222.809
5692.337 220.447
5693.516 226.577
5694.694 216.985
5695.873 210.477
5697.052 216.317
5698.231 201.657
5699.410 190.233
5700.588 203.273
5701.767 208.100
5702.946 210.700
5704.125 205.920
5705.304 213.733
5706.483 223.301
5707.661 197.409
5708.840 188.519
5710.019 208.604
5711.198 204.988
5712.377 216.728
5713.555 197.750
5714.734 196.942
5715.913 206.269
5717.092 193.797
5718.271 211.333
5719.450 223.650
5720.628 212.787
5721.807 221.735
5722.986 222.707
5724.165 206.032
5725.344 226.871
5726.522 220.072
5727.701 225.862
5728.880 225.228
5730.059 205.997
5731.238 220.129
5732.417 218.672
5733.595 196.738
5734.774 203.177
5735.953 219.250
5737.132 214.407
5738.311 217.215
5739.489 224.474
5740.668 202.471
5741.847 198.506
5743.026 207.635
5744.205 209.287
5745.384 195.328
5746.562 214.573
5747.741 218.655
5748.920 211.447
5750.099 198.772
5751.278 183.817
5752.456 180.187
5753.635 207.392
5754.814 203.648
5755.993 200.877
5757.172 218.124
5758.351 211.832
5759.529 223.552
5760.708 200.479
5761.887 212.972
5763.066 189.528
5764.245 207.520
5765.423 201.665
5766.602 198.693
5767.781 202.196
5768.960 214.750
5770.139 216.730
5771.318 207.999
5772.496 200.443
5773.675 191.327
5774.854 185.496
5776.033 180.827
5777.212 185.487
5778.390 202.673
5779.569 197.734
5780.748 193.281
5781.927 186.248
5783.106 191.188
5784.284 194.071
5785.463 220.767
5786.642 190.798
5787.821 208.243
5789.000 212.842
5790.179 223.402
5791.357 208.487
5792.536 182.899
5793.715 187.585
5794.894 201.339
5796.073 198.835
5797.251 183.174
5798.430 196.764
5799.609 188.127
5800.788 196.928
5801.967 190.717
5803.146 191.045
5804.324 194.915
5805.503 215.261
5806.682 207.342
5807.861 201.957
5809.040 207.607
5810.218 217.826
5811.397 227.140
5812.576 206.490
5813.755 193.492
5814.934 201.495
5816.113 197.002
5817.291 216.454
5818.470 210.529
5819.649 200.836
5820.828 211.070
5822.007 198.999
5823.185 197.592
5824.364 207.050
5825.543 210.429
5826.722 199.448
5827.901 200.022
5829.080 196.131
5830.258 205.098
5831.437 223.812
5832.616 202.145
5833.795 185.842
5834.974 201.486
5836.152 191.983
5837.331 200.082
5838.510 194.847
5839.689 188.594
5840.868 194.139
5842.047 210.004
5843.225 205.688
5844.404 209.663
5845.583 192.659
5846.762 186.536
5847.941 199.932
5849.119 204.200
5850.298 192.286
5851.477 193.031
5852.656 209.050
5853.835 195.659
5855.014 175.140
5856.192 184.787
5857.371 193.576
5858.550 199.474
5859.729 206.733
5860.908 182.637
5862.086 202.850
5863.265 191.773
5864.444 234.380
5865.623 304.174
5866.802 334.033
5867.981 340.412
5869.159 299.262
5870.338 242.511
5871.517 232.596
5872.696 233.466
5873.875 244.237
5875.053 234.809
5876.232 260.379
5877.411 779.399
5878.590 1889.594
5879.769 2191.683
5880.948 1133.592
5882.126 401.357
5883.305 232.472
5884.484 210.755
5885.663 234.993
5886.842 250.115
5888.020 599.051
5889.199 1175.352
5890.378 1323.555
5891.557 930.800
5892.736 327.524
5893.915 355.478
5895.093 757.829
5896.272 903.321
5897.451 629.104
5898.630 313.883
5899.809 211.420
5900.987 206.505
5902.166 206.992
5903.345 223.819
5904.524 221.860
5905.703 236.785
5906.882 261.394
5908.060 243.678
5909.239 221.402
5910.418 208.883
5911.597 205.489
5912.776 185.731
5913.954 269.801
5915.133 341.569
5916.312 326.316
5917.491 242.632
5918.670 222.232
5919.849 219.960
5921.027 190.677
5922.206 192.501
5923.385 216.150
5924.564 245.554
5925.743 249.960
5926.921 217.513
5928.100 216.055
5929.279 208.217
5930.458 205.730
5931.637 324.067
5932.815 370.681
5933.994 349.871
5935.173 249.599
5936.352 209.774
5937.531 217.148
5938.710 205.241
5939.888 189.394
5941.067 189.300
5942.246 199.604
5943.425 205.888
5944.604 207.006
5945.782 233.215
5946.961 241.599
5948.140 228.496
5949.319 203.971
5950.498 191.419
5951.677 220.261
5952.855 290.833
5954.034 333.221
5955.213 286.832
5956.392 214.502
5957.571 212.275
5958.749 247.991
5959.928 237.081
5961.107 212.345
5962.286 220.023
5963.465 193.098
5964.644 187.586
5965.822 220.480
5967.001 213.436
5968.180 197.102
5969.359 208.913
5970.538 227.447
5971.716 234.164
5972.895 234.221
5974.074 234.277
