5329.969 2335.759
5331.022 2248.905
5332.075 1777.488
5333.128 1639.688
5334.181 1691.080
5335.234 1809.581
5336.287 1737.011
5337.340 1846.681
5338.393 1784.535
5339.446 1683.964
5340.499 1666.306
5341.552 1626.866
5342.605 1777.357
5343.658 1645.080
5344.711 1670.116
5345.764 1812.669
5346.817 1686.511
5347.870 1609.955
5348.923 1598.193
5349.976 1588.273
5351.029 1582.190
5352.082 1630.011
5353.135 1436.354
5354.188 1765.415
5355.241 1759.001
5356.294 1664.039
5357.347 1700.817
5358.400 1801.894
5359.453 1737.349
5360.506 1676.228
5361.559 1692.290
5362.612 1530.707
5363.665 1553.418
5364.718 1690.472
5365.771 1663.676
5366.824 1691.391
5367.877 1578.736
5368.930 1558.163
5369.983 1614.057
5371.036 1665.475
5372.089 1628.797
5373.142 1611.372
5374.195 1625.102
5375.248 1648.998
5376.301 1641.946
5377.354 1584.229
5378.407 1549.397
5379.460 1695.192
5380.513 1507.320
5381.566 1572.270
5382.619 1655.755
5383.672 1640.478
5384.725 1671.766
5385.778 1637.094
5386.831 1573.314
5387.884 1653.244
5388.937 1518.618
5389.990 1581.741
5391.043 1613.357
5392.097 1535.884
5393.150 1618.580
5394.203 1591.812
5395.256 1544.165
5396.309 1615.365
5397.362 1472.861
5398.415 1551.175
5399.468 1630.262
5400.521 1360.573
5401.574 1408.243
5402.627 1543.924
5403.680 1522.437
5404.733 1367.885
5405.786 1443.354
5406.839 1495.826
5407.892 1500.032
5408.945 1455.032
5409.998 1498.440
5411.051 1627.739
5412.104 1401.894
5413.157 1539.748
5414.210 1384.657
5415.263 1715.816
5416.316 1558.896
5417.369 1590.745
5418.422 1580.345
5419.475 1601.290
5420.528 1563.260
5421.581 1469.620
5422.634 1723.981
5423.687 1536.139
5424.740 1475.437
5425.793 1549.408
5426.846 1605.633
5427.899 1581.100
5428.952 1485.929
5430.005 1475.298
5431.058 1533.988
5432.111 1548.250
5433.164 1556.460
5434.217 1634.525
5435.270 1574.073
5436.323 1760.544
5437.376 1743.396
5438.429 1681.390
5439.482 1662.679
5440.535 1514.159
5441.588 1491.800
5442.641 1414.882
5443.694 1467.898
5444.747 1515.955
5445.800 1489.557
5446.853 1452.221
5447.906 1548.739
5448.959 1481.120
5450.012 1670.412
5451.065 1590.671
5452.118 1572.471
5453.171 1496.195
5454.224 1441.190
5455.277 1494.912
5456.330 1450.036
5457.383 1494.646
5458.436 1553.421
5459.489 1504.031
5460.542 1421.034
5461.595 1688.278
5462.648 1596.539
5463.701 1510.672
5464.754 1461.777
5465.807 1474.622
5466.860 1387.705
5467.913 1514.147
5468.966 1539.861
5470.019 1324.621
5471.072 1378.384
5472.125 1410.288
5473.178 1575.336
5474.231 1561.575
5475.285 1593.263
5476.338 1469.342
5477.391 1518.152
5478.444 1462.020
5479.497 1569.676
5480.550 1415.963
5481.603 1376.313
5482.656 1406.791
5483.709 1342.378
5484.762 1476.832
5485.815 1536.685
5486.868 1343.283
5487.921 1387.553
5488.974 1439.823
5490.027 1320.550
5491.080 1449.823
5492.133 1483.483
5493.186 1455.816
5494.239 1431.878
5495.292 1423.004
5496.345 1586.356
5497.398 1455.253
5498.451 1450.317
5499.504 1439.270
5500.557 1481.021
5501.610 1528.167
5502.663 1441.604
5503.716 1363.929
5504.769 1642.332
5505.822 1450.560
5506.875 1538.310
5507.928 1624.047
5508.981 1436.627
5510.034 1502.413
5511.087 1461.556
5512.140 1403.526
5513.193 1488.795
5514.246 1567.946
5515.299 1462.347
5516.352 1295.776
5517.405 1372.148
5518.458 1418.804
5519.511 1754.976
5520.564 2183.814
5521.617 2195.222
5522.670 1702.346
5523.723 1448.868
5524.776 1353.745
5525.829 1377.053
5526.882 1510.257
5527.935 1290.428
5528.988 1429.902
5530.041 1350.615
5531.094 1357.038
5532.147 1387.190
5533.200 1443.558
5534.253 1494.109
5535.306 1447.809
5536.359 1346.803
5537.412 1428.970
5538.465 1406.008
5539.518 1518.681
5540.571 2032.867
5541.624 2054.257
5542.677 1872.719
5543.730 1548.134
5544.783 1515.297
5545.836 1567.432
5546.889 1491.984
5547.942 1519.496
5548.995 1417.479
5550.048 1518.672
5551.101 1519.588
5552.154 1481.212
5553.207 1448.106
5554.260 1525.940
5555.313 1356.416
5556.366 1459.013
5557.419 1340.420
5558.473 1399.053
5559.526 1402.399
5560.579 1351.677
5561.632 1557.619
5562.685 1547.181
5563.738 1728.583
5564.791 1653.676
5565.844 1569.847
5566.897 1401.910
5567.950 1338.577
5569.003 1434.423
5570.056 1497.683
5571.109 1420.583
5572.162 1471.713
5573.215 1367.685
5574.268 1599.987
5575.321 3765.556
5576.374 26284.499
5577.427 53962.885
5578.480 38860.204
5579.533 7997.812
5580.586 1082.199
5581.639 1796.602
5582.692 1371.414
5583.745 1456.831
5584.798 1369.732
5585.851 1353.842
5586.904 1255.986
5587.957 1547.810
5589.010 1614.428
5590.063 1666.198
5591.116 1425.783
5592.169 1414.505
5593.222 1433.343
5594.275 1416.309
5595.328 1257.701
5596.381 1391.923
5597.434 1438.653
5598.487 1435.960
5599.540 1411.520
5600.593 1441.887
5601.646 1405.671
5602.699 1341.451
5603.752 1392.916
5604.805 1659.523
5605.858 1699.556
5606.911 1520.194
5607.964 1399.594
5609.017 1488.535
5610.070 1408.953
5611.123 1451.342
5612.176 1347.290
5613.229 1243.675
5614.282 1384.069
5615.335 1338.945
5616.388 1391.085
5617.441 1357.919
5618.494 1368.992
5619.547 1510.841
5620.600 1285.651
5621.653 1337.852
5622.706 1403.531
5623.759 1577.984
5624.812 1475.835
5625.865 1420.737
5626.918 1315.041
5627.971 1288.611
5629.024 1241.542
5630.077 1323.066
5631.130 1397.238
5632.183 1461.980
5633.236 1381.541
5634.289 1336.286
5635.342 1301.388
5636.395 1323.119
5637.448 1358.361
5638.501 1341.219
5639.554 1342.582
5640.608 1327.122
5641.661 1334.430
5642.714 1332.441
5643.767 1278.629
5644.820 1362.648
5645.873 1397.598
5646.926 1425.500
5647.979 1309.552
5649.032 1434.556
5650.085 1269.605
5651.138 1266.456
5652.191 1383.530
5653.244 1410.589
5654.297 1332.303
5655.350 1330.517
5656.403 1256.419
5657.456 1228.871
5658.509 1280.321
5659.562 1304.910
5660.615 1268.050
5661.668 1236.611
5662.721 1299.217
5663.774 1402.965
5664.827 1324.712
5665.880 1413.567
5666.933 1317.343
5667.986 1343.788
5669.039 1420.962
5670.092 1404.463
5671.145 1405.834
5672.198 1314.825
5673.251 1333.400
5674.304 1272.719
5675.357 1433.441
5676.410 1312.756
5677.463 1413.141
5678.516 1291.613
5679.569 1348.700
5680.622 1422.238
5681.675 1400.048
5682.728 1326.756
5683.781 1423.389
5684.834 1294.112
5685.887 1307.384
5686.940 1471.385
5687.993 1357.190
5689.046 1318.306
5690.099 1401.746
5691.152 1389.674
5692.205 1340.944
5693.258 1433.367
5694.311 1272.285
5695.364 1393.067
5696.417 1427.275
5697.470 1371.860
5698.523 1311.352
5699.576 1360.152
5700.629 1446.970
5701.682 1258.550
5702.735 1244.587
5703.788 1369.134
5704.841 1319.981
5705.894 1348.208
5706.947 1306.974
5708.000 1192.063
5709.053 1287.748
5710.106 1308.050
5711.159 1309.504
5712.212 1334.568
5713.265 1400.004
5714.318 1329.098
5715.371 1397.492
5716.424 1379.436
5717.477 1406.088
5718.530 1430.917
5719.583 1241.064
5720.636 1338.786
5721.689 1422.513
5722.742 1302.316
5723.796 1447.991
5724.849 1373.144
5725.902 1347.969
5726.955 1323.378
5728.008 1352.260
5729.061 1351.388
5730.114 1334.227
5731.167 1241.629
5732.220 1228.274
5733.273 1276.908
5734.326 1268.126
5735.379 1290.075
5736.432 1316.771
5737.485 1363.083
5738.538 1212.109
5739.591 1253.469
5740.644 1245.230
5741.697 1266.523
5742.750 1356.293
5743.803 1346.967
5744.856 1325.245
5745.909 1307.372
5746.962 1300.704
5748.015 1329.476
5749.068 1287.172
5750.121 1343.419
5751.174 1280.643
5752.227 1235.637
5753.280 1277.146
5754.333 1293.116
5755.386 1345.918
5756.439 1319.162
5757.492 1417.092
5758.545 1487.205
5759.598 1386.065
5760.651 1304.230
5761.704 1185.691
5762.757 1208.535
5763.810 1264.372
5764.863 1190.812
5765.916 1239.556
5766.969 1235.398
5768.022 1137.377
5769.075 1246.612
5770.128 1340.286
5771.181 1349.195
5772.234 1158.989
5773.287 1228.232
5774.340 1307.861
5775.393 1205.955
5776.446 1279.819
5777.499 1286.942
5778.552 1310.624
5779.605 1297.509
5780.658 1289.021
5781.711 1193.205
5782.764 1250.603
5783.817 1112.994
5784.870 1284.954
5785.923 1116.632
5786.976 1216.683
5788.029 1222.571
5789.082 1315.546
5790.135 1190.248
5791.188 1316.510
5792.241 1253.876
5793.294 1254.069
5794.347 1218.448
5795.400 1229.955
5796.453 1243.389
5797.506 1224.735
5798.559 1255.196
5799.612 1277.557
5800.665 1213.516
5801.718 1150.090
5802.771 1246.815
5803.824 1296.195
5804.877 1231.938
5805.931 1178.645
5806.984 1217.426
5808.037 1298.634
5809.090 1349.639
5810.143 1285.956
5811.196 1182.510
5812.249 1148.118
5813.302 1186.491
5814.355 1280.144
5815.408 1188.090
5816.461 1261.691
5817.514 1210.853
5818.567 1291.034
5819.620 1260.886
5820.673 1270.796
5821.726 1278.544
5822.779 1178.708
5823.832 1204.214
5824.885 1196.310
5825.938 1273.281
5826.991 1163.380
5828.044 1152.374
5829.097 1209.666
5830.150 1282.995
5831.203 1294.288
5832.256 1209.398
5833.309 1334.421
5834.362 1333.089
5835.415 1256.872
5836.468 1282.161
5837.521 1300.928
5838.574 1285.092
5839.627 1210.452
5840.680 1259.000
5841.733 1281.674
5842.786 1250.950
5843.839 1231.501
5844.892 1364.710
5845.945 1240.764
5846.998 1205.943
5848.051 1291.690
5849.104 1170.173
5850.157 1151.191
5851.210 1276.810
5852.263 1201.140
5853.316 1200.505
5854.369 1202.791
5855.422 1179.138
5856.475 1302.542
5857.528 1240.888
5858.581 1252.944
5859.634 1241.372
5860.687 1112.910
5861.740 1189.223
5862.793 1308.040
5863.846 1340.654
5864.899 1511.764
5865.952 1691.250
5867.005 1834.158
5868.058 1744.746
5869.111 1531.404
5870.164 1324.285
5871.217 1322.697
5872.270 1304.626
5873.323 1337.237
5874.376 1361.411
5875.429 1218.677
5876.482 1562.907
5877.535 6083.806
5878.588 19803.503
5879.641 21444.651
5880.694 9175.818
5881.747 1594.247
5882.800 1270.919
5883.853 1143.294
5884.906 1240.090
5885.959 1332.794
5887.012 1669.530
5888.065 2526.686
5889.119 5083.393
5890.172 7101.448
5891.225 4923.277
5892.278 1600.075
5893.331 1339.035
5894.384 2185.478
5895.437 4114.011
5896.490 4485.132
5897.543 2783.893
5898.596 1207.956
5899.649 1209.533
5900.702 1199.415
5901.755 1308.575
5902.808 1371.313
5903.861 1366.836
5904.914 1298.244
5905.967 1357.935
5907.020 1443.625
5908.073 1325.392
5909.126 1192.776
5910.179 1215.137
5911.232 1243.838
5912.285 1230.363
5913.338 1304.381
5914.391 1714.032
5915.444 1949.773
5916.497 1749.669
5917.550 1231.873
5918.603 1219.487
5919.656 1099.719
5920.709 1259.652
5921.762 1223.191
5922.815 1258.268
5923.868 1414.414
5924.921 1543.802
5925.974 1367.717
5927.027 1277.630
5928.080 1290.658
5929.133 1120.289
5930.186 1223.600
5931.239 1372.018
5932.292 1803.310
5933.345 2053.676
5934.398 1630.033
5935.451 1203.213
5936.504 1270.958
5937.557 1225.294
5938.610 1079.382
5939.663 1136.196
5940.716 1170.865
5941.769 1175.370
5942.822 1159.605
5943.875 1150.732
5944.928 1338.651
5945.981 1482.119
5947.034 1414.437
5948.087 1246.035
5949.140 1144.306
5950.193 1159.198
5951.246 1065.536
5952.299 1465.223
5953.352 1792.182
5954.405 1693.495
5955.458 1301.811
5956.511 1137.435
5957.564 1185.093
5958.617 1340.320
5959.670 1269.965
5960.723 1243.153
5961.776 1166.156
5962.829 1101.683
5963.882 1228.570
5964.935 1147.549
5965.988 1121.244
5967.041 1119.156
5968.094 1229.588
5969.147 1149.605
5970.200 1397.719
5971.254 1331.380
5972.307 1137.495
5973.360 1122.473
5974.413 1164.215
5975.466 1294.151
5976.519 1386.953
5977.572 1587.360
5978.625 1316.021
5979.678 1044.495
5980.731 1150.943
5981.784 1189.744
5982.837 1145.298
5983.890 1145.774
5984.943 1111.527
5985.996 1032.919
5987.049 1104.846
5988.102 1111.984
5989.155 1091.245
5990.208 1076.105
5991.261 1110.539
5992.314 1115.039
5993.367 982.262
5994.420 1065.227
5995.473 1083.281
5996.526 1135.561
5997.579 1313.566
5998.632 1193.674
5999.685 1063.543
6000.738 1065.589
6001.791 1092.043
6002.844 1148.735
6003.897 1282.964
6004.950 1270.698
6006.003 1089.141
6007.056 1102.957
6008.109 1064.736
6009.162 1071.595
6010.215 1067.151
6011.268 1078.594
6012.321 1042.159
6013.374 1003.892
6014.427 1052.403
6015.480 1020.547
6016.533 1038.510
6017.586 1119.839
6018.639 1097.882
6019.692 1088.271
6020.745 1001.057
6021.798 1045.477
6022.851 988.705
6023.904 1073.405
6024.957 977.009
6026.010 1041.712
6027.063 1104.366
6028.116 1045.277
6029.169 1085.295
6030.222 1044.196
6031.275 954.238
6032.328 1040.581
6033.381 1169.802
6034.434 1155.374
6035.487 1018.122
6036.540 1026.703
6037.593 1020.320
6038.646 1018.134
6039.699 972.454
6040.752 1021.568
6041.805 1126.581
6042.858 983.901
6043.911 941.896
6044.964 996.348
6046.017 1072.042
6047.070 1072.585
6048.123 1042.830
6049.176 1004.037
6050.229 964.719
6051.282 912.748
6052.335 978.106
6053.388 904.495
6054.442 897.949
6055.495 1052.769
6056.548 950.641
6057.601 1067.520
6058.654 1030.787
6059.707 943.508
6060.760 985.973
6061.813 940.577
6062.866 994.273
6063.919 980.594
6064.972 1002.045
6066.025 1061.320
6067.078 994.651
6068.131 982.915
6069.184 1032.901
6070.237 993.569
6071.290 974.737
6072.343 979.625
6073.396 1005.180
6074.449 1001.537
6075.502 962.261
6076.555 980.598
6077.608 1002.624
6078.661 973.737
6079.714 930.834
6080.767 944.106
6081.820 919.058
6082.873 1023.165
6083.926 959.858
6084.979 929.620
6086.032 962.986
6087.085 898.874
6088.138 889.160
6089.191 951.203
6090.244 939.564
6091.297 1004.974
6092.350 923.540
6093.403 955.369
6094.456 1007.627
6095.509 1073.804
6096.562 952.969
6097.615 939.920
6098.668 1020.390
6099.721 1062.090
6100.774 921.525
6101.827 970.536
6102.880 917.950
6103.933 1013.893
6104.986 967.637
6106.039 975.024
6107.092 1013.863
6108.145 872.372
6109.198 909.335
6110.251 939.423
6111.304 886.311
6112.357 957.154
6113.410 917.415
6114.463 952.241
6115.516 865.437
6116.569 943.976
6117.622 836.034
6118.675 981.816
6119.728 932.049
6120.781 963.584
6121.834 933.671
6122.887 891.049
6123.940 850.882
6124.993 907.720
6126.046 926.180
6127.099 931.580
6128.152 1006.232
6129.205 883.931
6130.258 901.684
6131.311 884.147
6132.364 891.416
6133.417 956.360
6134.470 946.454
6135.523 941.030
6136.577 973.809
6137.630 990.403
6138.683 948.764
6139.736 1083.635
6140.789 1042.815
6141.842 917.464
6142.895 933.675
6143.948 1077.978
6145.001 1023.292
6146.054 1005.175
6147.107 894.367
6148.160 941.482
6149.213 879.589
6150.266 982.206
6151.319 889.347
6152.372 836.053
6153.425 943.677
6154.478 933.145
6155.531 1248.370
6156.584 1557.405
6157.637 1772.250
6158.690 1449.686
6159.743 1156.008
6160.796 908.190
6161.849 870.296
6162.902 796.902
6163.955 889.528
6165.008 891.645
6166.061 870.227
6167.114 907.088
6168.167 863.716
6169.220 1009.215
6170.273 1141.654
6171.326 1208.376
6172.379 1015.243
6173.432 899.957
6174.485 872.148
6175.538 956.385
6176.591 998.450
6177.644 974.422
6178.697 929.020
6179.750 931.379
6180.803 917.732
6181.856 903.327
6182.909 870.346
6183.962 818.513
6185.015 897.692
6186.068 881.756
6187.121 933.377
6188.174 914.419
6189.227 852.265
6190.280 902.792
6191.333 968.369
6192.386 918.939
6193.439 920.138
6194.492 930.430
6195.545 857.955
6196.598 843.947
6197.651 879.322
6198.704 873.201
6199.757 921.140
6200.810 844.139
6201.863 1022.733
6202.916 1208.637
6203.969 1106.995
6205.022 931.390
6206.075 884.260
6207.128 893.311
6208.181 890.175
6209.234 845.439
6210.287 887.482
6211.340 908.143
6212.393 1008.496
6213.446 978.845
6214.499 927.780
6215.552 902.700
6216.605 880.333
6217.658 855.509
6218.711 872.406
6219.765 903.604
6220.818 1152.399
6221.871 1251.348
6222.924 1094.008
6223.977 967.460
6225.030 855.629
6226.083 919.306
6227.136 868.698
6228.189 755.990
6229.242 837.483
6230.295 914.096
6231.348 904.053
6232.401 944.404
6233.454 1118.746
6234.507 1529.162
6235.560 1895.931
6236.613 1790.597
6237.666 1389.042
6238.719 1040.487
6239.772 1092.923
6240.825 1122.221
6241.878 1110.527
6242.931 1136.635
6243.984 1122.207
6245.037 1010.668
6246.090 858.322
6247.143 917.997
6248.196 1016.597
6249.249 948.024
6250.302 836.993
6251.355 873.686
6252.408 859.054
6253.461 865.189
6254.514 893.889
6255.567 974.540
6256.620 1311.979
6257.673 1974.671
6258.726 1857.367
6259.779 1268.026
6260.832 912.384
6261.885 928.031
6262.938 1012.332
6263.991 1080.261
6265.044 1383.666
6266.097 1167.380
6267.150 1019.962
6268.203 941.528
6269.256 904.717
6270.309 827.573
6271.362 916.735
6272.415 891.677
6273.468 893.781
6274.521 965.298
6275.574 1001.939
6276.627 953.855
6277.680 900.830
6278.733 876.014
6279.786 824.868
6280.839 777.742
6281.892 836.328
6282.945 842.832
6283.998 901.925
6285.051 875.502
6286.104 1208.235
6287.157 1760.074
6288.210 1710.435
6289.263 1156.429
6290.316 917.540
6291.369 848.629
6292.422 876.155
6293.475 810.637
6294.528 922.235
6295.581 890.334
6296.634 1122.187
6297.687 2197.506
6298.740 10613.310
6299.793 45224.326
6300.846 52286.820
6301.899 23543.867
6302.953 3559.397
6304.006 2817.179
6305.059 2842.953
6306.112 2038.777
6307.165 1978.857
6308.218 1563.546
6309.271 963.931
6310.324 854.573
6311.377 866.576
6312.430 917.752
6313.483 903.317
6314.536 2179.015
6315.589 3371.863
6316.642 3054.810
6317.695 1375.750
6318.748 744.342
6319.801 945.763
6320.854 1103.973
6321.907 1266.242
6322.960 1009.723
6324.013 848.079
6325.066 883.652
6326.119 870.482
6327.172 858.820
6328.225 1060.693
6329.278 1548.945
6330.331 1761.450
6331.384 1299.470
6332.437 870.045
6333.490 841.610
6334.543 861.839
6335.596 903.450
6336.649 870.161
6337.702 810.571
6338.755 846.459
6339.808 878.266
6340.861 843.458
6341.914 811.389
6342.967 796.558
6344.020 873.816
6345.073 908.486
6346.126 849.521
6347.179 917.955
6348.232 1022.932
6349.285 1021.744
6350.338 935.835
6351.391 857.192
6352.444 818.788
6353.497 847.038
6354.550 897.425
6355.603 1172.122
6356.656 1484.648
6357.709 1155.573
6358.762 830.193
6359.815 973.466
6360.868 763.552
6361.921 2939.101
6362.974 11990.530
6364.027 18128.321
6365.080 11999.371
6366.133 1617.244
6367.186 1569.414
6368.239 1397.869
6369.292 969.663
6370.345 792.864
6371.398 753.720
6372.451 763.547
6373.504 802.849
6374.557 872.081
6375.610 887.053
6376.663 811.070
6377.716 832.793
6378.769 961.381
6379.822 932.518
6380.875 894.981
6381.928 864.957
6382.981 901.572
6384.034 853.839
6385.088 923.201
6386.141 1066.133
6387.194 1109.132
6388.247 840.157
6389.300 793.137
6390.353 760.783
6391.406 811.773
6392.459 787.591
6393.512 749.369
6394.565 836.051
6395.618 781.961
6396.671 763.053
6397.724 874.633
6398.777 761.592
6399.830 780.327
6400.883 778.114
6401.936 810.270
6402.989 781.634
6404.042 764.382
6405.095 809.094
6406.148 801.813
6407.201 777.657
6408.254 764.540
6409.307 779.685
6410.360 804.286
6411.413 800.828
6412.466 781.896
6413.519 774.977
6414.572 847.971
6415.625 829.603
6416.678 702.315
6417.731 773.728
6418.784 867.472
6419.837 829.351
6420.890 872.924
6421.943 816.373
6422.996 793.529
6424.049 817.351
6425.102 717.895
6426.155 735.017
6427.208 792.010
6428.261 758.685
6429.314 749.101
6430.367 753.888
6431.420 710.267
6432.473 806.616
6433.526 730.272
6434.579 802.181
6435.632 808.371
6436.685 817.629
6437.738 766.656
6438.791 806.573
6439.844 699.889
6440.897 813.184
6441.950 751.459
6443.003 795.985
6444.056 733.698
6445.109 773.749
6446.162 743.297
6447.215 769.727
6448.268 814.243
6449.321 863.211
6450.374 797.552
6451.427 843.275
6452.480 847.713
6453.533 960.868
6454.586 1005.504
6455.639 994.950
6456.692 905.732
6457.745 863.291
6458.798 798.939
6459.851 726.673
6460.904 781.246
6461.957 793.734
6463.010 900.869
6464.063 1100.304
6465.116 1232.372
6466.169 1290.299
6467.222 1001.496
6468.276 776.944
6469.329 911.052
6470.382 1186.159
6471.435 1278.803
6472.488 1014.584
6473.541 814.019
6474.594 808.188
6475.647 788.730
6476.700 778.407
6477.753 873.276
6478.806 953.697
6479.859 874.038
6480.912 826.628
6481.965 771.974
6483.018 795.433
6484.071 749.140
6485.124 758.950
6486.177 769.122
6487.230 697.445
6488.283 756.147
6489.336 710.579
6490.389 751.522
6491.442 777.696
6492.495 776.207
6493.548 794.296
6494.601 755.309
6495.654 785.689
6496.707 829.427
6497.760 1561.918
6498.813 1954.919
6499.866 1582.580
6500.919 988.793
6501.972 846.560
6503.025 801.799
6504.078 1080.313
6505.131 1254.770
6506.184 1027.450
6507.237 810.340
6508.290 780.035
6509.343 792.319
6510.396 774.303
6511.449 820.078
6512.502 833.614
6513.555 902.396
6514.608 868.628
6515.661 785.934
6516.714 825.024
6517.767 746.423
6518.820 849.991
6519.873 806.287
6520.926 855.600
6521.979 1108.507
6523.032 986.479
6524.085 933.770
6525.138 837.980
6526.191 842.432
6527.244 822.943
6528.297 852.874
6529.350 838.610
6530.403 790.525
6531.456 920.815
6532.509 1706.368
6533.562 1781.246
6534.615 1284.585
6535.668 854.821
6536.721 762.805
6537.774 815.435
6538.827 864.979
6539.880 876.268
6540.933 952.045
6541.986 891.487
6543.039 1088.685
6544.092 1216.647
6545.145 1137.027
6546.198 1030.614
6547.251 941.234
6548.304 940.847
6549.357 906.252
6550.411 1578.472
6551.464 2742.265
6552.517 3500.520
6553.570 2910.753
6554.623 1690.778
6555.676 1102.689
6556.729 870.350
6557.782 959.499
6558.835 987.003
6559.888 1025.820
6560.941 1072.129
6561.994 1309.651
6563.047 2029.322
6564.100 7840.444
6565.153 117874.243
6566.206 373064.173
6567.259 359665.854
6568.312 125858.903
6569.365 4394.903
6570.418 1553.884
6571.471 1160.883
6572.524 1068.370
6573.577 1030.078
6574.630 1017.366
6575.683 1181.264
6576.736 1682.584
6577.789 1732.362
6578.842 1261.532
6579.895 976.987
6580.948 968.050
6582.001 964.301
6583.054 920.777
6584.107 986.104
6585.160 986.942
6586.213 4235.448
6587.266 7368.356
6588.319 5578.526
6589.372 2013.765
6590.425 722.581
6591.478 944.664
6592.531 862.298
6593.584 842.042
6594.637 914.426
6595.690 986.207
6596.743 1018.810
6597.796 954.879
6598.849 821.289
6599.902 812.648
6600.955 769.236
6602.008 790.356
6603.061 1049.724
6604.114 1212.829
6605.167 1177.816
6606.220 891.027
6607.273 766.099
6608.326 762.980
6609.379 753.435
6610.432 796.724
6611.485 781.620
6612.538 803.413
6613.591 702.769
6614.644 747.423
6615.697 814.882
6616.750 790.348
6617.803 703.136
6618.856 771.005
6619.909 700.660
6620.962 699.416
6622.015 781.559
6623.068 768.173
6624.121 709.688
6625.174 729.419
6626.227 789.496
6627.280 810.031
6628.333 868.876
6629.386 808.239
6630.439 728.045
6631.492 665.682
6632.545 776.088
6633.599 922.542
6634.652 828.337
6635.705 811.923
6636.758 721.045
6637.811 745.364
6638.864 705.764
6639.917 758.081
6640.970 774.967
6642.023 706.909
6643.076 687.687
6644.129 715.754
6645.182 727.139
6646.235 689.635
6647.288 715.857
6648.341 710.335
6649.394 669.022
6650.447 707.094
6651.500 673.353
6652.553 661.530
6653.606 708.817
6654.659 680.095
6655.712 701.662
6656.765 670.197
6657.818 640.569
6658.871 704.182
6659.924 685.376
6660.977 753.658
6662.030 748.007
6663.083 662.558
6664.136 693.105
6665.189 706.127
6666.242 696.293
6667.295 767.087
6668.348 769.410
6669.401 708.818
6670.454 641.974
6671.507 727.252
6672.560 661.484
6673.613 662.098
6674.666 644.162
6675.719 672.840
6676.772 691.479
6677.825 617.760
6678.878 674.790
6679.931 759.782
6680.984 3199.239
6682.037 4959.723
6683.090 3510.071
6684.143 1329.880
6685.196 585.881
6686.249 646.672
6687.302 642.339
6688.355 681.279
6689.408 664.189
6690.461 639.264
6691.514 681.727
6692.567 723.453
6693.620 683.430
6694.673 628.744
6695.726 627.901
6696.779 654.831
6697.832 652.807
6698.885 738.595
6699.938 658.007
6700.991 745.509
6702.044 654.695
6703.097 642.874
6704.150 718.377
6705.203 684.428
6706.256 668.328
6707.309 676.528
6708.362 648.525
6709.415 618.208
6710.468 677.647
6711.521 663.670
6712.574 630.624
6713.627 652.261
6714.680 656.074
6715.734 602.404
6716.787 727.957
6717.840 442.500
6718.893 3614.484
6719.946 11126.836
6720.999 11551.205
6722.052 5190.436
6723.105 490.577
6724.158 717.198
6725.211 649.518
6726.264 645.228
6727.317 595.000
6728.370 650.049
6729.423 618.549
6730.476 642.800
6731.529 754.144
6732.582 642.933
6733.635 4807.957
6734.688 8819.288
6735.741 7594.556
6736.794 2398.031
6737.847 473.115
6738.900 733.063
6739.953 643.800
6741.006 641.212
6742.059 601.748
6743.112 647.680
6744.165 660.335
6745.218 672.545
6746.271 683.702
6747.324 633.930
6748.377 582.380
6749.430 641.822
6750.483 660.643
6751.536 595.778
6752.589 604.619
6753.642 608.905
6754.695 596.607
6755.748 642.077
6756.801 697.510
6757.854 627.683
6758.907 572.451
6759.960 622.382
6761.013 611.818
6762.066 646.144
6763.119 637.268
6764.172 566.976
6765.225 639.636
6766.278 641.669
6767.331 606.841
6768.384 582.565
6769.437 558.110
6770.490 635.835
6771.543 643.799
6772.596 575.318
6773.649 572.962
6774.702 597.007
6775.755 646.440
6776.808 652.099
6777.861 582.743
6778.914 624.484
6779.967 590.328
6781.020 591.621
6782.073 604.164
6783.126 589.503
6784.179 611.107
6785.232 638.375
6786.285 657.956
6787.338 649.090
6788.391 583.452
6789.444 610.899
6790.497 662.879
6791.550 611.248
6792.603 573.580
6793.656 610.368
6794.709 614.705
6795.762 589.275
6796.815 605.776
6797.868 610.293
6798.922 605.864
6799.975 567.220
6801.028 535.277
6802.081 660.996
6803.134 575.335
6804.187 598.358
6805.240 588.133
6806.293 611.550
6807.346 591.662
6808.399 568.717
6809.452 599.154
6810.505 587.561
6811.558 639.405
6812.611 590.392
6813.664 604.183
6814.717 621.501
6815.770 577.120
6816.823 581.605
6817.876 599.468
6818.929 610.764
6819.982 600.734
6821.035 588.197
6822.088 619.864
6823.141 644.069
6824.194 634.344
6825.247 552.186
6826.300 758.139
6827.353 1159.805
6828.406 1655.935
6829.459 1959.439
6830.512 1708.547
6831.565 816.159
6832.618 907.673
6833.671 1767.144
6834.724 1933.976
6835.777 1254.692
6836.830 668.694
6837.883 590.154
6838.936 666.134
6839.989 679.169
6841.042 863.772
6842.095 995.738
6843.148 784.934
6844.201 610.500
6845.254 602.040
6846.307 599.987
6847.360 559.340
6848.413 546.756
6849.466 665.007
6850.519 631.611
6851.572 613.400
6852.625 566.156
6853.678 626.571
6854.731 589.505
6855.784 584.315
6856.837 563.471
6857.890 611.889
6858.943 590.943
6859.996 587.081
6861.049 623.839
6862.102 880.466
6863.155 2389.888
6864.208 3394.421
6865.261 2118.435
6866.314 698.764
6867.367 419.272
6868.420 359.280
6869.473 429.843
6870.526 549.609
6871.579 659.595
6872.632 516.509
6873.685 402.883
6874.738 418.707
6875.791 448.844
6876.844 443.853
6877.897 458.201
6878.950 499.510
6880.003 606.416
6881.056 831.095
6882.110 886.479
6883.163 639.708
6884.216 534.184
6885.269 528.395
6886.322 558.320
6887.375 546.685
6888.428 775.686
6889.481 1102.817
6890.534 862.957
6891.587 466.250
6892.640 488.536
6893.693 559.984
6894.746 539.939
6895.799 515.111
6896.852 515.900
6897.905 496.643
6898.958 503.171
6900.011 916.963
6901.064 924.382
6902.117 842.402
6903.170 627.837
6904.223 533.728
6905.276 491.114
6906.329 549.717
6907.382 548.325
6908.435 497.957
6909.488 510.009
6910.541 544.022
6911.594 944.118
6912.647 1396.833
6913.700 1087.461
6914.753 595.795
6915.806 549.063
6916.859 559.887
6917.912 506.120
6918.965 536.942
6920.018 561.392
6921.071 630.413
6922.124 1263.276
6923.177 1823.475
6924.230 1616.745
6925.283 780.800
6926.336 545.619
6927.389 555.215
6928.442 532.443
6929.495 544.247
6930.548 548.660
6931.601 535.285
6932.654 557.489
6933.707 579.564
6934.760 531.736
6935.813 517.644
6936.866 554.773
6937.919 745.343
6938.972 1141.217
6940.025 1192.751
6941.078 884.699
6942.131 538.410
6943.184 569.968
6944.237 508.810
6945.290 574.365
6946.343 545.711
6947.396 839.745
6948.449 1825.191
6949.502 2340.213
6950.555 1412.175
6951.608 650.087
6952.661 605.574
6953.714 578.098
6954.767 568.956
6955.820 541.462
6956.873 585.551
6957.926 574.326
6958.979 542.852
6960.032 662.195
6961.085 594.965
6962.138 555.377
6963.191 580.736
6964.245 620.124
6965.298 594.755
6966.351 572.225
6967.404 572.457
6968.457 648.574
6969.510 930.980
6970.563 1033.988
6971.616 753.734
6972.669 574.838
6973.722 555.941
6974.775 565.823
6975.828 563.986
6976.881 787.758
6977.934 1428.124
6978.987 1520.005
6980.040 1018.436
6981.093 612.672
6982.146 571.128
6983.199 570.101
6984.252 599.028
6985.305 593.601
6986.358 591.247
6987.411 541.706
6988.464 544.090
6989.517 544.846
6990.570 553.742
6991.623 576.039
6992.676 592.315
6993.729 588.436
6994.782 537.080
6995.835 580.758
6996.888 619.448
6997.941 567.892
6998.994 610.836
7000.047 568.188
7001.100 668.928
7002.153 811.857
7003.206 917.626
7004.259 781.268
7005.312 664.010
7006.365 582.654
7007.418 530.789
7008.471 547.896
7009.524 602.606
7010.577 789.967
7011.630 990.009
7012.683 839.592
7013.736 560.114
7014.789 519.468
7015.842 531.194
7016.895 479.843
7017.948 515.991
7019.001 571.233
7020.054 516.441
7021.107 541.006
7022.160 573.761
7023.213 540.544
7024.266 551.056
7025.319 559.637
7026.372 559.372
7027.425 524.428
7028.478 554.745
7029.531 559.730
7030.584 531.700
7031.637 508.440
7032.690 534.201
7033.743 558.175
7034.796 521.817
7035.849 477.188
7036.902 508.454
7037.955 549.090
7039.008 552.970
7040.061 592.998
7041.114 655.991
7042.167 649.793
7043.220 508.391
7044.273 558.410
7045.326 532.235
7046.379 643.152
7047.433 755.176
7048.486 871.837
7049.539 771.475
7050.592 653.255
7051.645 633.758
7052.698 635.475
7053.751 626.850
7054.804 605.174
7055.857 603.288
7056.910 575.555
7057.963 621.965
7059.016 563.325
7060.069 594.809
7061.122 604.066
7062.175 576.761
7063.228 600.710
7064.281 629.526
7065.334 606.853
7066.387 581.620
7067.440 922.953
7068.493 2328.715
7069.546 3295.664
7070.599 2243.188
7071.652 867.528
7072.705 579.400
7073.758 634.685
7074.811 643.474
7075.864 598.794
7076.917 560.920
7077.970 602.400
7079.023 600.548
7080.076 548.716
7081.129 567.361
7082.182 652.234
7083.235 651.783
7084.288 581.962
7085.341 502.702
7086.394 512.960
7087.447 576.046
7088.500 656.239
7089.553 690.984
7090.606 639.951
7091.659 591.787
7092.712 592.731
7093.765 572.063
7094.818 527.446
7095.871 535.523
7096.924 563.369
7097.977 530.188
7099.030 539.449
7100.083 527.557
7101.136 555.143
7102.189 509.788
7103.242 502.958
7104.295 536.933
7105.348 519.443
7106.401 522.443
7107.454 560.748
7108.507 556.607
7109.560 509.756
7110.613 513.058
7111.666 550.553
7112.719 516.026
7113.772 519.786
7114.825 542.657
7115.878 526.007
7116.931 496.239
7117.984 530.704
7119.037 524.520
7120.090 562.262
7121.143 553.428
7122.196 535.538
7123.249 527.054
7124.302 527.842
7125.355 556.420
7126.408 592.419
7127.461 600.809
7128.514 583.129
7129.568 554.734
7130.621 554.167
7131.674 579.547
7132.727 603.094
7133.780 572.832
7134.833 544.644
7135.886 533.895
7136.939 530.555
7137.992 1532.413
7139.045 7112.225
7140.098 10436.536
7141.151 6573.482
7142.204 1758.877
7143.257 560.966
7144.310 696.972
7145.363 588.394
7146.416 629.173
7147.469 626.175
7148.522 618.625
7149.575 653.338
7150.628 565.273
7151.681 544.890
7152.734 524.149
7153.787 538.845
7154.840 549.688
7155.893 597.003
7156.946 585.061
7157.999 546.701
7159.052 565.873
7160.105 583.100
7161.158 553.320
7162.211 559.242
7163.264 588.441
7164.317 580.232
7165.370 596.925
7166.423 603.321
7167.476 504.607
7168.529 530.014
7169.582 526.176
7170.635 482.872
7171.688 502.740
7172.741 490.218
7173.794 522.712
7174.847 574.948
7175.900 560.743
7176.953 536.698
7178.006 546.287
7179.059 543.790
7180.112 516.679
7181.165 515.464
7182.218 564.026
7183.271 560.243
7184.324 499.242
7185.377 481.550
7186.430 437.105
7187.483 514.482
7188.536 426.873
7189.589 536.662
7190.642 502.799
7191.695 459.381
7192.748 427.587
7193.801 479.694
7194.854 520.365
7195.907 519.173
7196.960 518.239
7198.013 525.611
7199.066 519.108
7200.119 488.783
7201.172 496.895
7202.225 494.996
7203.278 559.382
7204.331 521.462
7205.384 490.516
7206.437 473.536
7207.490 495.137
7208.543 469.690
7209.596 517.864
7210.649 514.193
7211.702 480.463
7212.756 502.327
7213.809 532.986
7214.862 506.180
7215.915 504.724
7216.968 538.821
7218.021 518.266
7219.074 531.550
7220.127 472.036
7221.180 524.528
7222.233 537.472
7223.286 551.272
7224.339 562.746
7225.392 541.271
7226.445 496.520
7227.498 532.398
7228.551 557.488
7229.604 563.249
7230.657 580.767
7231.710 544.948
7232.763 520.290
7233.816 578.796
7234.869 539.992
7235.922 484.019
7236.975 646.536
7238.028 1247.019
7239.081 2400.919
7240.134 3115.269
7241.187 2750.470
7242.240 1705.976
7243.293 1482.921
7244.346 2418.893
7245.399 3098.956
7246.452 2230.019
7247.505 1040.071
7248.558 678.343
7249.611 603.694
7250.664 602.710
7251.717 739.241
7252.770 1059.430
7253.823 1107.579
7254.876 903.600
7255.929 734.957
7256.982 608.483
7258.035 544.894
7259.088 559.776
7260.141 533.408
7261.194 518.779
7262.247 568.270
7263.300 547.042
7264.353 499.433
7265.406 498.939
7266.459 537.236
7267.512 633.200
7268.565 659.543
7269.618 640.891
7270.671 606.229
7271.724 554.162
7272.777 586.723
7273.830 669.279
7274.883 2187.854
7275.936 4425.122
7276.989 4639.403
7278.042 2479.546
7279.095 808.781
7280.148 595.833
7281.201 646.277
7282.254 734.275
7283.307 1320.765
7284.360 2376.030
7285.413 2605.923
7286.466 1567.295
7287.519 790.731
7288.572 570.471
7289.625 529.873
7290.678 549.606
7291.731 601.541
7292.784 575.644
7293.837 521.681
7294.891 790.621
7295.944 1030.403
7296.997 877.503
7298.050 634.998
7299.103 520.637
7300.156 511.621
7301.209 562.189
7302.262 820.102
7303.315 1349.836
7304.368 1430.589
7305.421 908.258
7306.474 652.463
7307.527 531.969
7308.580 476.671
7309.633 570.758
7310.686 622.512
7311.739 604.536
7312.792 557.274
7313.845 598.482
7314.898 1702.117
7315.951 3582.403
7317.004 3629.915
7318.057 1885.289
7319.110 757.297
7320.163 487.976
7321.216 525.592
7322.269 819.539
7323.322 1664.435
7324.375 2206.584
7325.428 1654.238
7326.481 890.784
7327.534 957.763
7328.587 1618.312
7329.640 1853.653
7330.693 1328.823
7331.746 790.050
7332.799 939.957
7333.852 1594.079
7334.905 1831.826
7335.958 1268.120
7337.011 778.804
7338.064 568.635
7339.117 1245.991
7340.170 3329.251
7341.223 4537.469
7342.276 2994.218
7343.329 1127.541
7344.382 623.783
7345.435 566.665
7346.488 566.523
7347.541 571.325
7348.594 622.711
7349.647 545.413
7350.700 523.239
7351.753 588.847
7352.806 624.020
7353.859 561.603
7354.912 536.530
7355.965 477.334
7357.018 872.483
7358.071 1452.491
7359.124 1598.492
7360.177 1148.713
7361.230 650.901
7362.283 536.240
7363.336 492.744
7364.389 524.248
7365.442 531.391
7366.495 574.452
7367.548 937.598
7368.601 2622.502
7369.654 3307.881
7370.707 2202.102
7371.760 1034.323
7372.813 603.812
7373.866 578.818
7374.919 579.677
7375.972 513.051
7377.025 495.278
7378.079 519.367
7379.132 499.255
7380.185 508.311
7381.238 474.203
7382.291 522.860
7383.344 529.496
7384.397 504.994
7385.450 479.546
7386.503 489.495
7387.556 473.262
7388.609 519.601
7389.662 553.252
7390.715 841.926
7391.768 1246.608
7392.821 1228.470
7393.874 926.627
7394.927 604.475
7395.980 466.293
7397.033 510.254
7398.086 494.903
7399.139 502.151
7400.192 941.379
7401.245 1820.451
7402.298 2184.697
7403.351 1476.780
7404.404 757.426
7405.457 538.642
7406.510 520.232
7407.563 524.793
7408.616 481.552
7409.669 499.230
7410.722 462.969
7411.775 510.005
7412.828 552.848
7413.881 492.952
7414.934 527.507
7415.987 494.822
7417.040 527.546
7418.093 504.317
7419.146 437.382
7420.199 457.755
7421.252 476.030
7422.305 483.990
7423.358 512.259
7424.411 497.850
7425.464 521.881
7426.517 509.032
7427.570 531.663
7428.623 661.029
7429.676 827.565
7430.729 904.679
7431.782 633.382
7432.835 488.865
7433.888 483.204
7434.941 476.681
7435.994 482.113
7437.047 738.780
7438.100 1187.390
7439.153 1277.664
7440.206 926.476
7441.259 553.648
7442.312 421.348
7443.365 447.312
7444.418 498.218
7445.471 418.804
7446.524 439.998
7447.577 485.273
7448.630 493.001
7449.683 476.630
7450.736 436.242
7451.789 500.948
7452.842 488.366
7453.895 426.171
7454.948 450.476
7456.001 472.495
7457.054 463.918
7458.107 491.004
7459.160 487.093
7460.214 497.619
7461.267 539.696
7462.320 494.176
7463.373 579.596
7464.426 618.860
7465.479 613.933
7466.532 650.094
7467.585 735.249
7468.638 639.302
7469.691 564.266
7470.744 693.191
7471.797 814.408
7472.850 933.403
7473.903 1092.091
7474.956 1116.101
7476.009 932.441
7477.062 652.844
7478.115 594.339
7479.168 627.919
7480.221 627.998
7481.274 628.080
7482.327 628.165
7483.380 628.245
7484.433 628.329
7485.486 628.412
