3561.035 472.021
3562.213 353.495
3563.392 1045.116
3564.571 624.254
3565.750 431.754
3566.929 302.668
3568.108 1066.626
3569.286 973.591
3570.465 485.602
3571.644 556.434
3572.823 751.338
3574.002 646.374
3575.180 549.743
3576.359 277.168
3577.538 310.408
3578.717 513.384
3579.896 -135.859
3581.075 648.837
3582.253 303.858
3583.432 893.868
3584.611 130.846
3585.790 460.010
3586.969 308.303
3588.147 516.728
3589.326 790.046
3590.505 481.359
3591.684 637.752
3592.863 646.649
3594.042 92.961
3595.220 898.441
3596.399 736.275
3597.578 718.459
3598.757 561.274
3599.936 444.511
3601.114 529.213
3602.293 328.919
3603.472 660.122
3604.651 475.820
3605.830 526.708
3607.009 46.797
3608.187 857.722
3609.366 96.125
3610.545 752.026
3611.724 273.963
3612.903 478.085
3614.081 387.345
3615.260 773.607
3616.439 615.543
3617.618 700.905
3618.797 944.384
3619.976 854.585
3621.154 708.689
3622.333 704.586
3623.512 602.439
3624.691 507.734
3625.870 129.577
3627.048 661.315
3628.227 697.720
3629.406 469.184
3630.585 938.565
3631.764 1063.458
3632.943 850.447
3634.121 1321.704
3635.300 543.034
3636.479 821.501
3637.658 909.369
3638.837 683.162
3640.015 316.270
3641.194 806.355
3642.373 1098.994
3643.552 872.033
3644.731 459.163
3645.910 492.017
3647.088 640.141
3648.267 779.393
3649.446 1087.311
3650.625 943.030
3651.804 412.244
3652.982 177.300
3654.161 305.756
3655.340 771.556
3656.519 677.203
3657.698 787.787
3658.877 639.011
3660.055 747.056
3661.234 622.031
3662.413 769.445
3663.592 553.413
3664.771 737.598
3665.949 857.624
3667.128 575.186
3668.307 238.092
3669.486 271.411
3670.665 777.986
3671.844 491.540
3673.022 435.055
3674.201 897.710
3675.380 917.351
3676.559 977.159
3677.738 488.989
3678.916 347.067
3680.095 443.286
3681.274 505.953
3682.453 571.612
3683.632 475.423
3684.811 505.435
3685.989 643.838
3687.168 560.714
3688.347 487.771
3689.526 468.141
3690.705 562.738
3691.883 398.043
3693.062 556.751
3694.241 498.027
3695.420 733.759
3696.599 154.161
3697.777 677.052
3698.956 1077.666
3700.135 531.618
3701.314 601.114
3702.493 890.354
3703.672 694.939
3704.850 485.395
3706.029 603.306
3707.208 878.668
3708.387 610.355
3709.566 677.275
3710.744 347.694
3711.923 542.859
3713.102 806.555
3714.281 735.122
3715.460 798.625
3716.639 437.764
3717.817 439.171
3718.996 419.367
3720.175 447.565
3721.354 235.423
3722.533 556.585
3723.711 1145.319
3724.890 1153.460
3726.069 1875.428
3727.248 5759.664
3728.427 8659.739
3729.606 10144.833
3730.784 11609.935
3731.963 9789.316
3733.142 3709.766
3734.321 646.864
3735.500 842.952
3736.678 1109.637
3737.857 936.223
3739.036 669.700
3740.215 556.614
3741.394 629.678
3742.573 752.384
3743.751 608.569
3744.930 754.317
3746.109 652.873
3747.288 612.904
3748.467 438.909
3749.645 630.185
3750.824 947.297
3752.003 1025.835
3753.182 1046.862
3754.361 750.083
3755.540 550.096
3756.718 441.834
3757.897 641.008
3759.076 580.832
3760.255 532.061
3761.434 517.836
3762.612 597.079
3763.791 545.628
3764.970 493.332
3766.149 250.499
3767.328 375.029
3768.507 363.920
3769.685 324.246
3770.864 491.775
3772.043 970.075
3773.222 1296.716
3774.401 1073.770
3775.579 417.281
3776.758 371.894
3777.937 654.803
3779.116 437.543
3780.295 393.059
3781.474 444.532
3782.652 461.150
3783.831 625.350
3785.010 691.327
3786.189 338.586
3787.368 458.708
3788.546 492.865
3789.725 566.248
3790.904 704.755
3792.083 496.218
3793.262 432.656
3794.441 593.884
3795.619 446.412
3796.798 491.277
3797.977 594.191
3799.156 1092.371
3800.335 1226.114
3801.513 1234.269
3802.692 468.152
3803.871 539.201
3805.050 449.280
3806.229 584.710
3807.408 218.623
3808.586 405.904
3809.765 299.638
3810.944 280.377
3812.123 431.297
3813.302 505.375
3814.480 459.761
3815.659 605.169
3816.838 405.888
3818.017 540.976
3819.196 402.509
3820.375 655.577
3821.553 740.961
3822.732 664.668
3823.911 504.508
3825.090 390.816
3826.269 467.232
3827.447 457.324
3828.626 528.790
3829.805 827.109
3830.984 557.679
3832.163 855.605
3833.342 531.289
3834.520 817.946
3835.699 702.801
3836.878 1511.110
3838.057 1856.345
3839.236 1051.923
3840.414 538.988
3841.593 501.777
3842.772 586.673
3843.951 627.916
3845.130 467.983
3846.309 470.558
3847.487 487.547
3848.666 567.117
3849.845 438.500
3851.024 465.636
3852.203 531.642
3853.381 474.438
3854.560 404.549
3855.739 521.795
3856.918 464.459
3858.097 421.488
3859.275 408.240
3860.454 487.540
3861.633 435.948
3862.812 413.427
3863.991 416.363
3865.170 487.755
3866.348 466.953
3867.527 449.010
3868.706 1009.095
3869.885 3928.804
3871.064 7918.490
3872.242 6076.517
3873.421 1667.472
3874.600 440.743
3875.779 471.223
3876.958 327.019
3878.137 437.318
3879.315 304.846
3880.494 288.446
3881.673 290.145
3882.852 479.158
3884.031 353.351
3885.209 215.247
3886.388 354.995
3887.567 272.646
3888.746 507.446
3889.925 1843.523
3891.104 3357.585
3892.282 2829.900
3893.461 1085.171
3894.640 317.603
3895.819 348.445
3896.998 457.340
3898.176 378.514
3899.355 400.542
3900.534 528.939
3901.713 351.852
3902.892 419.981
3904.071 463.818
3905.249 354.403
3906.428 614.476
3907.607 570.400
3908.786 560.928
3909.965 404.597
3911.143 601.632
3912.322 552.185
3913.501 506.971
3914.680 591.773
3915.859 429.550
3917.038 526.096
3918.216 618.128
3919.395 436.901
3920.574 371.680
3921.753 332.063
3922.932 412.004
3924.110 372.704
3925.289 391.260
3926.468 375.797
3927.647 297.509
3928.826 350.019
3930.005 364.714
3931.183 320.276
3932.362 273.522
3933.541 191.984
3934.720 296.840
3935.899 269.590
3937.077 264.248
3938.256 269.742
3939.435 380.750
3940.614 349.828
3941.793 507.572
3942.972 572.235
3944.150 304.564
3945.329 440.614
3946.508 562.009
3947.687 675.566
3948.866 645.845
3950.044 412.430
3951.223 455.357
3952.402 455.411
3953.581 409.168
3954.760 344.989
3955.939 403.248
3957.117 438.476
3958.296 452.826
3959.475 361.826
3960.654 366.040
3961.833 271.927
3963.011 254.504
3964.190 267.753
3965.369 279.763
3966.548 297.957
3967.727 680.853
3968.906 1507.655
3970.084 2149.725
3971.263 2538.259
3972.442 2650.659
3973.621 1963.831
3974.800 833.517
3975.978 251.849
3977.157 351.092
3978.336 412.066
3979.515 324.930
3980.694 412.879
3981.873 357.456
3983.051 301.171
3984.230 350.912
3985.409 340.706
3986.588 330.407
3987.767 347.937
3988.945 469.525
3990.124 402.274
3991.303 353.283
3992.482 299.318
3993.661 399.690
3994.840 373.013
3996.018 370.046
3997.197 352.797
3998.376 398.207
3999.555 359.372
4000.734 394.654
4001.912 417.433
4003.091 434.245
4004.270 442.345
4005.449 325.663
4006.628 378.856
4007.807 367.696
4008.985 520.189
4010.164 489.441
4011.343 562.805
4012.522 513.967
4013.701 400.072
4014.879 386.630
4016.058 416.864
4017.237 440.734
4018.416 467.812
4019.595 443.506
4020.773 395.311
4021.952 421.153
4023.131 358.693
4024.310 385.339
4025.489 341.467
4026.668 472.114
4027.846 617.243
4029.025 568.902
4030.204 552.521
4031.383 393.253
4032.562 398.729
4033.740 353.400
4034.919 313.102
4036.098 358.148
4037.277 420.487
4038.456 437.143
4039.635 367.303
4040.813 386.241
4041.992 518.067
4043.171 453.916
4044.350 513.382
4045.529 476.130
4046.707 418.497
4047.886 450.202
4049.065 413.439
4050.244 390.223
4051.423 430.682
4052.602 427.227
4053.780 300.777
4054.959 414.717
4056.138 419.349
4057.317 388.491
4058.496 388.835
4059.674 408.809
4060.853 423.005
4062.032 326.598
4063.211 404.882
4064.390 453.637
4065.569 422.215
4066.747 411.801
4067.926 451.460
4069.105 484.124
4070.284 452.519
4071.463 545.468
4072.641 449.993
4073.820 353.440
4074.999 371.463
4076.178 418.472
4077.357 457.210
4078.536 429.277
4079.714 401.218
4080.893 491.986
4082.072 453.822
4083.251 375.817
4084.430 370.597
4085.608 376.872
4086.787 405.220
4087.966 361.778
4089.145 423.736
4090.324 317.245
4091.503 416.057
4092.681 348.721
4093.860 343.259
4095.039 345.694
4096.218 363.444
4097.397 341.253
4098.575 375.093
4099.754 390.319
4100.933 275.086
4102.112 778.602
4103.291 2227.849
4104.470 3343.276
4105.648 2282.807
4106.827 578.981
4108.006 346.914
4109.185 361.266
4110.364 405.048
4111.542 301.448
4112.721 292.909
4113.900 308.501
4115.079 351.209
4116.258 378.045
4117.437 348.477
4118.615 310.774
4119.794 352.708
4120.973 341.845
4122.152 383.795
4123.331 370.862
4124.509 376.855
4125.688 396.109
4126.867 394.064
4128.046 323.251
4129.225 407.313
4130.404 303.197
4131.582 319.836
4132.761 342.817
4133.940 356.437
4135.119 331.153
4136.298 317.918
4137.476 300.125
4138.655 266.007
4139.834 345.604
4141.013 364.120
4142.192 351.807
4143.371 335.690
4144.549 299.217
4145.728 373.572
4146.907 368.567
4148.086 320.631
4149.265 289.343
4150.443 295.867
4151.622 349.410
4152.801 332.820
4153.980 227.238
4155.159 367.630
4156.338 375.868
4157.516 359.322
4158.695 361.550
4159.874 382.297
4161.053 346.919
4162.232 387.294
4163.410 369.895
4164.589 464.151
4165.768 379.433
4166.947 464.120
4168.126 413.150
4169.305 432.515
4170.483 413.905
4171.662 366.354
4172.841 415.199
4174.020 357.002
4175.199 324.989
4176.377 342.619
4177.556 378.011
4178.735 365.316
4179.914 351.855
4181.093 330.613
4182.271 348.866
4183.450 353.792
4184.629 324.827
4185.808 308.618
4186.987 297.050
4188.166 287.266
4189.344 303.171
4190.523 332.440
4191.702 342.185
4192.881 364.301
4194.060 250.351
4195.238 313.948
4196.417 355.207
4197.596 258.476
4198.775 305.609
4199.954 265.385
4201.133 289.952
4202.311 303.140
4203.490 283.414
4204.669 292.403
4205.848 317.016
4207.027 306.504
4208.205 361.899
4209.384 297.128
4210.563 248.681
4211.742 268.414
4212.921 268.607
4214.100 325.773
4215.278 349.331
4216.457 250.008
4217.636 334.632
4218.815 266.705
4219.994 291.261
4221.172 287.910
4222.351 276.044
4223.530 327.945
4224.709 335.645
4225.888 242.644
4227.067 229.516
4228.245 198.954
4229.424 276.003
4230.603 350.644
4231.782 430.755
4232.961 389.623
4234.139 317.781
4235.318 295.106
4236.497 272.079
4237.676 262.937
4238.855 246.423
4240.034 285.975
4241.212 308.605
4242.391 238.146
4243.570 234.312
4244.749 303.556
4245.928 379.138
4247.106 288.782
4248.285 291.715
4249.464 245.296
4250.643 253.407
4251.822 290.514
4253.001 243.707
4254.179 277.036
4255.358 313.375
4256.537 305.091
4257.716 267.176
4258.895 282.522
4260.073 239.168
4261.252 220.247
4262.431 324.649
4263.610 287.544
4264.789 304.912
4265.968 279.546
4267.146 309.806
4268.325 287.532
4269.504 286.709
4270.683 260.563
4271.862 257.319
4273.040 224.440
4274.219 249.583
4275.398 262.414
4276.577 267.828
4277.756 312.193
4278.935 265.030
4280.113 276.418
4281.292 250.102
4282.471 264.183
4283.650 247.925
4284.829 275.087
4286.007 271.373
4287.186 218.281
4288.365 253.973
4289.544 221.293
4290.723 203.128
4291.902 305.175
4293.080 279.932
4294.259 221.549
4295.438 280.389
4296.617 257.246
4297.796 278.154
4298.974 263.364
4300.153 231.811
4301.332 235.485
4302.511 240.587
4303.690 224.855
4304.869 199.368
4306.047 240.769
4307.226 218.256
4308.405 246.389
4309.584 266.882
4310.763 225.036
4311.941 269.545
4313.120 271.382
4314.299 312.607
4315.478 268.080
4316.657 303.066
4317.836 320.880
4319.014 226.727
4320.193 301.724
4321.372 269.599
4322.551 242.349
4323.730 244.449
4324.908 235.500
4326.087 228.060
4327.266 225.388
4328.445 225.250
4329.624 276.430
4330.803 283.434
4331.981 310.525
4333.160 233.200
4334.339 247.230
4335.518 243.056
4336.697 249.345
4337.875 239.699
4339.054 203.408
4340.233 330.236
4341.412 1273.740
4342.591 3873.003
4343.769 4209.018
4344.948 2101.751
4346.127 345.840
4347.306 256.381
4348.485 256.542
4349.664 289.241
4350.842 239.351
4352.021 197.477
4353.200 247.288
4354.379 244.536
4355.558 214.600
4356.736 217.478
4357.915 263.634
4359.094 238.302
4360.273 207.472
4361.452 241.559
4362.631 294.132
4363.809 332.059
4364.988 653.285
4366.167 988.459
4367.346 750.684
4368.525 429.959
4369.703 321.572
4370.882 231.957
4372.061 243.740
4373.240 249.528
4374.419 182.649
4375.598 246.069
4376.776 233.706
4377.955 198.721
4379.134 229.406
4380.313 253.076
4381.492 263.274
4382.670 207.516
4383.849 181.690
4385.028 190.010
4386.207 205.489
4387.386 256.431
4388.565 235.820
4389.743 235.949
4390.922 267.082
4392.101 231.985
4393.280 237.204
4394.459 253.117
4395.637 256.252
4396.816 220.811
4397.995 242.624
4399.174 238.804
4400.353 221.048
4401.532 271.155
4402.710 273.791
4403.889 258.625
4405.068 235.975
4406.247 263.521
4407.426 230.215
4408.604 258.013
4409.783 306.533
4410.962 294.021
4412.141 313.893
4413.320 287.931
4414.499 268.058
4415.677 289.344
4416.856 295.728
4418.035 286.450
4419.214 253.306
4420.393 262.760
4421.571 295.440
4422.750 265.243
4423.929 226.425
4425.108 249.761
4426.287 245.224
4427.466 251.510
4428.644 262.000
4429.823 278.406
4431.002 298.991
4432.181 290.423
4433.360 269.703
4434.538 227.721
4435.717 248.302
4436.896 262.151
4438.075 244.738
4439.254 275.356
4440.433 277.762
4441.611 233.196
4442.790 258.442
4443.969 272.696
4445.148 201.134
4446.327 230.503
4447.505 235.829
4448.684 238.338
4449.863 230.895
4451.042 270.841
4452.221 265.624
4453.400 270.404
4454.578 259.664
4455.757 188.389
4456.936 236.270
4458.115 228.932
4459.294 219.604
4460.472 206.094
4461.651 214.126
4462.830 232.058
4464.009 235.821
4465.188 204.680
4466.367 239.748
4467.545 286.561
4468.724 234.405
4469.903 190.112
4471.082 199.157
4472.261 264.805
4473.439 478.793
4474.618 589.780
4475.797 393.356
4476.976 252.220
4478.155 252.977
4479.334 206.500
4480.512 183.203
4481.691 202.061
4482.870 237.669
4484.049 241.535
4485.228 256.596
4486.406 242.271
4487.585 189.053
4488.764 210.976
4489.943 227.127
4491.122 218.507
4492.301 211.834
4493.479 254.328
4494.658 232.880
4495.837 232.674
4497.016 224.944
4498.195 235.867
4499.373 249.526
4500.552 269.725
4501.731 196.614
4502.910 205.541
4504.089 219.073
4505.267 255.241
4506.446 255.035
4507.625 238.040
4508.804 234.828
4509.983 203.996
4511.162 218.849
4512.340 227.571
4513.519 236.184
4514.698 255.063
4515.877 216.913
4517.056 211.247
4518.234 244.832
4519.413 232.985
4520.592 234.886
4521.771 222.672
4522.950 261.105
4524.129 241.331
4525.307 230.905
4526.486 271.378
4527.665 238.765
4528.844 206.808
4530.023 249.659
4531.201 262.347
4532.380 228.855
4533.559 257.453
4534.738 232.629
4535.917 214.789
4537.096 257.248
4538.274 234.865
4539.453 244.571
4540.632 258.874
4541.811 240.945
4542.990 236.904
4544.168 253.412
4545.347 249.526
4546.526 274.904
4547.705 277.763
4548.884 226.221
4550.063 245.738
4551.241 268.844
4552.420 267.752
4553.599 245.170
4554.778 221.170
4555.957 231.473
4557.135 224.760
4558.314 225.871
4559.493 257.003
4560.672 214.402
4561.851 231.974
4563.030 235.697
4564.208 233.738
4565.387 235.180
4566.566 227.897
4567.745 243.598
4568.924 224.580
4570.102 242.883
4571.281 265.689
4572.460 231.168
4573.639 245.802
4574.818 235.619
4575.997 224.898
4577.175 252.747
4578.354 256.341
4579.533 263.113
4580.712 275.072
4581.891 242.617
4583.069 238.061
4584.248 248.276
4585.427 217.767
4586.606 236.648
4587.785 222.983
4588.964 223.939
4590.142 252.807
4591.321 225.380
4592.500 223.387
4593.679 208.155
4594.858 208.836
4596.036 241.562
4597.215 224.604
4598.394 253.514
4599.573 246.867
4600.752 223.946
4601.931 235.388
4603.109 227.244
4604.288 207.409
4605.467 223.544
4606.646 239.125
4607.825 231.952
4609.003 231.845
4610.182 230.177
4611.361 249.660
4612.540 233.165
4613.719 224.770
4614.898 234.830
4616.076 221.670
4617.255 218.210
4618.434 216.665
4619.613 238.765
4620.792 233.976
4621.970 240.009
4623.149 200.156
4624.328 225.449
4625.507 218.469
4626.686 247.603
4627.865 195.812
4629.043 263.261
4630.222 205.797
4631.401 201.332
4632.580 212.862
4633.759 220.194
4634.937 221.427
4636.116 245.913
4637.295 262.575
4638.474 230.738
4639.653 194.392
4640.832 226.731
4642.010 242.949
4643.189 210.238
4644.368 216.635
4645.547 170.117
4646.726 222.517
4647.904 220.081
4649.083 183.822
4650.262 201.237
4651.441 229.527
4652.620 223.955
4653.799 204.612
4654.977 267.818
4656.156 260.472
4657.335 253.395
4658.514 262.989
4659.693 286.336
4660.871 276.986
4662.050 286.845
4663.229 264.506
4664.408 236.275
4665.587 239.090
4666.765 256.166
4667.944 233.864
4669.123 214.171
4670.302 212.418
4671.481 245.900
4672.660 256.281
4673.838 229.606
4675.017 245.407
4676.196 256.361
4677.375 233.881
4678.554 204.799
4679.732 205.710
4680.911 238.514
4682.090 242.201
4683.269 257.889
4684.448 253.816
4685.627 247.372
4686.805 251.248
4687.984 253.117
4689.163 265.098
4690.342 264.436
4691.521 265.860
4692.699 268.223
4693.878 262.137
4695.057 264.599
4696.236 262.595
4697.415 239.832
4698.594 213.729
4699.772 255.207
4700.951 217.497
4702.130 221.051
4703.309 230.528
4704.488 257.878
4705.666 232.209
4706.845 220.454
4708.024 232.648
4709.203 214.311
4710.382 221.408
4711.561 254.293
4712.739 256.998
4713.918 302.093
4715.097 293.617
4716.276 315.715
4717.455 289.979
4718.633 203.679
4719.812 251.259
4720.991 230.451
4722.170 218.751
4723.349 198.781
4724.528 217.919
4725.706 274.391
4726.885 232.484
4728.064 241.594
4729.243 203.089
4730.422 241.707
4731.600 229.169
4732.779 175.270
4733.958 207.048
4735.137 228.434
4736.316 228.834
4737.495 224.443
4738.673 223.312
4739.852 222.964
4741.031 225.418
4742.210 244.643
4743.389 280.440
4744.567 275.516
4745.746 218.737
4746.925 225.960
4748.104 228.392
4749.283 217.839
4750.462 230.154
4751.640 214.794
4752.819 242.459
4753.998 227.002
4755.177 202.051
4756.356 215.716
4757.534 200.201
4758.713 237.165
4759.892 223.152
4761.071 205.949
4762.250 217.969
4763.429 189.282
4764.607 190.739
4765.786 189.054
4766.965 209.524
4768.144 230.483
4769.323 239.156
4770.501 204.227
4771.680 261.105
4772.859 252.912
4774.038 251.979
4775.217 208.945
4776.396 239.124
4777.574 205.952
4778.753 207.685
4779.932 234.132
4781.111 221.530
4782.290 226.779
4783.468 218.069
4784.647 190.185
4785.826 245.584
4787.005 176.303
4788.184 223.725
4789.363 227.323
4790.541 219.278
4791.720 221.478
4792.899 245.485
4794.078 242.850
4795.257 242.266
4796.435 234.035
4797.614 231.502
4798.793 209.600
4799.972 220.378
4801.151 219.217
4802.330 219.517
4803.508 225.709
4804.687 218.183
4805.866 209.996
4807.045 205.953
4808.224 189.415
4809.402 193.880
4810.581 197.066
4811.760 227.583
4812.939 253.337
4814.118 198.453
4815.296 226.892
4816.475 249.570
4817.654 228.438
4818.833 238.352
4820.012 252.622
4821.191 209.392
4822.369 200.517
4823.548 221.509
4824.727 248.317
4825.906 253.616
4827.085 253.789
4828.263 208.061
4829.442 253.837
4830.621 234.270
4831.800 232.983
4832.979 214.582
4834.158 252.159
4835.336 219.299
4836.515 216.897
4837.694 244.887
4838.873 250.528
4840.052 236.683
4841.230 226.421
4842.409 200.155
4843.588 200.542
4844.767 212.337
4845.946 230.951
4847.125 224.143
4848.303 243.824
4849.482 197.491
4850.661 199.476
4851.840 254.265
4853.019 219.796
4854.197 191.380
4855.376 200.893
4856.555 203.286
4857.734 190.515
4858.913 205.544
4860.092 242.756
4861.270 202.956
4862.449 2223.799
4863.628 6719.154
4864.807 7442.310
4865.986 3824.851
4867.164 306.460
4868.343 278.111
4869.522 227.123
4870.701 215.455
4871.880 169.789
4873.059 206.044
4874.237 179.565
4875.416 216.939
4876.595 196.997
4877.774 201.964
4878.953 192.845
4880.131 242.025
4881.310 213.551
4882.489 223.401
4883.668 232.034
4884.847 183.655
4886.026 214.973
4887.204 222.879
4888.383 211.379
4889.562 220.836
4890.741 230.170
4891.920 195.672
4893.098 198.676
4894.277 220.323
4895.456 225.650
4896.635 239.388
4897.814 214.456
4898.993 197.207
4900.171 203.245
4901.350 238.377
4902.529 260.976
4903.708 216.447
4904.887 232.141
4906.065 256.111
4907.244 204.710
4908.423 206.133
4909.602 236.430
4910.781 239.187
4911.960 211.642
4913.138 208.378
4914.317 236.529
4915.496 224.407
4916.675 199.914
4917.854 194.332
4919.032 201.282
4920.211 174.366
4921.390 203.045
4922.569 229.280
4923.748 270.262
4924.927 297.861
4926.105 256.009
4927.284 231.444
4928.463 199.638
4929.642 207.376
4930.821 236.860
4931.999 213.530
4933.178 222.738
4934.357 222.509
4935.536 196.720
4936.715 220.165
4937.894 249.469
4939.072 222.630
4940.251 198.491
4941.430 224.167
4942.609 227.553
4943.788 201.327
4944.966 196.199
4946.145 211.978
4947.324 197.157
4948.503 251.861
4949.682 231.830
4950.861 187.081
4952.039 193.598
4953.218 235.288
4954.397 244.934
4955.576 223.502
4956.755 204.921
4957.933 253.820
4959.112 283.405
4960.291 4759.644
4961.470 13267.887
4962.649 14101.200
4963.828 5229.474
4965.006 519.244
4966.185 288.934
4967.364 334.682
4968.543 341.796
4969.722 302.201
4970.900 250.609
4972.079 227.849
4973.258 233.871
4974.437 223.032
4975.616 232.534
4976.794 240.081
4977.973 224.325
4979.152 223.948
4980.331 211.404
4981.510 225.338
4982.689 226.123
4983.867 203.212
4985.046 240.645
4986.225 271.522
4987.404 281.196
4988.583 324.990
4989.761 315.416
4990.940 262.269
4992.119 266.466
4993.298 247.620
4994.477 228.389
4995.656 218.971
4996.834 244.161
4998.013 216.260
4999.192 242.259
5000.371 249.006
5001.550 247.621
5002.728 242.534
5003.907 232.066
5005.086 222.701
5006.265 407.382
5007.444 1624.713
5008.623 22855.500
5009.801 43784.975
5010.980 33286.275
5012.159 9668.466
5013.338 -376.056
5014.517 549.437
5015.695 150.349
5016.874 281.020
5018.053 342.003
5019.232 385.578
5020.411 353.583
5021.590 248.358
5022.768 235.410
5023.947 213.436
5025.126 211.753
5026.305 226.728
5027.484 191.863
5028.662 196.047
5029.841 209.768
5031.020 185.663
5032.199 193.955
5033.378 219.438
5034.557 223.948
5035.735 220.499
5036.914 182.217
5038.093 235.386
5039.272 230.862
5040.451 178.398
5041.629 205.738
5042.808 214.791
5043.987 220.547
5045.166 216.675
5046.345 194.219
5047.524 200.606
5048.702 203.126
5049.881 221.942
5051.060 215.495
5052.239 213.692
5053.418 204.780
5054.596 203.123
5055.775 181.608
5056.954 171.296
5058.133 186.819
5059.312 188.059
5060.491 204.902
5061.669 190.162
5062.848 214.523
5064.027 215.356
5065.206 181.211
5066.385 207.520
5067.563 209.933
5068.742 200.534
5069.921 184.779
5071.100 198.459
5072.279 199.363
5073.458 192.935
5074.636 188.627
5075.815 204.107
5076.994 201.958
5078.173 176.110
5079.352 196.906
5080.530 186.131
5081.709 192.901
5082.888 212.347
5084.067 185.648
5085.246 178.949
5086.425 183.812
5087.603 180.505
5088.782 174.381
5089.961 157.470
5091.140 219.954
5092.319 188.751
5093.497 221.037
5094.676 172.241
5095.855 204.816
5097.034 217.688
5098.213 162.444
5099.392 149.908
5100.570 212.654
5101.749 193.150
5102.928 186.500
5104.107 181.567
5105.286 208.394
5106.464 212.362
5107.643 179.769
5108.822 193.745
5110.001 196.654
5111.180 208.760
5112.359 211.742
5113.537 175.639
5114.716 213.928
5115.895 217.665
5117.074 192.830
5118.253 223.263
5119.431 182.233
5120.610 184.122
5121.789 181.130
5122.968 217.910
5124.147 150.464
5125.326 175.405
5126.504 194.984
5127.683 195.468
5128.862 165.644
5130.041 169.670
5131.220 189.104
5132.398 173.739
5133.577 163.010
5134.756 220.359
5135.935 222.334
5137.114 189.906
5138.292 190.725
5139.471 189.733
5140.650 200.081
5141.829 205.660
5143.008 217.826
5144.187 187.006
5145.365 178.548
5146.544 214.846
5147.723 181.975
5148.902 200.501
5150.081 198.068
5151.259 202.969
5152.438 184.783
5153.617 175.986
5154.796 233.062
5155.975 198.739
5157.154 176.905
5158.332 167.951
5159.511 192.627
5160.690 201.784
5161.869 180.722
5163.048 193.300
5164.226 218.512
5165.405 196.361
5166.584 187.166
5167.763 171.846
5168.942 165.779
5170.121 180.315
5171.299 168.250
5172.478 156.396
5173.657 177.642
5174.836 181.965
5176.015 144.331
5177.193 179.425
5178.372 180.737
5179.551 169.591
5180.730 170.116
5181.909 163.167
5183.088 165.358
5184.266 149.736
5185.445 156.332
5186.624 182.183
5187.803 210.836
5188.982 190.142
5190.160 203.225
5191.339 197.390
5192.518 170.617
5193.697 164.264
5194.876 188.567
5196.055 301.302
5197.233 543.629
5198.412 789.492
5199.591 737.867
5200.770 550.875
5201.949 405.292
5203.127 260.297
5204.306 232.474
5205.485 192.997
5206.664 173.426
5207.843 195.913
5209.022 195.158
5210.200 187.135
5211.379 164.103
5212.558 182.103
5213.737 192.413
5214.916 185.247
5216.094 158.133
5217.273 201.796
5218.452 190.977
5219.631 190.866
5220.810 190.291
5221.989 193.859
5223.167 226.452
5224.346 206.464
5225.525 202.604
5226.704 187.791
5227.883 175.547
5229.061 193.441
5230.240 201.632
5231.419 196.851
5232.598 181.559
5233.777 177.800
5234.956 175.653
5236.134 185.393
5237.313 179.564
5238.492 231.657
5239.671 247.087
5240.850 194.387
5242.028 139.168
5243.207 185.364
5244.386 195.392
5245.565 199.253
5246.744 200.653
5247.923 192.435
5249.101 208.410
5250.280 212.966
5251.459 192.290
5252.638 166.604
5253.817 201.598
5254.995 238.000
5256.174 240.271
5257.353 230.561
5258.532 192.666
5259.711 158.901
5260.890 172.501
5262.068 185.668
5263.247 154.141
5264.426 172.833
5265.605 159.463
5266.784 149.946
5267.962 177.945
5269.141 171.616
5270.320 150.537
5271.499 158.492
5272.678 199.461
5273.857 196.057
5275.035 198.800
5276.214 229.212
5277.393 201.508
5278.572 174.711
5279.751 184.565
5280.929 185.657
5282.108 176.952
5283.287 160.293
5284.466 178.846
5285.645 150.267
5286.824 170.177
5288.002 184.797
5289.181 204.308
5290.360 192.226
5291.539 182.148
5292.718 190.967
5293.896 191.150
5295.075 181.719
5296.254 156.181
5297.433 162.908
5298.612 181.512
5299.790 190.626
5300.969 191.062
5302.148 180.130
5303.327 199.111
5304.506 206.309
5305.685 182.763
5306.863 178.659
5308.042 198.008
5309.221 199.775
5310.400 170.781
5311.579 195.766
5312.757 204.556
5313.936 214.158
5315.115 186.508
5316.294 167.505
5317.473 195.897
5318.652 185.801
5319.830 176.322
5321.009 182.883
5322.188 194.048
5323.367 194.391
5324.546 168.086
5325.724 167.762
5326.903 192.549
5328.082 217.553
5329.261 293.432
5330.440 319.140
5331.619 303.332
5332.797 234.866
5333.976 188.350
5335.155 182.180
5336.334 196.845
5337.513 176.894
5338.691 190.105
5339.870 158.798
5341.049 160.510
5342.228 181.270
5343.407 170.624
5344.586 150.397
5345.764 175.500
5346.943 177.738
5348.122 176.016
5349.301 179.976
5350.480 172.292
5351.658 166.488
5352.837 162.205
5354.016 201.310
5355.195 187.103
5356.374 170.752
5357.553 167.159
5358.731 173.520
5359.910 169.405
5361.089 163.559
5362.268 183.270
5363.447 167.718
5364.625 169.197
5365.804 188.144
5366.983 159.814
5368.162 170.839
5369.341 184.149
5370.520 157.127
5371.698 150.060
5372.877 148.086
5374.056 152.025
5375.235 186.079
5376.414 169.900
5377.592 147.059
5378.771 173.635
5379.950 180.449
5381.129 161.707
5382.308 156.683
5383.487 141.268
5384.665 204.513
5385.844 163.540
5387.023 177.909
5388.202 180.337
5389.381 165.600
5390.559 172.038
5391.738 157.482
5392.917 147.453
5394.096 143.790
5395.275 167.037
5396.454 180.383
5397.632 167.623
5398.811 166.265
5399.990 158.508
5401.169 139.801
5402.348 145.626
5403.526 179.374
5404.705 174.551
5405.884 156.660
5407.063 146.960
5408.242 140.308
5409.421 148.073
5410.599 163.640
5411.778 173.635
5412.957 180.153
5414.136 181.136
5415.315 131.961
5416.493 159.485
5417.672 174.113
5418.851 169.208
5420.030 176.843
5421.209 178.487
5422.388 193.675
5423.566 159.704
5424.745 182.312
5425.924 158.681
5427.103 158.498
5428.282 173.622
5429.460 170.816
5430.639 169.460
5431.818 131.405
5432.997 161.008
5434.176 141.868
5435.355 171.188
5436.533 190.812
5437.712 186.504
5438.891 170.191
5440.070 173.265
5441.249 169.987
5442.427 148.464
5443.606 161.356
5444.785 169.673
5445.964 156.356
5447.143 161.087
5448.322 147.021
5449.500 147.735
5450.679 147.572
5451.858 169.980
5453.037 154.775
5454.216 140.982
5455.394 168.824
5456.573 161.447
5457.752 170.987
5458.931 155.993
5460.110 145.286
5461.288 149.189
5462.467 154.338
5463.646 163.998
5464.825 167.682
5466.004 164.838
5467.183 163.982
5468.361 160.874
5469.540 162.940
5470.719 149.285
5471.898 157.259
5473.077 183.509
5474.255 184.333
5475.434 170.561
5476.613 148.860
5477.792 174.389
5478.971 136.347
5480.150 158.522
5481.328 167.276
5482.507 177.406
5483.686 160.104
5484.865 154.246
5486.044 177.364
5487.222 180.000
5488.401 160.767
5489.580 153.775
5490.759 171.561
5491.938 180.949
5493.117 157.760
5494.295 160.192
5495.474 149.658
5496.653 170.382
5497.832 179.591
5499.011 168.427
5500.189 160.559
5501.368 178.911
5502.547 173.622
5503.726 173.946
5504.905 154.119
5506.084 154.679
5507.262 168.693
5508.441 165.087
5509.620 168.620
5510.799 183.061
5511.978 190.397
5513.156 187.430
5514.335 180.358
5515.514 160.064
5516.693 161.040
5517.872 153.116
5519.051 169.816
5520.229 192.145
5521.408 185.565
5522.587 173.951
5523.766 171.482
5524.945 157.909
5526.123 174.701
5527.302 161.458
5528.481 153.385
5529.660 152.010
5530.839 150.298
5532.018 173.981
5533.196 185.941
5534.375 186.535
5535.554 141.118
5536.733 149.105
5537.912 192.004
5539.090 156.556
5540.269 181.427
5541.448 187.479
5542.627 213.012
5543.806 181.987
5544.985 195.798
5546.163 195.607
5547.342 182.153
5548.521 177.785
5549.700 188.577
5550.879 176.385
5552.057 137.206
5553.236 143.570
5554.415 165.262
5555.594 159.587
5556.773 161.822
5557.952 152.524
5559.130 177.371
5560.309 167.537
5561.488 169.866
5562.667 175.823
5563.846 209.113
5565.024 206.670
5566.203 168.212
5567.382 158.088
5568.561 184.987
5569.740 196.880
5570.919 180.779
5572.097 144.588
5573.276 209.361
5574.455 112.942
5575.634 2613.012
5576.813 8853.894
5577.991 11379.796
5579.170 6933.151
5580.349 1030.015
5581.528 225.237
5582.707 165.310
5583.886 164.767
5585.064 172.470
5586.243 148.445
5587.422 183.868
5588.601 203.942
5589.780 210.217
5590.958 218.338
5592.137 177.940
5593.316 122.222
5594.495 111.782
5595.674 156.845
5596.853 178.085
5598.031 162.730
5599.210 172.067
5600.389 160.258
5601.568 153.975
5602.747 168.360
5603.925 195.662
5605.104 209.736
5606.283 203.892
5607.462 183.112
5608.641 158.863
5609.820 155.241
5610.998 171.835
5612.177 163.376
5613.356 152.616
5614.535 161.335
5615.714 174.722
5616.892 164.889
5618.071 146.765
5619.250 178.418
5620.429 165.576
5621.608 176.081
5622.786 197.900
5623.965 206.689
5625.144 191.650
5626.323 199.678
5627.502 156.140
5628.681 169.171
5629.859 151.111
5631.038 151.905
5632.217 169.819
5633.396 164.894
5634.575 144.245
5635.753 142.350
5636.932 147.560
5638.111 132.611
5639.290 146.839
5640.469 170.666
5641.648 164.015
5642.826 150.529
5644.005 176.928
5645.184 173.717
5646.363 167.899
5647.542 162.725
5648.720 170.124
5649.899 161.116
5651.078 140.353
5652.257 164.730
5653.436 154.368
5654.615 151.413
5655.793 152.075
5656.972 134.947
5658.151 141.979
5659.330 147.946
5660.509 158.799
5661.687 142.475
5662.866 154.065
5664.045 154.918
5665.224 178.803
5666.403 168.656
5667.582 135.322
5668.760 174.263
5669.939 186.490
5671.118 178.556
5672.297 182.936
5673.476 155.125
5674.654 159.673
5675.833 184.828
5677.012 180.515
5678.191 180.456
5679.370 177.345
5680.549 172.732
5681.727 186.484
5682.906 172.916
5684.085 174.387
5685.264 164.349
5686.443 173.555
5687.621 200.048
5688.800 168.212
5689.979 173.196
5691.158 176.381
5692.337 167.139
5693.516 180.351
5694.694 188.335
5695.873 180.518
5697.052 191.582
5698.231 188.807
5699.410 169.881
5700.588 165.220
5701.767 170.956
5702.946 191.566
5704.125 188.771
5705.304 187.434
5706.483 162.246
5707.661 172.422
5708.840 173.039
5710.019 164.597
5711.198 166.987
5712.377 168.393
5713.555 164.104
5714.734 169.779
5715.913 181.656
5717.092 183.142
5718.271 176.445
5719.450 159.169
5720.628 173.964
5721.807 188.043
5722.986 155.114
5724.165 169.961
5725.344 166.913
5726.522 194.918
5727.701 168.714
5728.880 184.940
5730.059 149.855
5731.238 148.177
5732.417 161.396
5733.595 179.838
5734.774 181.264
5735.953 164.175
5737.132 178.453
5738.311 165.655
5739.489 154.065
5740.668 191.639
5741.847 175.969
5743.026 159.497
5744.205 187.728
5745.384 179.837
5746.562 172.472
5747.741 154.090
5748.920 153.244
5750.099 155.488
5751.278 175.280
5752.456 174.050
5753.635 169.157
5754.814 159.214
5755.993 153.548
5757.172 171.562
5758.351 181.635
5759.529 172.044
5760.708 155.295
5761.887 165.348
5763.066 160.348
5764.245 166.226
5765.423 180.883
5766.602 156.184
5767.781 155.813
5768.960 167.513
5770.139 162.350
5771.318 165.678
5772.496 175.049
5773.675 150.246
5774.854 147.210
5776.033 164.282
5777.212 161.392
5778.390 161.529
5779.569 178.147
5780.748 194.590
5781.927 171.981
5783.106 165.916
5784.284 162.538
5785.463 147.739
5786.642 155.989
5787.821 181.925
5789.000 155.570
5790.179 148.135
5791.357 163.352
5792.536 173.423
5793.715 164.276
5794.894 152.630
5796.073 165.517
5797.251 166.976
5798.430 151.236
5799.609 150.671
5800.788 155.249
5801.967 174.979
5803.146 163.805
5804.324 168.337
5805.503 158.383
5806.682 148.381
5807.861 145.718
5809.040 149.138
5810.218 160.682
5811.397 159.918
5812.576 173.255
5813.755 181.317
5814.934 174.134
5816.113 160.559
5817.291 154.447
5818.470 159.310
5819.649 143.818
5820.828 175.979
5822.007 156.599
5823.185 154.029
5824.364 134.800
5825.543 148.195
5826.722 160.124
5827.901 176.346
5829.080 165.000
5830.258 157.814
5831.437 172.140
5832.616 177.288
5833.795 150.730
5834.974 157.928
5836.152 168.587
5837.331 144.968
5838.510 154.581
5839.689 159.453
5840.868 183.735
5842.047 148.984
5843.225 147.179
5844.404 151.104
5845.583 165.309
5846.762 159.392
5847.941 161.219
5849.119 153.381
5850.298 160.261
5851.477 168.284
5852.656 165.479
5853.835 161.026
5855.014 161.377
5856.192 158.039
5857.371 152.873
5858.550 151.505
5859.729 137.119
5860.908 146.609
5862.086 159.463
5863.265 174.413
5864.444 214.212
5865.623 256.991
5866.802 293.680
5867.981 292.993
5869.159 262.050
5870.338 211.292
5871.517 195.723
5872.696 199.084
5873.875 195.159
5875.053 187.220
5876.232 206.938
5877.411 376.678
5878.590 631.561
5879.769 649.556
5880.948 431.547
5882.126 211.371
5883.305 173.917
5884.484 166.104
5885.663 179.629
5886.842 261.605
5888.020 631.332
5889.199 1186.210
5890.378 1359.390
5891.557 861.778
5892.736 351.089
5893.915 393.890
5895.093 737.530
5896.272 891.977
5897.451 601.415
5898.630 281.020
5899.809 187.930
5900.987 180.062
5902.166 180.255
5903.345 187.312
5904.524 166.864
5905.703 195.715
5906.882 195.131
5908.060 198.484
5909.239 176.676
5910.418 156.269
5911.597 176.833
5912.776 196.874
5913.954 243.478
5915.133 301.471
5916.312 284.671
5917.491 226.071
5918.670 160.747
5919.849 168.668
5921.027 160.956
5922.206 175.235
5923.385 191.340
5924.564 210.323
5925.743 195.130
5926.921 191.893
5928.100 183.509
5929.279 157.853
5930.458 188.338
5931.637 266.045
5932.815 319.531
5933.994 296.044
5935.173 204.611
5936.352 161.623
5937.531 175.240
5938.710 153.567
5939.888 170.990
5941.067 160.146
5942.246 160.412
5943.425 161.267
5944.604 192.768
5945.782 195.983
5946.961 200.729
5948.140 203.338
5949.319 175.805
5950.498 185.237
5951.677 199.411
5952.855 260.214
5954.034 300.571
5955.213 225.821
5956.392 192.279
5957.571 197.346
5958.749 191.611
5959.928 195.059
5961.107 167.589
5962.286 154.424
5963.465 160.223
5964.644 164.166
5965.822 174.893
5967.001 174.517
5968.180 166.219
5969.359 168.648
5970.538 196.689
5971.716 193.967
5972.895 194.076
5974.074 194.139
