3561.035 3075.556
3562.213 3279.325
3563.392 3138.339
3564.571 2780.646
3565.750 2952.453
3566.929 3366.249
3568.108 2806.412
3569.286 2639.205
3570.465 2711.806
3571.644 2615.670
3572.823 2987.771
3574.002 2792.279
3575.180 2591.670
3576.359 2703.042
3577.538 3253.942
3578.717 3214.773
3579.896 3241.037
3581.075 2906.566
3582.253 3060.164
3583.432 3467.534
3584.611 3215.313
3585.790 2490.187
3586.969 2952.816
3588.147 2925.521
3589.326 3075.549
3590.505 3359.305
3591.684 3394.226
3592.863 3038.995
3594.042 2782.989
3595.220 3338.687
3596.399 3322.294
3597.578 3131.742
3598.757 3184.653
3599.936 2969.473
3601.114 2913.278
3602.293 3276.115
3603.472 3306.993
3604.651 3083.999
3605.830 3346.499
3607.009 3195.037
3608.187 2771.734
3609.366 2927.648
3610.545 3292.557
3611.724 3235.953
3612.903 2652.088
3614.081 3083.398
3615.260 3430.941
3616.439 4185.031
3617.618 3580.561
3618.797 3592.756
3619.976 3349.501
3621.154 3817.977
3622.333 3176.236
3623.512 3480.188
3624.691 3589.901
3625.870 3118.153
3627.048 3448.641
3628.227 3453.584
3629.406 3306.760
3630.585 3781.493
3631.764 3302.715
3632.943 3286.701
3634.121 3429.935
3635.300 3973.440
3636.479 3936.707
3637.658 4092.293
3638.837 3731.202
3640.015 3625.025
3641.194 3739.203
3642.373 3501.630
3643.552 3485.265
3644.731 3165.771
3645.910 3221.572
3647.088 3052.806
3648.267 3436.596
3649.446 3111.133
3650.625 2982.030
3651.804 3214.713
3652.982 2947.085
3654.161 3072.185
3655.340 2881.423
3656.519 2786.049
3657.698 3079.231
3658.877 2813.124
3660.055 2887.650
3661.234 2802.437
3662.413 2713.486
3663.592 2894.364
3664.771 2780.146
3665.949 2844.331
3667.128 3100.037
3668.307 3294.734
3669.486 2964.723
3670.665 2873.365
3671.844 2735.438
3673.022 2709.635
3674.201 2843.939
3675.380 2462.016
3676.559 2728.764
3677.738 3045.904
3678.916 2870.283
3680.095 2544.399
3681.274 2547.833
3682.453 2322.674
3683.632 2334.454
3684.811 3194.116
3685.989 2690.957
3687.168 2404.144
3688.347 3062.061
3689.526 3333.412
3690.705 2663.738
3691.883 2085.394
3693.062 3266.703
3694.241 3146.072
3695.420 2876.683
3696.599 1647.371
3697.777 2603.777
3698.956 3688.029
3700.135 3922.252
3701.314 3055.654
3702.493 2309.658
3703.672 2260.662
3704.850 3091.865
3706.029 4451.751
3707.208 4362.645
3708.387 3025.815
3709.566 2154.442
3710.744 2482.719
3711.923 2116.486
3713.102 3181.502
3714.281 4275.448
3715.460 3467.324
3716.639 2565.629
3717.817 2133.378
3718.996 2078.410
3720.175 2072.109
3721.354 2247.101
3722.533 3086.640
3723.711 5789.046
3724.890 6256.858
3726.069 9917.495
3727.248 39897.929
3728.427 74394.307
3729.606 83820.971
3730.784 96817.548
3731.963 87269.892
3733.142 30142.021
3734.321 3401.948
3735.500 3866.795
3736.678 5551.656
3737.857 4982.990
3739.036 2830.973
3740.215 2202.945
3741.394 2388.537
3742.573 2359.573
3743.751 2356.969
3744.930 2146.013
3746.109 2125.464
3747.288 2191.237
3748.467 2328.769
3749.645 1961.897
3750.824 2868.685
3752.003 5896.621
3753.182 5627.214
3754.361 3742.129
3755.540 2109.608
3756.718 1964.992
3757.897 1996.409
3759.076 2106.307
3760.255 1820.521
3761.434 2098.475
3762.612 1891.033
3763.791 2232.271
3764.970 2179.562
3766.149 1952.707
3767.328 2082.860
3768.507 1830.425
3769.685 1852.763
3770.864 2346.012
3772.043 5392.554
3773.222 7004.302
3774.401 5163.181
3775.579 2357.707
3776.758 1985.293
3777.937 1790.177
3779.116 2047.967
3780.295 2137.750
3781.474 2097.944
3782.652 1816.512
3783.831 2107.441
3785.010 2051.388
3786.189 2228.167
3787.368 1763.988
3788.546 1857.859
3789.725 2018.851
3790.904 1953.498
3792.083 2213.850
3793.262 2306.662
3794.441 2225.995
3795.619 1773.541
3796.798 1597.220
3797.977 2223.666
3799.156 5366.265
3800.335 8544.537
3801.513 6299.471
3802.692 2593.455
3803.871 1968.175
3805.050 1989.968
3806.229 1935.713
3807.408 1800.241
3808.586 2031.851
3809.765 1812.542
3810.944 1970.844
3812.123 1810.418
3813.302 2212.834
3814.480 2226.206
3815.659 1875.610
3816.838 1844.274
3818.017 1886.092
3819.196 1946.532
3820.375 2139.914
3821.553 3064.090
3822.732 2859.386
3823.911 2110.398
3825.090 1626.973
3826.269 1841.772
3827.447 1719.564
3828.626 2009.965
3829.805 1959.706
3830.984 1934.621
3832.163 1975.525
3833.342 1787.021
3834.520 1918.508
3835.699 2969.190
3836.878 8085.237
3838.057 10275.443
3839.236 7165.744
3840.414 2099.571
3841.593 2064.040
3842.772 1715.939
3843.951 1743.614
3845.130 1614.864
3846.309 1825.658
3847.487 1764.059
3848.666 1877.512
3849.845 1932.482
3851.024 1772.314
3852.203 1726.301
3853.381 1734.351
3854.560 1932.570
3855.739 1795.348
3856.918 1854.878
3858.097 1637.311
3859.275 1682.261
3860.454 1786.627
3861.633 1741.710
3862.812 1811.903
3863.991 1721.831
3865.170 1800.060
3866.348 1788.793
3867.527 2140.936
3868.706 4011.135
3869.885 24887.659
3871.064 44824.149
3872.242 36511.625
3873.421 7858.615
3874.600 1863.185
3875.779 1819.515
3876.958 1670.206
3878.137 1671.977
3879.315 1633.078
3880.494 1601.260
3881.673 1551.116
3882.852 1714.124
3884.031 1552.676
3885.209 1460.955
3886.388 1533.499
3887.567 1430.537
3888.746 2616.023
3889.925 11402.222
3891.104 22751.322
3892.282 19305.703
3893.461 5664.481
3894.640 1565.012
3895.819 1561.376
3896.998 1506.176
3898.176 1563.472
3899.355 1642.087
3900.534 1623.784
3901.713 1583.433
3902.892 1677.659
3904.071 1582.212
3905.249 1717.183
3906.428 1785.445
3907.607 1687.576
3908.786 1720.739
3909.965 1766.712
3911.143 1925.803
3912.322 1854.569
3913.501 1794.185
3914.680 1846.676
3915.859 1730.326
3917.038 1661.378
3918.216 1713.055
3919.395 1686.170
3920.574 1532.540
3921.753 1567.197
3922.932 1544.615
3924.110 1392.869
3925.289 1530.652
3926.468 1476.525
3927.647 1484.575
3928.826 1528.521
3930.005 1643.231
3931.183 1497.729
3932.362 1315.964
3933.541 1357.473
3934.720 1230.449
3935.899 1359.331
3937.077 1421.808
3938.256 1634.958
3939.435 1566.493
3940.614 1571.144
3941.793 1637.516
3942.972 1611.971
3944.150 1582.967
3945.329 1434.998
3946.508 1650.553
3947.687 1807.179
3948.866 1826.779
3950.044 1559.401
3951.223 1579.039
3952.402 1461.266
3953.581 1542.860
3954.760 1598.965
3955.939 1559.181
3957.117 1448.591
3958.296 1450.076
3959.475 1518.580
3960.654 1405.124
3961.833 1424.904
3963.011 1259.335
3964.190 1392.340
3965.369 1491.666
3966.548 2173.622
3967.727 3010.759
3968.906 8905.082
3970.084 12850.122
3971.263 16033.383
3972.442 17281.284
3973.621 13566.886
3974.800 3566.394
3975.978 1482.720
3977.157 1328.793
3978.336 1519.664
3979.515 1386.086
3980.694 1332.862
3981.873 1523.714
3983.051 1421.375
3984.230 1518.318
3985.409 1302.956
3986.588 1436.055
3987.767 1329.253
3988.945 1441.791
3990.124 1506.233
3991.303 1440.180
3992.482 1375.136
3993.661 1434.312
3994.840 1421.352
3996.018 1389.315
3997.197 1359.730
3998.376 1473.080
3999.555 1337.048
4000.734 1467.419
4001.912 1324.747
4003.091 1386.915
4004.270 1304.249
4005.449 1343.160
4006.628 1381.218
4007.807 1438.461
4008.985 1366.256
4010.164 1443.540
4011.343 1465.614
4012.522 1494.878
4013.701 1444.417
4014.879 1405.013
4016.058 1432.667
4017.237 1436.609
4018.416 1434.393
4019.595 1370.085
4020.773 1356.460
4021.952 1354.377
4023.131 1327.134
4024.310 1256.094
4025.489 1331.425
4026.668 1549.338
4027.846 2565.002
4029.025 2986.790
4030.204 2276.042
4031.383 1366.985
4032.562 1325.007
4033.740 1286.494
4034.919 1238.667
4036.098 1253.416
4037.277 1338.518
4038.456 1397.812
4039.635 1401.568
4040.813 1375.852
4041.992 1447.133
4043.171 1442.980
4044.350 1420.313
4045.529 1351.158
4046.707 1322.278
4047.886 1368.228
4049.065 1368.042
4050.244 1239.849
4051.423 1267.483
4052.602 1365.813
4053.780 1254.957
4054.959 1365.394
4056.138 1316.106
4057.317 1251.048
4058.496 1257.353
4059.674 1432.463
4060.853 1440.603
4062.032 1394.463
4063.211 1242.720
4064.390 1315.623
4065.569 1301.846
4066.747 1433.306
4067.926 1401.118
4069.105 1434.585
4070.284 2030.170
4071.463 2307.627
4072.641 1870.558
4073.820 1330.825
4074.999 1251.917
4076.178 1432.359
4077.357 1410.904
4078.536 1610.857
4079.714 1435.594
4080.893 1350.662
4082.072 1278.358
4083.251 1363.276
4084.430 1238.570
4085.608 1300.641
4086.787 1184.433
4087.966 1204.696
4089.145 1203.218
4090.324 1297.641
4091.503 1258.412
4092.681 1289.918
4093.860 1240.491
4095.039 1145.880
4096.218 1159.077
4097.397 1162.828
4098.575 1093.376
4099.754 1083.431
4100.933 1243.348
4102.112 3530.509
4103.291 14746.689
4104.470 21886.490
4105.648 13981.104
4106.827 3174.523
4108.006 958.765
4109.185 1228.722
4110.364 1085.815
4111.542 1179.883
4112.721 1075.689
4113.900 1085.789
4115.079 1239.232
4116.258 1127.363
4117.437 1122.440
4118.615 1070.767
4119.794 1191.462
4120.973 1126.997
4122.152 1168.554
4123.331 1371.420
4124.509 1312.681
4125.688 1233.054
4126.867 1154.850
4128.046 1177.256
4129.225 1146.072
4130.404 1089.769
4131.582 1143.039
4132.761 1161.535
4133.940 1119.259
4135.119 1173.790
4136.298 1151.234
4137.476 1150.678
4138.655 1131.993
4139.834 1181.202
4141.013 1124.078
4142.192 1108.525
4143.371 1073.254
4144.549 1090.831
4145.728 1235.229
4146.907 1243.698
4148.086 1095.404
4149.265 1120.143
4150.443 948.802
4151.622 1157.324
4152.801 945.248
4153.980 1143.929
4155.159 1077.405
4156.338 1173.782
4157.516 1154.750
4158.695 1039.777
4159.874 1066.882
4161.053 1101.239
4162.232 1070.419
4163.410 1134.056
4164.589 1177.450
4165.768 1163.095
4166.947 1127.202
4168.126 1159.174
4169.305 1131.329
4170.483 1138.044
4171.662 1215.672
4172.841 1183.346
4174.020 1036.420
4175.199 1109.023
4176.377 1091.338
4177.556 1111.557
4178.735 1126.702
4179.914 1016.078
4181.093 1091.164
4182.271 1048.248
4183.450 1073.795
4184.629 1038.897
4185.808 1052.371
4186.987 1040.051
4188.166 1022.278
4189.344 1020.073
4190.523 1126.030
4191.702 1085.735
4192.881 1001.154
4194.060 987.352
4195.238 1006.018
4196.417 923.183
4197.596 952.257
4198.775 1019.497
4199.954 935.681
4201.133 984.876
4202.311 1001.743
4203.490 900.850
4204.669 1006.423
4205.848 896.540
4207.027 928.588
4208.205 1001.356
4209.384 953.925
4210.563 952.912
4211.742 997.369
4212.921 962.497
4214.100 936.601
4215.278 923.236
4216.457 908.554
4217.636 954.272
4218.815 993.525
4219.994 973.460
4221.172 996.103
4222.351 950.320
4223.530 943.063
4224.709 957.931
4225.888 924.647
4227.067 960.262
4228.245 908.435
4229.424 924.548
4230.603 937.929
4231.782 897.313
4232.961 891.621
4234.139 927.693
4235.318 986.413
4236.497 1003.749
4237.676 1070.279
4238.855 1025.157
4240.034 916.882
4241.212 949.112
4242.391 901.723
4243.570 948.751
4244.749 927.693
4245.928 987.376
4247.106 988.575
4248.285 933.717
4249.464 882.510
4250.643 930.487
4251.822 946.049
4253.001 961.841
4254.179 924.169
4255.358 937.655
4256.537 957.833
4257.716 922.571
4258.895 909.858
4260.073 961.053
4261.252 971.520
4262.431 901.169
4263.610 857.316
4264.789 901.751
4265.968 939.675
4267.146 952.674
4268.325 901.571
4269.504 988.620
4270.683 886.742
4271.862 919.291
4273.040 910.634
4274.219 873.300
4275.398 917.247
4276.577 936.840
4277.756 892.959
4278.935 939.493
4280.113 931.563
4281.292 877.745
4282.471 885.495
4283.650 851.079
4284.829 853.873
4286.007 907.746
4287.186 913.307
4288.365 899.180
4289.544 962.983
4290.723 961.512
4291.902 857.864
4293.080 905.804
4294.259 894.470
4295.438 827.862
4296.617 872.895
4297.796 849.137
4298.974 866.836
4300.153 807.838
4301.332 764.192
4302.511 819.631
4303.690 825.158
4304.869 845.810
4306.047 858.421
4307.226 822.860
4308.405 829.123
4309.584 835.250
4310.763 856.566
4311.941 780.013
4313.120 800.290
4314.299 829.361
4315.478 908.048
4316.657 831.152
4317.836 869.513
4319.014 865.109
4320.193 929.258
4321.372 852.177
4322.551 842.656
4323.730 898.908
4324.908 792.337
4326.087 875.887
4327.266 818.478
4328.445 782.091
4329.624 857.907
4330.803 782.371
4331.981 833.336
4333.160 892.057
4334.339 819.342
4335.518 771.889
4336.697 825.982
4337.875 821.950
4339.054 953.705
4340.233 1491.952
4341.412 8256.014
4342.591 25067.611
4343.769 26774.968
4344.948 13587.995
4346.127 928.856
4347.306 1103.413
4348.485 848.817
4349.664 904.551
4350.842 844.994
4352.021 834.031
4353.200 821.526
4354.379 819.336
4355.558 800.611
4356.736 806.192
4357.915 811.517
4359.094 823.668
4360.273 853.622
4361.452 861.927
4362.631 853.010
4363.809 1480.912
4364.988 3377.851
4366.167 4589.877
4367.346 3007.076
4368.525 1209.408
4369.703 886.247
4370.882 780.339
4372.061 795.877
4373.240 818.072
4374.419 797.093
4375.598 755.075
4376.776 791.625
4377.955 819.205
4379.134 822.305
4380.313 792.552
4381.492 763.130
4382.670 734.058
4383.849 737.327
4385.028 755.104
4386.207 746.282
4387.386 774.013
4388.565 835.168
4389.743 982.167
4390.922 1042.625
4392.101 906.773
4393.280 764.992
4394.459 735.325
4395.637 759.493
4396.816 774.798
4397.995 798.836
4399.174 801.905
4400.353 733.901
4401.532 768.685
4402.710 807.081
4403.889 808.173
4405.068 839.138
4406.247 765.640
4407.426 749.061
4408.604 834.819
4409.783 813.228
4410.962 789.378
4412.141 779.874
4413.320 862.545
4414.499 879.962
4415.677 821.155
4416.856 864.297
4418.035 862.657
4419.214 851.663
4420.393 875.872
4421.571 810.855
4422.750 788.094
4423.929 777.340
4425.108 755.892
4426.287 788.971
4427.466 805.096
4428.644 776.438
4429.823 783.189
4431.002 747.247
4432.181 772.973
4433.360 761.143
4434.538 719.371
4435.717 700.905
4436.896 728.433
4438.075 720.069
4439.254 808.801
4440.433 792.557
4441.611 757.099
4442.790 740.632
4443.969 773.343
4445.148 753.035
4446.327 773.803
4447.505 723.839
4448.684 728.469
4449.863 762.742
4451.042 768.043
4452.221 711.946
4453.400 735.482
4454.578 801.839
4455.757 701.352
4456.936 710.162
4458.115 782.898
4459.294 774.911
4460.472 729.531
4461.651 743.109
4462.830 730.121
4464.009 757.949
4465.188 730.326
4466.367 740.019
4467.545 802.570
4468.724 737.356
4469.903 695.209
4471.082 789.012
4472.261 1039.673
4473.439 2266.376
4474.618 2886.372
4475.797 1931.205
4476.976 863.448
4478.155 704.708
4479.334 736.475
4480.512 692.084
4481.691 697.428
4482.870 745.956
4484.049 723.080
4485.228 745.865
4486.406 701.796
4487.585 740.897
4488.764 750.217
4489.943 661.595
4491.122 728.334
4492.301 768.014
4493.479 739.922
4494.658 745.522
4495.837 759.844
4497.016 741.561
4498.195 726.316
4499.373 691.358
4500.552 710.934
4501.731 683.289
4502.910 732.305
4504.089 703.802
4505.267 718.752
4506.446 741.473
4507.625 704.923
4508.804 710.165
4509.983 728.970
4511.162 744.283
4512.340 718.135
4513.519 735.810
4514.698 698.349
4515.877 720.108
4517.056 789.793
4518.234 744.818
4519.413 743.998
4520.592 746.262
4521.771 740.268
4522.950 762.598
4524.129 755.224
4525.307 759.735
4526.486 738.053
4527.665 724.002
4528.844 674.750
4530.023 688.611
4531.201 729.290
4532.380 727.504
4533.559 717.620
4534.738 721.518
4535.917 701.566
4537.096 707.531
4538.274 721.796
4539.453 693.808
4540.632 691.003
4541.811 692.716
4542.990 730.671
4544.168 735.869
4545.347 705.304
4546.526 698.931
4547.705 702.247
4548.884 682.653
4550.063 673.954
4551.241 716.459
4552.420 735.893
4553.599 711.532
4554.778 726.518
4555.957 729.166
4557.135 696.181
4558.314 734.575
4559.493 775.359
4560.672 755.683
4561.851 701.392
4563.030 733.038
4564.208 764.203
4565.387 760.672
4566.566 780.319
4567.745 772.037
4568.924 728.524
4570.102 713.119
4571.281 765.504
4572.460 760.546
4573.639 761.867
4574.818 762.703
4575.997 759.994
4577.175 739.364
4578.354 687.206
4579.533 693.264
4580.712 720.224
4581.891 701.222
4583.069 705.742
4584.248 689.988
4585.427 706.320
4586.606 750.168
4587.785 743.428
4588.964 764.678
4590.142 728.267
4591.321 704.692
4592.500 711.935
4593.679 727.864
4594.858 701.509
4596.036 691.507
4597.215 704.842
4598.394 733.265
4599.573 742.721
4600.752 662.179
4601.931 700.709
4603.109 688.141
4604.288 694.097
4605.467 703.295
4606.646 694.285
4607.825 720.835
4609.003 660.579
4610.182 720.289
4611.361 696.604
4612.540 701.934
4613.719 709.655
4614.898 721.364
4616.076 709.555
4617.255 684.490
4618.434 692.693
4619.613 675.145
4620.792 694.849
4621.970 699.986
4623.149 628.540
4624.328 718.780
4625.507 672.754
4626.686 671.504
4627.865 716.228
4629.043 706.751
4630.222 694.125
4631.401 716.007
4632.580 711.607
4633.759 758.255
4634.937 706.604
4636.116 697.376
4637.295 670.022
4638.474 656.255
4639.653 695.830
4640.832 667.851
4642.010 735.865
4643.189 716.902
4644.368 687.725
4645.547 706.581
4646.726 815.154
4647.904 752.393
4649.083 687.657
4650.262 693.035
4651.441 712.871
4652.620 720.548
4653.799 748.481
4654.977 732.681
4656.156 734.975
4657.335 696.737
4658.514 744.669
4659.693 823.107
4660.871 832.910
4662.050 834.861
4663.229 754.969
4664.408 727.715
4665.587 743.614
4666.765 663.153
4667.944 609.980
4669.123 671.458
4670.302 684.221
4671.481 683.161
4672.660 723.532
4673.838 739.169
4675.017 681.532
4676.196 686.303
4677.375 699.100
4678.554 674.003
4679.732 655.934
4680.911 737.032
4682.090 769.472
4683.269 730.757
4684.448 743.478
4685.627 730.328
4686.805 719.797
4687.984 723.588
4689.163 698.916
4690.342 683.090
4691.521 709.316
4692.699 715.823
4693.878 706.186
4695.057 699.703
4696.236 692.579
4697.415 682.750
4698.594 701.217
4699.772 646.076
4700.951 686.682
4702.130 696.028
4703.309 755.100
4704.488 747.672
4705.666 699.204
4706.845 744.054
4708.024 646.596
4709.203 691.574
4710.382 683.107
4711.561 686.764
4712.739 862.695
4713.918 1086.792
4715.097 1181.192
4716.276 1057.873
4717.455 846.405
4718.633 740.954
4719.812 672.020
4720.991 715.525
4722.170 729.234
4723.349 682.747
4724.528 709.936
4725.706 694.779
4726.885 697.198
4728.064 701.815
4729.243 695.513
4730.422 684.857
4731.600 677.603
4732.779 681.950
4733.958 690.686
4735.137 677.525
4736.316 683.627
4737.495 688.954
4738.673 671.434
4739.852 711.019
4741.031 750.516
4742.210 909.621
4743.389 951.054
4744.567 837.588
4745.746 704.250
4746.925 710.744
4748.104 689.818
4749.283 749.763
4750.462 678.937
4751.640 713.873
4752.819 707.557
4753.998 711.271
4755.177 674.127
4756.356 710.332
4757.534 717.432
4758.713 710.148
4759.892 675.690
4761.071 683.399
4762.250 668.042
4763.429 665.799
4764.607 696.155
4765.786 673.652
4766.965 685.594
4768.144 666.007
4769.323 681.330
4770.501 643.812
4771.680 661.732
4772.859 703.101
4774.038 756.957
4775.217 672.767
4776.396 687.623
4777.574 693.484
4778.753 705.016
4779.932 715.756
4781.111 680.807
4782.290 648.796
4783.468 656.965
4784.647 658.676
4785.826 658.289
4787.005 677.277
4788.184 700.744
4789.363 663.947
4790.541 673.477
4791.720 740.355
4792.899 665.919
4794.078 648.197
4795.257 698.361
4796.435 651.990
4797.614 663.050
4798.793 693.440
4799.972 707.296
4801.151 633.105
4802.330 698.097
4803.508 697.264
4804.687 710.236
4805.866 699.636
4807.045 683.384
4808.224 669.007
4809.402 655.042
4810.581 696.389
4811.760 698.231
4812.939 677.926
4814.118 698.210
4815.296 695.268
4816.475 728.587
4817.654 747.935
4818.833 716.952
4820.012 768.485
4821.191 676.122
4822.369 696.787
4823.548 673.888
4824.727 706.355
4825.906 728.830
4827.085 667.435
4828.263 693.542
4829.442 706.712
4830.621 712.188
4831.800 723.791
4832.979 676.734
4834.158 706.067
4835.336 713.627
4836.515 678.663
4837.694 688.835
4838.873 670.603
4840.052 676.534
4841.230 691.030
4842.409 694.394
4843.588 702.185
4844.767 690.265
4845.946 689.456
4847.125 652.574
4848.303 692.915
4849.482 689.018
4850.661 681.678
4851.840 707.688
4853.019 726.171
4854.197 707.297
4855.376 690.242
4856.555 701.304
4857.734 671.261
4858.913 712.420
4860.092 793.367
4861.270 1598.593
4862.449 13546.755
4863.628 46912.348
4864.807 53192.526
4865.986 23730.395
4867.164 3020.624
4868.343 675.602
4869.522 963.274
4870.701 750.411
4871.880 789.967
4873.059 746.866
4874.237 710.902
4875.416 727.617
4876.595 718.001
4877.774 731.392
4878.953 716.394
4880.131 699.006
4881.310 729.225
4882.489 732.209
4883.668 704.373
4884.847 685.673
4886.026 688.864
4887.204 672.191
4888.383 689.749
4889.562 687.565
4890.741 683.801
4891.920 668.723
4893.098 703.676
4894.277 697.076
4895.456 709.079
4896.635 681.293
4897.814 675.384
4898.993 709.752
4900.171 674.861
4901.350 632.783
4902.529 651.208
4903.708 674.936
4904.887 689.175
4906.065 718.899
4907.244 677.538
4908.423 685.807
4909.602 670.233
4910.781 687.418
4911.960 650.978
4913.138 660.761
4914.317 677.141
4915.496 676.319
4916.675 649.501
4917.854 636.813
4919.032 652.829
4920.211 671.043
4921.390 646.595
4922.569 720.251
4923.748 992.702
4924.927 1240.952
4926.105 1152.451
4927.284 843.626
4928.463 739.968
4929.642 696.352
4930.821 704.142
4931.999 690.094
4933.178 705.038
4934.357 701.236
4935.536 737.352
4936.715 701.248
4937.894 680.369
4939.072 687.150
4940.251 650.081
4941.430 669.427
4942.609 687.489
4943.788 739.907
4944.966 720.941
4946.145 689.211
4947.324 701.441
4948.503 770.343
4949.682 753.871
4950.861 706.631
4952.039 715.567
4953.218 746.186
4954.397 733.556
4955.576 765.594
4956.755 576.209
4957.933 1432.867
4959.112 -115.577
4960.291 30910.689
4961.470 79892.622
4962.649 76666.262
4963.828 31131.710
4965.006 -888.972
4966.185 1575.586
4967.364 669.016
4968.543 903.146
4969.722 797.291
4970.900 756.481
4972.079 723.258
4973.258 719.021
4974.437 765.922
4975.616 717.971
4976.794 693.500
4977.973 741.906
4979.152 717.062
4980.331 708.923
4981.510 719.242
4982.689 710.517
4983.867 726.901
4985.046 713.950
4986.225 746.442
4987.404 793.760
4988.583 881.479
4989.761 869.036
4990.940 802.566
4992.119 776.487
4993.298 769.163
4994.477 771.861
4995.656 789.362
4996.834 765.541
4998.013 773.058
4999.192 814.473
5000.371 785.035
5001.550 787.939
5002.728 899.936
5003.907 653.422
5005.086 1466.810
5006.265 -291.553
5007.444 15029.594
5008.623 137747.224
5009.801 250756.949
5010.980 201047.136
5012.159 34206.845
5013.338 847.503
5014.517 1290.176
5015.695 756.256
5016.874 1072.608
5018.053 1691.950
5019.232 1877.098
5020.411 1241.609
5021.590 874.319
5022.768 836.745
5023.947 804.104
5025.126 739.526
5026.305 692.772
5027.484 713.274
5028.662 724.095
5029.841 714.312
5031.020 737.306
5032.199 737.739
5033.378 671.641
5034.557 669.532
5035.735 666.570
5036.914 637.500
5038.093 697.604
5039.272 647.471
5040.451 657.676
5041.629 670.012
5042.808 706.503
5043.987 688.645
5045.166 652.268
5046.345 642.135
5047.524 664.137
5048.702 635.287
5049.881 725.631
5051.060 718.972
5052.239 689.766
5053.418 645.456
5054.596 627.795
5055.775 643.294
5056.954 655.463
5058.133 651.088
5059.312 666.048
5060.491 663.190
5061.669 637.058
5062.848 631.317
5064.027 628.039
5065.206 637.053
5066.385 608.482
5067.563 617.876
5068.742 673.554
5069.921 612.267
5071.100 658.965
5072.279 603.889
5073.458 632.841
5074.636 632.076
5075.815 584.072
5076.994 591.542
5078.173 593.511
5079.352 590.369
5080.530 621.872
5081.709 611.155
5082.888 617.888
5084.067 589.545
5085.246 611.254
5086.425 608.824
5087.603 549.078
5088.782 730.554
5089.961 712.468
5091.140 550.219
5092.319 608.740
5093.497 609.788
5094.676 596.877
5095.855 596.273
5097.034 588.349
5098.213 578.625
5099.392 599.772
5100.570 545.506
5101.749 625.085
5102.928 647.234
5104.107 600.948
5105.286 608.595
5106.464 599.426
5107.643 580.694
5108.822 581.134
5110.001 586.869
5111.180 580.987
5112.359 561.886
5113.537 612.476
5114.716 634.807
5115.895 624.199
5117.074 588.125
5118.253 593.533
5119.431 596.902
5120.610 581.216
5121.789 574.737
5122.968 573.418
5124.147 569.380
5125.326 554.081
5126.504 580.234
5127.683 532.442
5128.862 523.165
5130.041 580.537
5131.220 603.219
5132.398 597.519
5133.577 561.059
5134.756 610.871
5135.935 585.410
5137.114 601.299
5138.292 568.747
5139.471 570.096
5140.650 596.546
5141.829 582.441
5143.008 583.679
5144.187 558.607
5145.365 556.114
5146.544 606.084
5147.723 578.967
5148.902 563.459
5150.081 601.356
5151.259 594.520
5152.438 571.159
5153.617 560.636
5154.796 566.246
5155.975 560.353
5157.154 585.884
5158.332 590.675
5159.511 610.740
5160.690 566.606
5161.869 602.066
5163.048 627.683
5164.226 577.324
5165.405 577.927
5166.584 516.144
5167.763 532.442
5168.942 529.137
5170.121 536.908
5171.299 565.978
5172.478 574.742
5173.657 564.515
5174.836 569.687
5176.015 552.541
5177.193 578.759
5178.372 568.336
5179.551 515.983
5180.730 544.336
5181.909 546.282
5183.088 544.901
5184.266 539.785
5185.445 519.691
5186.624 566.436
5187.803 546.925
5188.982 578.485
5190.160 560.096
5191.339 560.004
5192.518 547.657
5193.697 595.551
5194.876 583.088
5196.055 648.495
5197.233 944.595
5198.412 1115.772
5199.591 1061.408
5200.770 963.474
5201.949 832.809
5203.127 697.247
5204.306 612.308
5205.485 576.109
5206.664 544.163
5207.843 526.101
5209.022 547.475
5210.200 525.949
5211.379 526.489
5212.558 552.447
5213.737 546.254
5214.916 540.473
5216.094 593.889
5217.273 552.241
5218.452 595.362
5219.631 567.999
5220.810 543.845
5221.989 568.453
5223.167 568.937
5224.346 591.818
5225.525 546.038
5226.704 542.986
5227.883 526.142
5229.061 503.162
5230.240 532.354
5231.419 556.061
5232.598 554.830
5233.777 523.251
5234.956 525.964
5236.134 567.613
5237.313 571.432
5238.492 590.637
5239.671 575.683
5240.850 537.091
5242.028 556.005
5243.207 553.919
5244.386 533.126
5245.565 511.379
5246.744 517.813
5247.923 498.882
5249.101 526.160
5250.280 493.371
5251.459 517.218
5252.638 517.273
5253.817 516.013
5254.995 560.880
5256.174 580.093
5257.353 561.918
5258.532 544.902
5259.711 532.698
5260.890 537.131
5262.068 536.772
5263.247 509.655
5264.426 535.923
5265.605 573.417
5266.784 509.157
5267.962 502.282
5269.141 506.146
5270.320 556.802
5271.499 557.153
5272.678 576.676
5273.857 568.713
5275.035 558.452
5276.214 578.897
5277.393 558.073
5278.572 527.493
5279.751 547.376
5280.929 530.508
5282.108 513.159
5283.287 526.152
5284.466 494.845
5285.645 492.393
5286.824 525.465
5288.002 511.454
5289.181 510.914
5290.360 520.880
5291.539 521.308
5292.718 522.828
5293.896 534.564
5295.075 534.497
5296.254 510.992
5297.433 505.487
5298.612 546.439
5299.790 526.019
5300.969 496.448
5302.148 567.328
5303.327 590.468
5304.506 540.575
5305.685 503.121
5306.863 491.881
5308.042 499.404
5309.221 505.939
5310.400 504.748
5311.579 527.456
5312.757 533.439
5313.936 485.974
5315.115 519.183
5316.294 523.574
5317.473 483.411
5318.652 574.551
5319.830 582.420
5321.009 538.750
5322.188 541.893
5323.367 509.585
5324.546 501.319
5325.724 528.064
5326.903 516.263
5328.082 546.910
5329.261 632.085
5330.440 661.863
5331.619 598.667
5332.797 524.701
5333.976 508.009
5335.155 516.024
5336.334 513.452
5337.513 507.122
5338.691 517.355
5339.870 481.117
5341.049 509.533
5342.228 512.653
5343.407 509.357
5344.586 480.602
5345.764 479.388
5346.943 485.240
5348.122 479.158
5349.301 524.240
5350.480 521.253
5351.658 479.500
5352.837 481.108
5354.016 494.269
5355.195 507.672
5356.374 489.724
5357.553 463.417
5358.731 496.754
5359.910 488.764
5361.089 474.763
5362.268 504.474
5363.447 485.040
5364.625 480.871
5365.804 496.472
5366.983 515.813
5368.162 483.540
5369.341 489.626
5370.520 464.663
5371.698 497.153
5372.877 518.911
5374.056 477.475
5375.235 474.670
5376.414 475.215
5377.592 495.730
5378.771 506.841
5379.950 474.704
5381.129 503.524
5382.308 503.400
5383.487 454.843
5384.665 481.824
5385.844 482.189
5387.023 480.269
5388.202 448.742
5389.381 487.556
5390.559 479.358
5391.738 470.094
5392.917 470.651
5394.096 476.043
5395.275 477.269
5396.454 462.262
5397.632 461.555
5398.811 457.954
5399.990 447.407
5401.169 472.531
5402.348 475.552
5403.526 451.754
5404.705 474.620
5405.884 470.881
5407.063 447.032
5408.242 463.111
5409.421 439.369
5410.599 429.896
5411.778 456.178
5412.957 473.490
5414.136 462.919
5415.315 472.819
5416.493 469.338
5417.672 470.740
5418.851 456.244
5420.030 489.672
5421.209 465.300
5422.388 428.737
5423.566 452.657
5424.745 471.644
5425.924 454.008
5427.103 436.567
5428.282 452.917
5429.460 456.577
5430.639 474.707
5431.818 438.856
5432.997 478.200
5434.176 457.256
5435.355 512.455
5436.533 508.138
5437.712 491.759
5438.891 442.541
5440.070 448.002
5441.249 465.865
5442.427 424.041
5443.606 419.455
5444.785 471.286
5445.964 456.765
5447.143 431.392
5448.322 449.095
5449.500 439.643
5450.679 448.473
5451.858 452.482
5453.037 447.948
5454.216 466.166
5455.394 452.669
5456.573 404.817
5457.752 447.088
5458.931 453.698
5460.110 443.325
5461.288 452.562
5462.467 437.496
5463.646 413.396
5464.825 440.329
5466.004 440.956
5467.183 432.286
5468.361 440.340
5469.540 465.473
5470.719 465.148
5471.898 426.733
5473.077 449.991
5474.255 445.188
5475.434 421.368
5476.613 448.442
5477.792 448.620
5478.971 413.411
5480.150 447.517
5481.328 439.023
5482.507 430.038
5483.686 437.870
5484.865 430.387
5486.044 436.451
5487.222 442.784
5488.401 426.063
5489.580 430.326
5490.759 451.032
5491.938 424.795
5493.117 409.454
5494.295 436.616
5495.474 429.139
5496.653 429.859
5497.832 418.384
5499.011 462.829
5500.189 414.100
5501.368 436.473
5502.547 433.598
5503.726 456.864
5504.905 415.828
5506.084 423.287
5507.262 447.368
5508.441 454.025
5509.620 444.518
5510.799 436.834
5511.978 434.485
5513.156 457.667
5514.335 472.745
5515.514 439.657
5516.693 429.105
5517.872 422.274
5519.051 459.293
5520.229 566.960
5521.408 609.230
5522.587 534.173
5523.766 468.348
5524.945 456.706
5526.123 435.191
5527.302 424.708
5528.481 432.846
5529.660 437.454
5530.839 451.050
5532.018 457.312
5533.196 419.295
5534.375 417.796
5535.554 440.759
5536.733 408.856
5537.912 423.975
5539.090 452.807
5540.269 500.689
5541.448 536.577
5542.627 514.053
5543.806 481.573
5544.985 477.694
5546.163 436.591
5547.342 433.358
5548.521 433.645
5549.700 445.007
5550.879 446.206
5552.057 425.638
5553.236 411.502
5554.415 425.039
5555.594 441.323
5556.773 457.869
5557.952 449.080
5559.130 408.175
5560.309 457.402
5561.488 460.541
5562.667 469.168
5563.846 457.773
5565.024 483.255
5566.203 429.952
5567.382 419.506
5568.561 454.353
5569.740 455.619
5570.919 455.025
5572.097 392.160
5573.276 549.648
5574.455 80.743
5575.634 3103.972
5576.813 9584.817
5577.991 11345.096
5579.170 6536.770
5580.349 677.658
5581.528 535.457
5582.707 414.999
5583.886 430.393
5585.064 431.963
5586.243 405.159
5587.422 433.627
5588.601 496.132
5589.780 470.602
5590.958 434.982
5592.137 438.421
5593.316 401.756
5594.495 422.924
5595.674 437.808
5596.853 428.708
5598.031 452.916
5599.210 427.052
5600.389 447.573
5601.568 420.899
5602.747 419.024
5603.925 426.508
5605.104 502.763
5606.283 468.524
5607.462 431.460
5608.641 423.631
5609.820 400.072
5610.998 429.859
5612.177 412.207
5613.356 426.893
5614.535 425.521
5615.714 394.211
5616.892 407.288
5618.071 425.286
5619.250 425.432
5620.429 402.649
5621.608 422.882
5622.786 434.655
5623.965 444.948
5625.144 450.639
5626.323 397.097
5627.502 412.440
5628.681 425.905
5629.859 435.251
5631.038 412.787
5632.217 413.399
5633.396 430.534
5634.575 324.338
5635.753 363.842
5636.932 443.855
5638.111 390.622
5639.290 414.340
5640.469 404.942
5641.648 421.962
5642.826 400.341
5644.005 404.093
5645.184 434.733
5646.363 446.072
5647.542 435.172
5648.720 401.394
5649.899 391.047
5651.078 417.759
5652.257 409.073
5653.436 396.586
5654.615 397.553
5655.793 414.497
5656.972 416.191
5658.151 398.442
5659.330 422.554
5660.509 423.269
5661.687 382.696
5662.866 409.605
5664.045 419.329
5665.224 401.744
5666.403 373.564
5667.582 442.168
5668.760 439.004
5669.939 408.851
5671.118 441.657
5672.297 434.984
5673.476 424.041
5674.654 424.137
5675.833 405.092
5677.012 405.606
5678.191 397.496
5679.370 392.349
5680.549 430.981
5681.727 439.045
5682.906 444.835
5684.085 408.107
5685.264 437.140
5686.443 404.925
5687.621 406.594
5688.800 413.550
5689.979 415.678
5691.158 414.781
5692.337 415.872
5693.516 410.706
5694.694 405.592
5695.873 415.513
5697.052 419.208
5698.231 435.046
5699.410 434.425
5700.588 392.815
5701.767 418.984
5702.946 370.929
5704.125 384.508
5705.304 396.579
5706.483 437.158
5707.661 431.374
5708.840 395.098
5710.019 404.238
5711.198 412.685
5712.377 396.493
5713.555 406.631
5714.734 431.906
5715.913 420.786
5717.092 408.574
5718.271 414.057
5719.450 394.280
5720.628 400.326
5721.807 447.598
5722.986 402.401
5724.165 398.862
5725.344 416.609
5726.522 399.857
5727.701 418.301
5728.880 417.418
5730.059 414.209
5731.238 422.614
5732.417 418.285
5733.595 396.370
5734.774 388.633
5735.953 411.301
5737.132 411.114
5738.311 379.791
5739.489 386.604
5740.668 403.499
5741.847 398.167
5743.026 397.565
5744.205 385.500
5745.384 392.500
5746.562 415.259
5747.741 412.900
5748.920 392.579
5750.099 390.580
5751.278 379.692
5752.456 397.256
5753.635 412.300
5754.814 394.999
5755.993 401.024
5757.172 429.700
5758.351 428.743
5759.529 386.277
5760.708 400.545
5761.887 411.884
5763.066 387.687
5764.245 391.084
5765.423 396.183
5766.602 439.050
5767.781 422.689
5768.960 390.567
5770.139 384.333
5771.318 391.258
5772.496 394.690
5773.675 385.127
5774.854 389.365
5776.033 406.618
5777.212 395.697
5778.390 385.844
5779.569 387.674
5780.748 376.205
5781.927 407.643
5783.106 373.965
5784.284 380.007
5785.463 362.576
5786.642 384.423
5787.821 392.014
5789.000 403.468
5790.179 402.596
5791.357 389.133
5792.536 386.295
5793.715 386.847
5794.894 387.834
5796.073 389.811
5797.251 382.139
5798.430 361.659
5799.609 380.540
5800.788 421.981
5801.967 420.859
5803.146 400.165
5804.324 358.797
5805.503 388.940
5806.682 399.418
5807.861 395.958
5809.040 371.794
5810.218 374.950
5811.397 385.096
5812.576 385.495
5813.755 374.571
5814.934 339.912
5816.113 369.765
5817.291 374.153
5818.470 409.542
5819.649 401.635
5820.828 388.866
5822.007 389.151
5823.185 397.720
5824.364 400.312
5825.543 373.375
5826.722 357.939
5827.901 387.206
5829.080 401.721
5830.258 388.548
5831.437 396.216
5832.616 405.818
5833.795 392.862
5834.974 383.418
5836.152 394.513
5837.331 398.333
5838.510 375.139
5839.689 403.257
5840.868 374.811
5842.047 384.145
5843.225 390.536
5844.404 383.626
5845.583 394.880
5846.762 385.092
5847.941 389.852
5849.119 395.202
5850.298 396.121
5851.477 387.021
5852.656 360.731
5853.835 400.592
5855.014 391.232
5856.192 362.318
5857.371 384.961
5858.550 385.983
5859.729 359.192
5860.908 381.492
5862.086 387.788
5863.265 402.685
5864.444 416.134
5865.623 470.766
5866.802 535.607
5867.981 520.754
5869.159 464.338
5870.338 424.987
5871.517 394.922
5872.696 390.349
5873.875 413.991
5875.053 393.284
5876.232 478.038
5877.411 1602.046
5878.590 3663.248
5879.769 4112.685
5880.948 2176.914
5882.126 761.591
5883.305 418.304
5884.484 392.287
5885.663 432.810
5886.842 428.610
5888.020 749.551
5889.199 1369.107
5890.378 1544.338
5891.557 1123.162
5892.736 521.466
5893.915 539.076
5895.093 912.145
5896.272 1095.832
5897.451 831.279
5898.630 526.616
5899.809 406.766
5900.987 393.670
5902.166 389.786
5903.345 391.854
5904.524 393.659
5905.703 403.498
5906.882 430.435
5908.060 411.112
5909.239 373.374
5910.418 394.151
5911.597 377.849
5912.776 372.330
5913.954 420.929
5915.133 519.611
5916.312 503.521
5917.491 431.178
5918.670 379.189
5919.849 391.682
5921.027 382.626
5922.206 377.544
5923.385 405.182
5924.564 410.088
5925.743 416.667
5926.921 414.136
5928.100 368.051
5929.279 371.866
5930.458 394.191
5931.637 466.711
5932.815 538.467
5933.994 535.120
5935.173 439.379
5936.352 398.291
5937.531 378.086
5938.710 358.612
5939.888 374.841
5941.067 372.089
5942.246 352.289
5943.425 360.474
5944.604 371.115
5945.782 411.676
5946.961 419.140
5948.140 404.700
5949.319 381.483
5950.498 379.254
5951.677 383.369
5952.855 421.604
5954.034 480.326
5955.213 455.070
5956.392 382.204
5957.571 378.717
5958.749 399.404
5959.928 385.861
5961.107 373.861
5962.286 383.085
5963.465 359.226
5964.644 360.181
5965.822 371.030
5967.001 378.673
5968.180 374.097
5969.359 399.036
5970.538 417.615
5971.716 415.287
5972.895 415.555
5974.074 415.821
