5329.969 1813.512
5331.022 1789.252
5332.075 1256.313
5333.128 1016.373
5334.181 1162.462
5335.234 1196.329
5336.287 1089.159
5337.340 1012.380
5338.393 1016.997
5339.446 1017.003
5340.499 944.553
5341.552 1022.701
5342.605 1065.405
5343.658 1032.810
5344.711 1039.027
5345.764 920.092
5346.817 978.355
5347.870 921.827
5348.923 1001.349
5349.976 1049.899
5351.029 951.464
5352.082 1009.490
5353.135 1065.878
5354.188 1041.763
5355.241 1016.188
5356.294 1059.642
5357.347 1086.379
5358.400 1049.441
5359.453 1125.499
5360.506 993.479
5361.559 851.733
5362.612 1023.477
5363.665 833.548
5364.718 990.478
5365.771 962.084
5366.824 1033.723
5367.877 1015.515
5368.930 905.917
5369.983 853.954
5371.036 916.929
5372.089 909.694
5373.142 904.651
5374.195 1049.292
5375.248 1027.151
5376.301 988.014
5377.354 1033.064
5378.407 1110.664
5379.460 897.021
5380.513 937.162
5381.566 960.980
5382.619 1227.263
5383.672 857.421
5384.725 924.980
5385.778 1213.547
5386.831 929.777
5387.884 1029.394
5388.937 922.235
5389.990 966.930
5391.043 896.746
5392.097 786.281
5393.150 1067.756
5394.203 909.950
5395.256 1001.640
5396.309 918.513
5397.362 1032.271
5398.415 1005.449
5399.468 1075.956
5400.521 916.325
5401.574 952.023
5402.627 960.604
5403.680 913.114
5404.733 935.449
5405.786 944.514
5406.839 761.142
5407.892 903.987
5408.945 1043.928
5409.998 906.999
5411.051 907.560
5412.104 1053.811
5413.157 1000.135
5414.210 843.772
5415.263 996.821
5416.316 1069.340
5417.369 1055.939
5418.422 999.010
5419.475 956.803
5420.528 923.378
5421.581 915.989
5422.634 880.295
5423.687 947.106
5424.740 921.618
5425.793 879.093
5426.846 968.995
5427.899 916.672
5428.952 827.377
5430.005 1031.388
5431.058 963.673
5432.111 1035.525
5433.164 1024.749
5434.217 913.901
5435.270 1060.972
5436.323 1193.854
5437.376 1093.256
5438.429 949.042
5439.482 1025.742
5440.535 948.756
5441.588 964.694
5442.641 971.130
5443.694 933.939
5444.747 907.059
5445.800 966.424
5446.853 1001.883
5447.906 1013.464
5448.959 965.096
5450.012 1017.083
5451.065 868.046
5452.118 960.476
5453.171 945.339
5454.224 857.804
5455.277 1081.892
5456.330 876.762
5457.383 886.579
5458.436 1039.590
5459.489 984.279
5460.542 1032.003
5461.595 1006.166
5462.648 964.781
5463.701 824.639
5464.754 831.282
5465.807 944.703
5466.860 972.019
5467.913 975.623
5468.966 862.309
5470.019 870.564
5471.072 962.117
5472.125 850.556
5473.178 1038.052
5474.231 936.925
5475.285 935.397
5476.338 976.211
5477.391 913.774
5478.444 1010.813
5479.497 887.878
5480.550 978.376
5481.603 946.330
5482.656 813.965
5483.709 796.976
5484.762 902.597
5485.815 980.012
5486.868 862.476
5487.921 1022.298
5488.974 928.914
5490.027 959.169
5491.080 954.228
5492.133 911.329
5493.186 1060.098
5494.239 864.520
5495.292 854.200
5496.345 911.734
5497.398 969.276
5498.451 868.154
5499.504 931.395
5500.557 942.834
5501.610 882.364
5502.663 943.438
5503.716 942.018
5504.769 953.327
5505.822 950.815
5506.875 958.806
5507.928 879.455
5508.981 977.819
5510.034 1019.956
5511.087 847.742
5512.140 924.293
5513.193 1022.174
5514.246 945.613
5515.299 793.803
5516.352 965.631
5517.405 1053.482
5518.458 866.107
5519.511 924.782
5520.564 1115.608
5521.617 1028.521
5522.670 895.046
5523.723 796.051
5524.776 875.970
5525.829 919.038
5526.882 875.422
5527.935 811.863
5528.988 828.343
5530.041 853.340
5531.094 923.738
5532.147 852.583
5533.200 880.268
5534.253 963.208
5535.306 767.011
5536.359 937.149
5537.412 869.020
5538.465 924.508
5539.518 995.276
5540.571 1006.450
5541.624 1132.223
5542.677 1047.198
5543.730 1035.109
5544.783 1046.554
5545.836 1043.293
5546.889 1020.390
5547.942 1069.956
5548.995 889.883
5550.048 966.868
5551.101 839.674
5552.154 843.314
5553.207 912.649
5554.260 700.014
5555.313 939.285
5556.366 1000.633
5557.419 961.622
5558.473 795.374
5559.526 920.098
5560.579 931.033
5561.632 988.613
5562.685 1029.280
5563.738 1247.509
5564.791 1244.939
5565.844 992.025
5566.897 892.248
5567.950 937.466
5569.003 907.367
5570.056 1055.063
5571.109 1034.148
5572.162 922.909
5573.215 819.148
5574.268 1261.761
5575.321 2920.603
5576.374 28360.805
5577.427 54869.548
5578.480 40367.662
5579.533 8314.234
5580.586 172.925
5581.639 1154.830
5582.692 885.816
5583.745 935.585
5584.798 830.901
5585.851 848.577
5586.904 887.471
5587.957 1021.738
5589.010 1102.696
5590.063 1129.274
5591.116 953.106
5592.169 895.791
5593.222 897.071
5594.275 865.607
5595.328 960.247
5596.381 893.682
5597.434 995.691
5598.487 928.793
5599.540 933.176
5600.593 892.740
5601.646 1010.510
5602.699 983.287
5603.752 1014.513
5604.805 1189.403
5605.858 1227.240
5606.911 1111.037
5607.964 865.306
5609.017 954.947
5610.070 975.488
5611.123 860.432
5612.176 846.691
5613.229 903.267
5614.282 881.682
5615.335 807.876
5616.388 977.839
5617.441 902.945
5618.494 939.001
5619.547 871.227
5620.600 854.724
5621.653 881.645
5622.706 1008.221
5623.759 889.873
5624.812 1013.761
5625.865 941.262
5626.918 890.912
5627.971 825.252
5629.024 948.042
5630.077 945.018
5631.130 852.260
5632.183 962.671
5633.236 867.194
5634.289 841.458
5635.342 786.281
5636.395 867.045
5637.448 831.104
5638.501 879.751
5639.554 889.651
5640.608 861.843
5641.661 856.235
5642.714 877.591
5643.767 872.319
5644.820 997.474
5645.873 1100.081
5646.926 871.641
5647.979 850.713
5649.032 934.055
5650.085 897.064
5651.138 895.993
5652.191 836.485
5653.244 874.343
5654.297 855.413
5655.350 796.023
5656.403 819.396
5657.456 834.398
5658.509 822.529
5659.562 831.872
5660.615 832.114
5661.668 851.716
5662.721 922.643
5663.774 874.602
5664.827 851.795
5665.880 969.363
5666.933 940.857
5667.986 885.680
5669.039 1053.948
5670.092 938.076
5671.145 959.023
5672.198 877.146
5673.251 918.645
5674.304 906.238
5675.357 844.238
5676.410 885.025
5677.463 887.395
5678.516 811.882
5679.569 846.553
5680.622 892.875
5681.675 937.080
5682.728 900.500
5683.781 876.448
5684.834 902.511
5685.887 961.407
5686.940 1017.723
5687.993 1052.778
5689.046 907.478
5690.099 917.084
5691.152 878.231
5692.205 949.103
5693.258 969.140
5694.311 901.350
5695.364 903.100
5696.417 911.459
5697.470 944.165
5698.523 919.879
5699.576 946.904
5700.629 937.803
5701.682 913.418
5702.735 959.003
5703.788 982.907
5704.841 922.509
5705.894 945.969
5706.947 919.927
5708.000 904.198
5709.053 993.687
5710.106 894.417
5711.159 920.335
5712.212 856.392
5713.265 916.333
5714.318 839.184
5715.371 885.436
5716.424 848.954
5717.477 884.386
5718.530 941.021
5719.583 939.246
5720.636 871.439
5721.689 919.217
5722.742 948.310
5723.796 958.603
5724.849 930.534
5725.902 958.403
5726.955 938.409
5728.008 963.158
5729.061 865.226
5730.114 932.711
5731.167 775.035
5732.220 898.881
5733.273 873.445
5734.326 865.143
5735.379 834.832
5736.432 963.620
5737.485 714.818
5738.538 752.478
5739.591 917.709
5740.644 914.988
5741.697 886.281
5742.750 849.280
5743.803 771.564
5744.856 812.825
5745.909 837.401
5746.962 858.531
5748.015 749.877
5749.068 836.791
5750.121 801.439
5751.174 832.282
5752.227 863.469
5753.280 913.381
5754.333 821.084
5755.386 899.100
5756.439 849.962
5757.492 900.534
5758.545 812.695
5759.598 928.246
5760.651 873.697
5761.704 791.725
5762.757 834.668
5763.810 723.680
5764.863 920.109
5765.916 834.830
5766.969 787.476
5768.022 843.830
5769.075 846.101
5770.128 914.274
5771.181 875.767
5772.234 886.681
5773.287 880.970
5774.340 820.821
5775.393 834.236
5776.446 752.923
5777.499 862.530
5778.552 835.022
5779.605 896.327
5780.658 779.205
5781.711 818.684
5782.764 774.806
5783.817 842.513
5784.870 857.727
5785.923 913.583
5786.976 877.190
5788.029 786.904
5789.082 816.571
5790.135 883.972
5791.188 861.554
5792.241 851.566
5793.294 951.514
5794.347 860.745
5795.400 833.499
5796.453 844.164
5797.506 955.127
5798.559 928.715
5799.612 869.252
5800.665 862.151
5801.718 800.219
5802.771 857.778
5803.824 975.840
5804.877 893.675
5805.931 888.231
5806.984 868.730
5808.037 796.390
5809.090 873.493
5810.143 844.202
5811.196 853.510
5812.249 869.726
5813.302 950.518
5814.355 819.910
5815.408 857.080
5816.461 788.346
5817.514 756.651
5818.567 861.003
5819.620 877.040
5820.673 911.831
5821.726 916.663
5822.779 861.109
5823.832 873.662
5824.885 834.791
5825.938 862.193
5826.991 1006.968
5828.044 885.074
5829.097 822.199
5830.150 785.019
5831.203 843.072
5832.256 932.526
5833.309 881.282
5834.362 835.220
5835.415 825.512
5836.468 785.527
5837.521 770.574
5838.574 728.884
5839.627 896.538
5840.680 867.859
5841.733 845.592
5842.786 883.792
5843.839 787.040
5844.892 865.028
5845.945 770.411
5846.998 819.026
5848.051 821.957
5849.104 798.339
5850.157 781.171
5851.210 805.175
5852.263 794.059
5853.316 855.721
5854.369 856.076
5855.422 779.553
5856.475 815.972
5857.528 764.818
5858.581 819.921
5859.634 855.519
5860.687 883.151
5861.740 787.917
5862.793 856.385
5863.846 904.991
5864.899 1167.973
5865.952 1361.140
5867.005 1480.313
5868.058 1412.866
5869.111 1244.673
5870.164 982.233
5871.217 930.873
5872.270 929.569
5873.323 954.695
5874.376 1012.820
5875.429 966.370
5876.482 931.801
5877.535 1707.573
5878.588 4113.779
5879.641 4614.756
5880.694 2742.647
5881.747 936.710
5882.800 941.172
5883.853 885.024
5884.906 886.709
5885.959 900.244
5887.012 1274.845
5888.065 2033.045
5889.119 4939.148
5890.172 6993.730
5891.225 4752.649
5892.278 1530.734
5893.331 860.472
5894.384 1761.036
5895.437 3846.420
5896.490 4390.788
5897.543 2357.587
5898.596 1089.300
5899.649 801.501
5900.702 846.376
5901.755 798.561
5902.808 977.455
5903.861 980.668
5904.914 994.936
5905.967 1004.849
5907.020 1079.757
5908.073 1017.698
5909.126 875.517
5910.179 741.388
5911.232 915.462
5912.285 850.286
5913.338 870.177
5914.391 1267.016
5915.444 1690.025
5916.497 1435.741
5917.550 909.869
5918.603 843.696
5919.656 856.946
5920.709 883.977
5921.762 890.698
5922.815 877.319
5923.868 1065.941
5924.921 1126.303
5925.974 969.762
5927.027 985.219
5928.080 835.831
5929.133 774.880
5930.186 847.981
5931.239 909.309
5932.292 1427.463
5933.345 1647.386
5934.398 1227.237
5935.451 919.925
5936.504 743.762
5937.557 850.966
5938.610 814.793
5939.663 840.513
5940.716 756.932
5941.769 793.915
5942.822 822.826
5943.875 793.308
5944.928 980.817
5945.981 1109.638
5947.034 1076.805
5948.087 831.230
5949.140 862.207
5950.193 789.326
5951.246 905.996
5952.299 1068.084
5953.352 1488.735
5954.405 1457.212
5955.458 904.653
5956.511 793.954
5957.564 856.534
5958.617 928.734
5959.670 883.490
5960.723 781.505
5961.776 870.174
5962.829 846.338
5963.882 857.317
5964.935 875.110
5965.988 821.250
5967.041 778.361
5968.094 794.121
5969.147 906.145
5970.200 924.324
5971.254 931.444
5972.307 837.549
5973.360 728.243
5974.413 795.575
5975.466 869.934
5976.519 1152.068
5977.572 1182.068
5978.625 927.039
5979.678 868.525
5980.731 835.001
5981.784 817.187
5982.837 791.662
5983.890 823.650
5984.943 789.779
5985.996 781.110
5987.049 778.073
5988.102 785.828
5989.155 757.958
5990.208 728.321
5991.261 780.644
5992.314 792.194
5993.367 801.867
5994.420 800.948
5995.473 812.657
5996.526 841.057
5997.579 776.471
5998.632 912.046
5999.685 866.693
6000.738 773.305
6001.791 712.419
6002.844 804.490
6003.897 980.535
6004.950 845.367
6006.003 753.116
6007.056 713.129
6008.109 791.133
6009.162 785.980
6010.215 732.305
6011.268 761.679
6012.321 782.616
6013.374 699.307
6014.427 703.174
6015.480 744.918
6016.533 722.069
6017.586 752.992
6018.639 671.270
6019.692 713.459
6020.745 737.703
6021.798 806.735
6022.851 791.331
6023.904 708.126
6024.957 663.429
6026.010 637.456
6027.063 729.872
6028.116 742.965
6029.169 696.227
6030.222 723.957
6031.275 747.205
6032.328 726.437
6033.381 755.997
6034.434 770.110
6035.487 794.126
6036.540 672.466
6037.593 692.835
6038.646 699.523
6039.699 700.409
6040.752 685.903
6041.805 729.151
6042.858 715.634
6043.911 706.082
6044.964 608.865
6046.017 675.636
6047.070 772.044
6048.123 656.441
6049.176 671.211
6050.229 710.915
6051.282 662.664
6052.335 721.137
6053.388 705.479
6054.442 712.561
6055.495 770.256
6056.548 669.336
6057.601 627.457
6058.654 642.288
6059.707 669.080
6060.760 637.248
6061.813 658.597
6062.866 811.937
6063.919 678.028
6064.972 683.973
6066.025 644.825
6067.078 695.645
6068.131 660.093
6069.184 640.691
6070.237 643.517
6071.290 648.057
6072.343 597.493
6073.396 595.940
6074.449 603.635
6075.502 659.274
6076.555 578.510
6077.608 618.075
6078.661 537.554
6079.714 527.233
6080.767 616.585
6081.820 654.421
6082.873 631.223
6083.926 645.357
6084.979 638.702
6086.032 597.411
6087.085 669.274
6088.138 632.447
6089.191 648.203
6090.244 605.332
6091.297 717.267
6092.350 637.401
6093.403 634.859
6094.456 649.412
6095.509 605.912
6096.562 608.781
6097.615 637.527
6098.668 619.957
6099.721 569.534
6100.774 580.175
6101.827 666.115
6102.880 642.585
6103.933 767.954
6104.986 700.396
6106.039 666.668
6107.092 667.372
6108.145 630.169
6109.198 677.395
6110.251 629.389
6111.304 677.505
6112.357 676.160
6113.410 604.853
6114.463 681.579
6115.516 617.093
6116.569 587.410
6117.622 652.392
6118.675 587.778
6119.728 561.445
6120.781 634.134
6121.834 623.392
6122.887 600.834
6123.940 584.040
6124.993 546.580
6126.046 588.566
6127.099 657.764
6128.152 673.505
6129.205 669.050
6130.258 616.070
6131.311 635.080
6132.364 629.079
6133.417 548.861
6134.470 571.009
6135.523 677.238
6136.577 705.785
6137.630 704.470
6138.683 676.874
6139.736 745.673
6140.789 717.064
6141.842 634.272
6142.895 673.518
6143.948 813.126
6145.001 806.213
6146.054 602.195
6147.107 519.430
6148.160 521.908
6149.213 614.282
6150.266 570.864
6151.319 571.315
6152.372 615.567
6153.425 624.361
6154.478 664.664
6155.531 935.125
6156.584 1299.912
6157.637 1424.520
6158.690 1188.342
6159.743 897.217
6160.796 708.804
6161.849 608.617
6162.902 586.610
6163.955 551.607
6165.008 546.147
6166.061 612.430
6167.114 620.531
6168.167 641.210
6169.220 727.426
6170.273 866.527
6171.326 889.910
6172.379 685.411
6173.432 613.230
6174.485 549.054
6175.538 664.825
6176.591 799.189
6177.644 674.915
6178.697 599.082
6179.750 674.285
6180.803 606.071
6181.856 564.110
6182.909 574.610
6183.962 582.039
6185.015 684.790
6186.068 628.086
6187.121 606.667
6188.174 638.852
6189.227 584.942
6190.280 577.620
6191.333 587.174
6192.386 679.464
6193.439 666.190
6194.492 611.899
6195.545 632.104
6196.598 625.603
6197.651 637.236
6198.704 579.964
6199.757 610.537
6200.810 577.698
6201.863 719.196
6202.916 870.975
6203.969 815.102
6205.022 685.556
6206.075 639.924
6207.128 614.727
6208.181 619.880
6209.234 614.880
6210.287 552.227
6211.340 657.745
6212.393 698.067
6213.446 627.076
6214.499 638.357
6215.552 613.766
6216.605 589.860
6217.658 570.913
6218.711 588.459
6219.765 610.185
6220.818 802.929
6221.871 916.765
6222.924 848.501
6223.977 602.136
6225.030 539.355
6226.083 610.821
6227.136 556.995
6228.189 572.550
6229.242 613.425
6230.295 659.832
6231.348 571.959
6232.401 625.638
6233.454 953.959
6234.507 1280.938
6235.560 1627.380
6236.613 1690.408
6237.666 1120.514
6238.719 736.237
6239.772 763.761
6240.825 807.385
6241.878 796.893
6242.931 894.559
6243.984 932.967
6245.037 666.773
6246.090 615.525
6247.143 657.405
6248.196 613.280
6249.249 667.143
6250.302 649.066
6251.355 556.597
6252.408 600.500
6253.461 626.719
6254.514 624.023
6255.567 650.241
6256.620 923.932
6257.673 1666.035
6258.726 1747.034
6259.779 1009.319
6260.832 658.945
6261.885 709.986
6262.938 659.557
6263.991 795.883
6265.044 988.541
6266.097 952.927
6267.150 719.563
6268.203 613.415
6269.256 661.361
6270.309 580.257
6271.362 616.401
6272.415 674.005
6273.468 643.517
6274.521 652.619
6275.574 686.902
6276.627 693.708
6277.680 651.212
6278.733 658.883
6279.786 630.434
6280.839 591.208
6281.892 499.826
6282.945 564.178
6283.998 573.013
6285.051 579.752
6286.104 921.840
6287.157 1506.692
6288.210 1543.246
6289.263 1006.372
6290.316 541.031
6291.369 575.507
6292.422 604.671
6293.475 516.748
6294.528 682.463
6295.581 593.471
6296.634 1133.452
6297.687 638.861
6298.740 11677.867
6299.793 45073.094
6300.846 53653.823
6301.899 28717.537
6302.953 421.023
6304.006 1395.790
6305.059 762.576
6306.112 1441.229
6307.165 1843.518
6308.218 1434.059
6309.271 706.443
6310.324 590.862
6311.377 646.478
6312.430 572.455
6313.483 630.438
6314.536 713.836
6315.589 1053.930
6316.642 934.635
6317.695 676.877
6318.748 528.598
6319.801 677.229
6320.854 951.905
6321.907 872.553
6322.960 742.217
6324.013 532.346
6325.066 591.276
6326.119 568.070
6327.172 553.997
6328.225 749.281
6329.278 1263.225
6330.331 1476.709
6331.384 1092.941
6332.437 571.899
6333.490 587.077
6334.543 574.764
6335.596 535.677
6336.649 663.263
6337.702 619.299
6338.755 532.824
6339.808 533.673
6340.861 588.518
6341.914 600.410
6342.967 643.693
6344.020 658.926
6345.073 555.467
6346.126 515.115
6347.179 659.018
6348.232 879.680
6349.285 776.690
6350.338 722.815
6351.391 591.935
6352.444 528.538
6353.497 569.889
6354.550 579.421
6355.603 889.054
6356.656 1204.945
6357.709 919.638
6358.762 558.741
6359.815 514.726
6360.868 796.431
6361.921 1779.362
6362.974 12059.467
6364.027 19070.922
6365.080 11500.977
6366.133 2411.681
6367.186 445.147
6368.239 668.191
6369.292 485.063
6370.345 514.920
6371.398 569.528
6372.451 560.169
6373.504 513.509
6374.557 546.097
6375.610 549.000
6376.663 510.527
6377.716 606.340
6378.769 679.478
6379.822 679.902
6380.875 631.306
6381.928 490.779
6382.981 577.123
6384.034 543.190
6385.088 611.855
6386.141 764.426
6387.194 736.838
6388.247 663.418
6389.300 547.746
6390.353 534.523
6391.406 502.934
6392.459 487.277
6393.512 514.004
6394.565 501.910
6395.618 492.502
6396.671 529.476
6397.724 522.846
6398.777 485.399
6399.830 435.444
6400.883 522.967
6401.936 513.248
6402.989 515.268
6404.042 554.561
6405.095 473.922
6406.148 490.526
6407.201 465.739
6408.254 485.471
6409.307 472.513
6410.360 457.102
6411.413 514.922
6412.466 553.040
6413.519 596.180
6414.572 530.451
6415.625 611.600
6416.678 474.146
6417.731 443.955
6418.784 458.778
6419.837 583.384
6420.890 624.437
6421.943 506.944
6422.996 432.335
6424.049 446.769
6425.102 493.478
6426.155 472.152
6427.208 477.026
6428.261 477.408
6429.314 419.549
6430.367 445.007
6431.420 462.945
6432.473 452.492
6433.526 502.514
6434.579 500.905
6435.632 459.282
6436.685 460.671
6437.738 501.362
6438.791 463.390
6439.844 451.630
6440.897 492.891
6441.950 458.907
6443.003 458.335
6444.056 498.220
6445.109 522.074
6446.162 442.531
6447.215 499.702
6448.268 511.873
6449.321 510.418
6450.374 498.727
6451.427 485.142
6452.480 517.883
6453.533 620.967
6454.586 701.748
6455.639 659.428
6456.692 626.673
6457.745 635.729
6458.798 539.934
6459.851 437.157
6460.904 534.395
6461.957 533.603
6463.010 651.443
6464.063 800.234
6465.116 930.044
6466.169 970.073
6467.222 784.928
6468.276 594.572
6469.329 604.586
6470.382 886.324
6471.435 1049.851
6472.488 698.041
6473.541 563.658
6474.594 512.021
6475.647 459.616
6476.700 483.694
6477.753 627.991
6478.806 623.839
6479.859 489.984
6480.912 471.581
6481.965 466.293
6483.018 425.958
6484.071 413.893
6485.124 422.304
6486.177 441.147
6487.230 477.476
6488.283 453.975
6489.336 430.562
6490.389 424.178
6491.442 417.947
6492.495 456.555
6493.548 456.701
6494.601 502.043
6495.654 445.084
6496.707 534.568
6497.760 1059.883
6498.813 1805.903
6499.866 1319.358
6500.919 568.521
6501.972 483.719
6503.025 534.448
6504.078 708.879
6505.131 862.482
6506.184 664.195
6507.237 513.586
6508.290 482.141
6509.343 424.647
6510.396 477.751
6511.449 463.031
6512.502 435.451
6513.555 490.487
6514.608 507.575
6515.661 504.135
6516.714 448.172
6517.767 415.162
6518.820 455.671
6519.873 399.385
6520.926 461.888
6521.979 703.495
6523.032 791.090
6524.085 601.923
6525.138 460.086
6526.191 474.759
6527.244 492.905
6528.297 459.780
6529.350 434.142
6530.403 425.395
6531.456 661.981
6532.509 1166.991
6533.562 1446.227
6534.615 979.121
6535.668 433.413
6536.721 475.283
6537.774 448.833
6538.827 491.763
6539.880 438.382
6540.933 517.534
6541.986 567.478
6543.039 671.605
6544.092 862.636
6545.145 793.603
6546.198 507.963
6547.251 468.938
6548.304 401.953
6549.357 486.305
6550.411 538.455
6551.464 692.199
6552.517 1238.439
6553.570 1612.390
6554.623 1467.630
6555.676 687.429
6556.729 479.850
6557.782 484.317
6558.835 477.762
6559.888 493.236
6560.941 500.503
6561.994 633.945
6563.047 1437.229
6564.100 285.735
6565.153 21997.109
6566.206 62582.670
6567.259 69726.404
6568.312 30690.456
6569.365 2129.898
6570.418 1413.122
6571.471 515.114
6572.524 537.825
6573.577 480.382
6574.630 493.966
6575.683 608.572
6576.736 1154.931
6577.789 1255.462
6578.842 850.053
6579.895 454.128
6580.948 500.183
6582.001 473.398
6583.054 537.102
6584.107 442.602
6585.160 579.400
6586.213 822.003
6587.266 1022.418
6588.319 961.892
6589.372 647.581
6590.425 515.636
6591.478 470.066
6592.531 493.802
6593.584 409.852
6594.637 419.608
6595.690 576.007
6596.743 638.096
6597.796 539.431
6598.849 454.137
6599.902 400.190
6600.955 465.650
6602.008 440.929
6603.061 580.426
6604.114 806.272
6605.167 754.524
6606.220 524.960
6607.273 396.619
6608.326 469.037
6609.379 428.406
6610.432 407.892
6611.485 414.363
6612.538 409.304
6613.591 387.884
6614.644 385.732
6615.697 384.412
6616.750 414.098
6617.803 433.524
6618.856 379.324
6619.909 391.308
6620.962 464.253
6622.015 430.503
6623.068 362.076
6624.121 416.512
6625.174 432.793
6626.227 411.047
6627.280 449.842
6628.333 482.244
6629.386 449.834
6630.439 386.840
6631.492 379.974
6632.545 444.242
6633.599 512.144
6634.652 539.468
6635.705 457.265
6636.758 436.079
6637.811 473.468
6638.864 451.348
6639.917 453.687
6640.970 433.943
6642.023 427.536
6643.076 430.753
6644.129 404.790
6645.182 392.929
6646.235 437.859
6647.288 406.777
6648.341 466.439
6649.394 436.935
6650.447 457.389
6651.500 456.790
6652.553 380.692
6653.606 373.735
6654.659 451.601
6655.712 449.050
6656.765 376.572
6657.818 423.676
6658.871 455.253
6659.924 376.895
6660.977 397.064
6662.030 484.027
6663.083 457.864
6664.136 393.018
6665.189 400.626
6666.242 416.316
6667.295 453.580
6668.348 475.453
6669.401 410.265
6670.454 391.872
6671.507 417.890
6672.560 402.799
6673.613 401.664
6674.666 366.011
6675.719 456.467
6676.772 406.238
6677.825 360.967
6678.878 393.911
6679.931 391.009
6680.984 764.226
6682.037 1202.322
6683.090 1000.987
6684.143 511.483
6685.196 425.360
6686.249 343.138
6687.302 388.719
6688.355 419.702
6689.408 368.548
6690.461 346.543
6691.514 389.723
6692.567 385.948
6693.620 344.721
6694.673 383.877
6695.726 403.278
6696.779 367.971
6697.832 423.063
6698.885 426.290
6699.938 413.687
6700.991 441.247
6702.044 384.760
6703.097 441.669
6704.150 429.701
6705.203 377.651
6706.256 361.448
6707.309 364.580
6708.362 437.947
6709.415 303.154
6710.468 397.075
6711.521 383.217
6712.574 326.241
6713.627 367.135
6714.680 430.016
6715.734 405.054
6716.787 408.223
6717.840 405.396
6718.893 833.509
6719.946 1560.875
6720.999 1749.753
6722.052 1053.800
6723.105 549.908
6724.158 424.058
6725.211 400.928
6726.264 401.289
6727.317 381.529
6728.370 394.691
6729.423 375.829
6730.476 417.628
6731.529 462.114
6732.582 534.243
6733.635 949.196
6734.688 1441.547
6735.741 1249.425
6736.794 724.750
6737.847 477.253
6738.900 466.928
6739.953 397.238
6741.006 389.205
6742.059 440.175
6743.112 387.843
6744.165 423.032
6745.218 368.363
6746.271 424.288
6747.324 394.550
6748.377 334.374
6749.430 362.997
6750.483 354.657
6751.536 383.407
6752.589 381.957
6753.642 321.704
6754.695 352.663
6755.748 360.769
6756.801 347.218
6757.854 364.804
6758.907 335.800
6759.960 335.378
6761.013 356.279
6762.066 361.075
6763.119 338.757
6764.172 406.474
6765.225 402.526
6766.278 382.308
6767.331 351.289
6768.384 388.893
6769.437 344.434
6770.490 363.272
6771.543 348.458
6772.596 335.779
6773.649 351.875
6774.702 390.995
6775.755 368.828
6776.808 336.596
6777.861 376.300
6778.914 389.138
6779.967 384.780
6781.020 360.465
6782.073 363.386
6783.126 402.372
6784.179 361.371
6785.232 364.457
6786.285 329.496
6787.338 369.931
6788.391 401.447
6789.444 368.624
6790.497 332.690
6791.550 350.197
6792.603 366.563
6793.656 383.118
6794.709 342.421
6795.762 371.375
6796.815 313.389
6797.868 343.148
6798.922 346.537
6799.975 307.621
6801.028 371.591
6802.081 380.725
6803.134 345.199
6804.187 330.101
6805.240 338.708
6806.293 344.982
6807.346 352.646
6808.399 352.726
6809.452 375.372
6810.505 370.574
6811.558 318.953
6812.611 434.252
6813.664 295.662
6814.717 303.630
6815.770 355.911
6816.823 355.614
6817.876 316.698
6818.929 367.891
6819.982 329.404
6821.035 326.196
6822.088 389.471
6823.141 407.893
6824.194 407.053
6825.247 343.453
6826.300 550.902
6827.353 927.863
6828.406 1382.822
6829.459 1718.677
6830.512 1403.521
6831.565 679.440
6832.618 672.152
6833.671 1452.140
6834.724 1811.772
6835.777 1258.504
6836.830 377.944
6837.883 374.826
6838.936 350.425
6839.989 468.204
6841.042 567.190
6842.095 709.666
6843.148 654.763
6844.201 377.631
6845.254 277.982
6846.307 337.262
6847.360 360.765
6848.413 311.742
6849.466 368.277
6850.519 385.343
6851.572 395.274
6852.625 342.276
6853.678 313.575
6854.731 376.011
6855.784 355.076
6856.837 348.339
6857.890 361.920
6858.943 380.811
6859.996 382.434
6861.049 339.382
6862.102 755.948
6863.155 2332.655
6864.208 3085.086
6865.261 2063.447
6866.314 485.802
6867.367 231.347
6868.420 204.227
6869.473 207.911
6870.526 469.042
6871.579 503.792
6872.632 339.666
6873.685 265.645
6874.738 244.621
6875.791 233.310
6876.844 266.154
6877.897 269.610
6878.950 265.881
6880.003 399.194
6881.056 593.692
6882.110 573.946
6883.163 399.797
6884.216 331.240
6885.269 335.539
6886.322 296.085
6887.375 307.035
6888.428 682.089
6889.481 784.227
6890.534 711.701
6891.587 348.304
6892.640 288.216
6893.693 342.656
6894.746 375.386
6895.799 385.308
6896.852 300.314
6897.905 286.453
6898.958 353.053
6900.011 618.256
6901.064 860.271
6902.117 617.874
6903.170 310.239
6904.223 297.880
6905.276 272.104
6906.329 280.048
6907.382 343.728
6908.435 275.436
6909.488 277.284
6910.541 320.900
6911.594 794.621
6912.647 1138.855
6913.700 922.817
6914.753 380.828
6915.806 299.700
6916.859 346.340
6917.912 347.940
6918.965 317.823
6920.018 300.458
6921.071 378.983
6922.124 1005.814
6923.177 1776.781
6924.230 1436.154
6925.283 547.878
6926.336 309.709
6927.389 357.843
6928.442 346.460
6929.495 395.851
6930.548 330.083
6931.601 303.677
6932.654 325.136
6933.707 308.565
6934.760 289.064
6935.813 331.297
6936.866 347.162
6937.919 469.770
6938.972 858.276
6940.025 1046.358
6941.078 646.887
6942.131 304.824
6943.184 336.551
6944.237 309.428
6945.290 321.395
6946.343 316.756
6947.396 593.765
6948.449 1695.594
6949.502 2031.163
6950.555 1267.304
6951.608 400.386
6952.661 360.022
6953.714 320.992
6954.767 323.595
6955.820 380.292
6956.873 394.012
6957.926 372.554
6958.979 430.733
6960.032 377.944
6961.085 346.133
6962.138 378.582
6963.191 374.431
6964.245 397.252
6965.298 417.636
6966.351 364.552
6967.404 314.229
6968.457 427.086
6969.510 715.091
6970.563 782.983
6971.616 539.790
6972.669 389.411
6973.722 353.267
6974.775 305.054
6975.828 375.972
6976.881 537.962
6977.934 1152.417
6978.987 1377.264
6980.040 789.244
6981.093 295.048
6982.146 274.405
6983.199 349.210
6984.252 371.155
6985.305 399.113
6986.358 383.427
6987.411 384.930
6988.464 369.076
6989.517 347.063
6990.570 358.049
6991.623 343.718
6992.676 342.210
6993.729 275.318
6994.782 340.971
6995.835 345.897
6996.888 333.880
6997.941 370.944
6998.994 373.840
7000.047 343.597
7001.100 452.414
7002.153 618.344
7003.206 714.758
7004.259 642.352
7005.312 463.935
7006.365 319.539
7007.418 294.049
7008.471 308.079
7009.524 344.641
7010.577 597.193
7011.630 779.549
7012.683 655.285
7013.736 345.683
7014.789 320.558
7015.842 361.497
7016.895 323.227
7017.948 279.949
7019.001 272.913
7020.054 340.705
7021.107 334.334
7022.160 267.690
7023.213 295.697
7024.266 332.867
7025.319 319.836
7026.372 309.300
7027.425 304.829
7028.478 359.215
7029.531 399.403
7030.584 373.894
7031.637 346.580
7032.690 282.722
7033.743 313.340
7034.796 268.326
7035.849 305.658
7036.902 294.841
7037.955 301.823
7039.008 308.263
7040.061 359.602
7041.114 392.325
7042.167 376.370
7043.220 329.335
7044.273 309.290
7045.326 354.649
7046.379 428.229
7047.433 562.548
7048.486 590.595
7049.539 478.589
7050.592 424.019
7051.645 409.056
7052.698 382.175
7053.751 377.409
7054.804 385.130
7055.857 392.672
7056.910 312.432
7057.963 298.197
7059.016 331.440
7060.069 377.036
7061.122 364.525
7062.175 345.205
7063.228 391.491
7064.281 391.491
7065.334 357.431
7066.387 371.842
7067.440 455.425
7068.493 647.069
7069.546 841.726
7070.599 744.366
7071.652 401.951
7072.705 344.679
7073.758 381.003
7074.811 395.176
7075.864 351.752
7076.917 348.870
7077.970 379.125
7079.023 372.521
7080.076 343.087
7081.129 336.579
7082.182 388.268
7083.235 434.196
7084.288 379.792
7085.341 311.291
7086.394 389.738
7087.447 401.915
7088.500 469.154
7089.553 500.037
7090.606 377.476
7091.659 398.118
7092.712 343.954
7093.765 338.037
7094.818 300.265
7095.871 341.857
7096.924 312.298
7097.977 294.155
7099.030 338.000
7100.083 312.877
7101.136 292.307
7102.189 288.587
7103.242 293.090
7104.295 306.060
7105.348 276.697
7106.401 316.848
7107.454 314.786
7108.507 329.191
7109.560 330.297
7110.613 314.441
7111.666 332.610
7112.719 284.984
7113.772 295.132
7114.825 349.775
7115.878 345.614
7116.931 309.884
7117.984 299.030
7119.037 314.502
7120.090 309.078
7121.143 302.736
7122.196 338.572
7123.249 302.916
7124.302 326.882
7125.355 322.088
7126.408 368.684
7127.461 340.218
7128.514 364.836
7129.568 345.174
7130.621 362.016
7131.674 387.158
7132.727 328.842
7133.780 361.027
7134.833 342.461
7135.886 299.339
7136.939 279.614
7137.992 475.533
7139.045 1195.942
7140.098 1847.560
7141.151 1461.097
7142.204 581.653
7143.257 430.355
7144.310 456.579
7145.363 408.489
7146.416 417.875
7147.469 445.122
7148.522 362.548
7149.575 340.609
7150.628 346.160
7151.681 322.987
7152.734 301.546
7153.787 327.824
7154.840 334.709
7155.893 313.143
7156.946 322.513
7157.999 300.979
7159.052 316.752
7160.105 327.701
7161.158 322.751
7162.211 356.212
7163.264 318.459
7164.317 283.863
7165.370 337.495
7166.423 349.716
7167.476 307.141
7168.529 304.502
7169.582 306.414
7170.635 301.649
7171.688 323.629
7172.741 314.009
7173.794 336.620
7174.847 395.836
7175.900 327.108
7176.953 352.402
7178.006 375.567
7179.059 356.101
7180.112 385.875
7181.165 338.871
7182.218 335.126
7183.271 306.931
7184.324 316.475
7185.377 313.741
7186.430 254.919
7187.483 255.355
7188.536 273.582
7189.589 299.075
7190.642 308.465
7191.695 263.401
7192.748 239.003
7193.801 276.385
7194.854 292.399
7195.907 288.517
7196.960 248.428
7198.013 238.773
7199.066 278.819
7200.119 328.490
7201.172 309.509
7202.225 249.027
7203.278 293.425
7204.331 283.167
7205.384 287.626
7206.437 314.112
7207.490 245.654
7208.543 258.328
7209.596 281.007
7210.649 235.745
7211.702 328.445
7212.756 259.788
7213.809 251.444
7214.862 311.281
7215.915 257.306
7216.968 281.122
7218.021 298.404
7219.074 294.534
7220.127 280.534
7221.180 332.064
7222.233 359.229
7223.286 360.467
7224.339 346.559
7225.392 357.985
7226.445 380.789
7227.498 329.160
7228.551 292.881
7229.604 315.099
7230.657 306.611
7231.710 310.225
7232.763 359.754
7233.816 364.401
7234.869 351.211
7235.922 297.448
7236.975 415.547
7238.028 1103.543
7239.081 2181.943
7240.134 2944.164
7241.187 2658.067
7242.240 1587.291
7243.293 1298.634
7244.346 2386.195
7245.399 3010.842
7246.452 2157.870
7247.505 922.381
7248.558 509.151
7249.611 365.582
7250.664 344.209
7251.717 512.639
7252.770 854.420
7253.823 1004.600
7254.876 726.201
7255.929 527.471
7256.982 459.585
7258.035 330.626
7259.088 348.408
7260.141 373.199
7261.194 316.260
7262.247 305.019
7263.300 338.864
7264.353 300.447
7265.406 362.520
7266.459 313.697
7267.512 413.757
7268.565 471.223
7269.618 448.896
7270.671 382.100
7271.724 317.812
7272.777 331.694
7273.830 524.096
7274.883 2048.529
7275.936 4421.478
7276.989 4461.079
7278.042 2321.775
7279.095 671.147
7280.148 385.338
7281.201 429.777
7282.254 498.954
7283.307 1251.216
7284.360 1863.215
7285.413 1817.751
7286.466 1058.308
7287.519 461.669
7288.572 340.931
7289.625 290.414
7290.678 319.035
7291.731 397.564
7292.784 308.340
7293.837 287.621
7294.891 590.701
7295.944 742.072
7296.997 719.546
7298.050 474.327
7299.103 321.940
7300.156 295.015
7301.209 314.506
7302.262 642.642
7303.315 1113.742
7304.368 1244.017
7305.421 786.231
7306.474 390.678
7307.527 368.193
7308.580 327.245
7309.633 370.220
7310.686 382.142
7311.739 366.861
7312.792 342.534
7313.845 369.900
7314.898 1543.694
7315.951 3367.900
7317.004 3583.975
7318.057 1743.821
7319.110 491.935
7320.163 342.261
7321.216 339.135
7322.269 352.552
7323.322 369.811
7324.375 395.587
7325.428 383.506
7326.481 331.540
7327.534 652.674
7328.587 1396.749
7329.640 1676.405
7330.693 1096.682
7331.746 568.992
7332.799 376.485
7333.852 397.172
7334.905 434.114
7335.958 359.091
7337.011 329.780
7338.064 305.060
7339.117 1118.827
7340.170 3202.569
7341.223 4228.844
7342.276 2851.938
7343.329 942.113
7344.382 427.003
7345.435 363.709
7346.488 333.299
7347.541 352.654
7348.594 316.742
7349.647 318.381
7350.700 371.528
7351.753 407.499
7352.806 393.142
7353.859 362.651
7354.912 346.752
7355.965 368.064
7357.018 621.441
7358.071 1223.267
7359.124 1505.417
7360.177 943.980
7361.230 483.110
7362.283 289.830
7363.336 311.215
7364.389 314.400
7365.442 352.968
7366.495 324.388
7367.548 898.074
7368.601 2288.071
7369.654 3175.455
7370.707 2345.809
7371.760 858.626
7372.813 462.192
7373.866 375.708
7374.919 376.935
7375.972 273.575
7377.025 288.821
7378.079 314.095
7379.132 303.522
7380.185 305.478
7381.238 280.963
7382.291 307.194
7383.344 368.835
7384.397 314.417
7385.450 269.412
7386.503 304.398
7387.556 292.550
7388.609 299.634
7389.662 367.232
7390.715 612.596
7391.768 937.830
7392.821 1084.828
7393.874 708.218
7394.927 413.921
7395.980 288.256
7397.033 276.979
7398.086 296.220
7399.139 316.908
7400.192 775.340
7401.245 1628.501
7402.298 1954.564
7403.351 1400.092
7404.404 613.770
7405.457 309.545
7406.510 233.534
7407.563 250.575
7408.616 236.521
7409.669 225.109
7410.722 322.669
7411.775 327.192
7412.828 315.977
7413.881 299.114
7414.934 277.989
7415.987 290.560
7417.040 305.345
7418.093 293.829
7419.146 261.194
7420.199 286.479
7421.252 275.008
7422.305 202.689
7423.358 320.200
7424.411 270.632
7425.464 235.391
7426.517 224.960
7427.570 260.696
7428.623 454.540
7429.676 735.103
7430.729 692.051
7431.782 383.927
7432.835 271.686
7433.888 241.392
7434.941 288.902
7435.994 318.714
7437.047 555.441
7438.100 1029.406
7439.153 1125.770
7440.206 736.636
7441.259 448.678
7442.312 312.656
7443.365 304.873
7444.418 286.515
7445.471 261.426
7446.524 307.908
7447.577 238.512
7448.630 303.242
7449.683 256.705
7450.736 254.578
7451.789 277.070
7452.842 314.518
7453.895 295.562
7454.948 259.146
7456.001 254.592
7457.054 238.912
7458.107 250.096
7459.160 274.988
7460.214 307.128
7461.267 366.775
7462.320 420.312
7463.373 399.457
7464.426 381.827
7465.479 442.251
7466.532 517.776
7467.585 577.520
7468.638 499.071
7469.691 330.647
7470.744 408.774
7471.797 584.293
7472.850 714.312
7473.903 895.139
7474.956 880.954
7476.009 635.956
7477.062 398.398
7478.115 401.925
7479.168 582.070
7480.221 581.991
7481.274 581.905
7482.327 581.820
7483.380 581.737
7484.433 581.654
7485.486 581.564
