5329.969 1700.564
5331.022 1676.995
5332.075 1220.801
5333.128 1111.126
5334.181 1061.105
5335.234 1180.357
5336.287 1084.940
5337.340 1079.408
5338.393 1211.828
5339.446 1119.605
5340.499 997.196
5341.552 965.845
5342.605 1059.822
5343.658 1068.402
5344.711 1120.290
5345.764 1124.065
5346.817 996.421
5347.870 1142.207
5348.923 1088.515
5349.976 979.315
5351.029 1102.016
5352.082 866.521
5353.135 892.858
5354.188 1144.090
5355.241 1062.752
5356.294 983.036
5357.347 899.151
5358.400 1162.976
5359.453 1043.203
5360.506 1136.997
5361.559 1133.750
5362.612 961.230
5363.665 1022.015
5364.718 1054.777
5365.771 1007.504
5366.824 1067.738
5367.877 1028.421
5368.930 867.530
5369.983 1024.371
5371.036 987.616
5372.089 1014.047
5373.142 961.311
5374.195 915.263
5375.248 916.575
5376.301 1020.943
5377.354 1003.908
5378.407 1078.907
5379.460 988.528
5380.513 1098.995
5381.566 971.286
5382.619 887.216
5383.672 994.933
5384.725 1141.722
5385.778 1112.200
5386.831 977.221
5387.884 880.819
5388.937 1044.543
5389.990 1034.229
5391.043 1026.611
5392.097 959.908
5393.150 957.346
5394.203 966.907
5395.256 1004.754
5396.309 932.596
5397.362 924.440
5398.415 1097.442
5399.468 986.410
5400.521 993.828
5401.574 1011.438
5402.627 940.031
5403.680 1019.955
5404.733 879.023
5405.786 821.608
5406.839 984.915
5407.892 986.294
5408.945 945.995
5409.998 895.829
5411.051 1036.694
5412.104 954.139
5413.157 889.744
5414.210 1038.988
5415.263 902.705
5416.316 1012.552
5417.369 965.379
5418.422 1003.988
5419.475 957.732
5420.528 891.274
5421.581 1047.239
5422.634 1014.850
5423.687 1050.334
5424.740 989.831
5425.793 1078.751
5426.846 1033.045
5427.899 1053.399
5428.952 940.375
5430.005 977.808
5431.058 909.743
5432.111 932.102
5433.164 940.346
5434.217 925.786
5435.270 1135.351
5436.323 1104.765
5437.376 1035.960
5438.429 1002.996
5439.482 985.708
5440.535 910.042
5441.588 930.224
5442.641 996.356
5443.694 975.695
5444.747 939.461
5445.800 968.957
5446.853 782.267
5447.906 886.603
5448.959 943.501
5450.012 892.978
5451.065 1112.573
5452.118 947.945
5453.171 936.638
5454.224 943.675
5455.277 1091.349
5456.330 973.530
5457.383 913.925
5458.436 1085.558
5459.489 1005.898
5460.542 978.271
5461.595 985.037
5462.648 967.779
5463.701 822.223
5464.754 936.836
5465.807 979.663
5466.860 1060.594
5467.913 950.360
5468.966 945.913
5470.019 1027.289
5471.072 940.905
5472.125 874.730
5473.178 808.956
5474.231 998.604
5475.285 853.133
5476.338 906.587
5477.391 931.816
5478.444 904.504
5479.497 958.497
5480.550 792.099
5481.603 865.349
5482.656 943.074
5483.709 984.472
5484.762 967.491
5485.815 908.605
5486.868 859.303
5487.921 1024.358
5488.974 1008.222
5490.027 976.911
5491.080 958.175
5492.133 1051.908
5493.186 903.812
5494.239 855.996
5495.292 877.184
5496.345 876.626
5497.398 934.616
5498.451 950.355
5499.504 907.947
5500.557 923.119
5501.610 803.567
5502.663 958.247
5503.716 1022.679
5504.769 1031.139
5505.822 863.349
5506.875 1090.486
5507.928 888.996
5508.981 933.685
5510.034 917.211
5511.087 915.955
5512.140 944.026
5513.193 987.418
5514.246 959.896
5515.299 999.455
5516.352 1005.434
5517.405 921.786
5518.458 842.076
5519.511 1031.453
5520.564 1077.454
5521.617 1093.125
5522.670 1031.087
5523.723 859.339
5524.776 887.252
5525.829 967.440
5526.882 958.219
5527.935 875.245
5528.988 793.759
5530.041 1001.213
5531.094 939.995
5532.147 894.459
5533.200 882.814
5534.253 902.738
5535.306 890.472
5536.359 955.472
5537.412 1055.204
5538.465 941.213
5539.518 958.903
5540.571 1002.991
5541.624 1066.597
5542.677 1181.271
5543.730 1153.820
5544.783 1116.739
5545.836 1221.569
5546.889 942.241
5547.942 874.065
5548.995 1026.883
5550.048 1108.250
5551.101 1030.555
5552.154 906.849
5553.207 910.590
5554.260 985.454
5555.313 933.105
5556.366 983.861
5557.419 984.361
5558.473 932.131
5559.526 936.239
5560.579 953.034
5561.632 885.558
5562.685 1065.720
5563.738 1209.289
5564.791 1097.619
5565.844 976.126
5566.897 881.704
5567.950 939.994
5569.003 981.971
5570.056 981.001
5571.109 965.743
5572.162 886.328
5573.215 813.693
5574.268 1282.730
5575.321 2953.004
5576.374 27901.866
5577.427 52634.878
5578.480 41277.360
5579.533 6400.252
5580.586 1047.251
5581.639 983.674
5582.692 862.462
5583.745 899.199
5584.798 871.166
5585.851 912.313
5586.904 878.930
5587.957 920.363
5589.010 1148.906
5590.063 1068.861
5591.116 835.175
5592.169 834.527
5593.222 863.394
5594.275 856.512
5595.328 907.815
5596.381 929.808
5597.434 990.442
5598.487 858.241
5599.540 942.914
5600.593 858.803
5601.646 869.653
5602.699 871.040
5603.752 895.093
5604.805 1069.556
5605.858 1205.312
5606.911 1024.027
5607.964 1002.896
5609.017 947.083
5610.070 830.251
5611.123 941.592
5612.176 1066.034
5613.229 895.057
5614.282 822.758
5615.335 833.108
5616.388 883.794
5617.441 955.042
5618.494 958.417
5619.547 949.840
5620.600 839.428
5621.653 904.821
5622.706 1022.675
5623.759 995.734
5624.812 1013.326
5625.865 959.586
5626.918 802.829
5627.971 802.557
5629.024 904.341
5630.077 838.494
5631.130 910.599
5632.183 874.589
5633.236 934.940
5634.289 854.540
5635.342 835.214
5636.395 868.361
5637.448 830.333
5638.501 918.812
5639.554 921.669
5640.608 870.989
5641.661 781.433
5642.714 716.722
5643.767 852.811
5644.820 1085.310
5645.873 1073.319
5646.926 876.106
5647.979 903.353
5649.032 843.126
5650.085 979.052
5651.138 903.646
5652.191 867.727
5653.244 907.415
5654.297 892.536
5655.350 871.661
5656.403 964.439
5657.456 890.002
5658.509 769.225
5659.562 899.532
5660.615 839.255
5661.668 939.206
5662.721 889.440
5663.774 777.512
5664.827 796.110
5665.880 915.953
5666.933 853.403
5667.986 943.699
5669.039 932.886
5670.092 963.415
5671.145 989.551
5672.198 875.092
5673.251 889.862
5674.304 949.027
5675.357 895.957
5676.410 892.471
5677.463 907.109
5678.516 746.742
5679.569 796.325
5680.622 1008.912
5681.675 891.589
5682.728 872.189
5683.781 958.626
5684.834 995.842
5685.887 989.193
5686.940 971.131
5687.993 896.243
5689.046 868.450
5690.099 878.901
5691.152 943.414
5692.205 907.563
5693.258 932.788
5694.311 787.115
5695.364 926.090
5696.417 1057.061
5697.470 902.742
5698.523 944.373
5699.576 891.072
5700.629 891.104
5701.682 801.377
5702.735 831.093
5703.788 881.171
5704.841 833.111
5705.894 833.215
5706.947 929.414
5708.000 840.317
5709.053 837.262
5710.106 856.198
5711.159 822.340
5712.212 833.896
5713.265 839.360
5714.318 833.291
5715.371 932.692
5716.424 843.601
5717.477 949.807
5718.530 868.438
5719.583 897.291
5720.636 871.547
5721.689 830.038
5722.742 931.006
5723.796 816.765
5724.849 905.015
5725.902 927.405
5726.955 977.314
5728.008 829.550
5729.061 822.224
5730.114 906.080
5731.167 838.150
5732.220 842.981
5733.273 877.944
5734.326 753.614
5735.379 847.461
5736.432 957.613
5737.485 851.684
5738.538 866.805
5739.591 805.733
5740.644 890.146
5741.697 759.313
5742.750 915.390
5743.803 777.884
5744.856 762.358
5745.909 785.873
5746.962 981.710
5748.015 862.247
5749.068 926.578
5750.121 926.072
5751.174 859.441
5752.227 815.922
5753.280 893.973
5754.333 830.534
5755.386 801.500
5756.439 905.061
5757.492 939.694
5758.545 908.185
5759.598 921.538
5760.651 863.615
5761.704 815.509
5762.757 799.795
5763.810 771.039
5764.863 903.286
5765.916 817.673
5766.969 783.524
5768.022 915.973
5769.075 813.558
5770.128 885.051
5771.181 820.863
5772.234 882.233
5773.287 700.844
5774.340 841.265
5775.393 837.276
5776.446 751.469
5777.499 861.768
5778.552 849.808
5779.605 857.178
5780.658 766.559
5781.711 759.088
5782.764 856.040
5783.817 851.734
5784.870 779.675
5785.923 787.296
5786.976 821.316
5788.029 905.975
5789.082 845.493
5790.135 902.367
5791.188 849.964
5792.241 773.738
5793.294 779.481
5794.347 827.433
5795.400 793.086
5796.453 822.687
5797.506 691.435
5798.559 797.487
5799.612 759.140
5800.665 832.094
5801.718 825.143
5802.771 738.791
5803.824 863.850
5804.877 795.152
5805.931 906.028
5806.984 844.047
5808.037 763.973
5809.090 811.133
5810.143 834.561
5811.196 725.304
5812.249 809.623
5813.302 963.554
5814.355 823.087
5815.408 861.299
5816.461 800.913
5817.514 838.381
5818.567 833.451
5819.620 801.047
5820.673 883.811
5821.726 853.778
5822.779 832.131
5823.832 812.934
5824.885 944.274
5825.938 822.301
5826.991 877.275
5828.044 788.348
5829.097 869.784
5830.150 857.823
5831.203 789.218
5832.256 893.507
5833.309 797.261
5834.362 886.317
5835.415 906.508
5836.468 890.763
5837.521 822.016
5838.574 760.630
5839.627 834.992
5840.680 820.275
5841.733 755.131
5842.786 811.197
5843.839 844.328
5844.892 820.455
5845.945 767.812
5846.998 855.924
5848.051 806.117
5849.104 809.597
5850.157 858.677
5851.210 778.449
5852.263 778.004
5853.316 748.449
5854.369 869.123
5855.422 785.562
5856.475 730.892
5857.528 832.891
5858.581 824.590
5859.634 789.249
5860.687 757.226
5861.740 793.792
5862.793 829.651
5863.846 808.475
5864.899 1070.400
5865.952 1412.517
5867.005 1448.813
5868.058 1437.315
5869.111 1195.638
5870.164 861.561
5871.217 884.589
5872.270 866.617
5873.323 915.528
5874.376 886.024
5875.429 973.362
5876.482 844.302
5877.535 1739.684
5878.588 4119.765
5879.641 4654.157
5880.694 2507.069
5881.747 972.193
5882.800 859.251
5883.853 830.033
5884.906 848.062
5885.959 912.603
5887.012 1209.868
5888.065 2055.003
5889.119 4799.085
5890.172 6645.204
5891.225 4713.121
5892.278 1146.795
5893.331 963.488
5894.384 1737.508
5895.437 3922.038
5896.490 4026.029
5897.543 2391.536
5898.596 744.612
5899.649 874.523
5900.702 916.113
5901.755 871.102
5902.808 781.603
5903.861 890.677
5904.914 909.119
5905.967 969.287
5907.020 1118.451
5908.073 1017.792
5909.126 898.164
5910.179 837.790
5911.232 802.674
5912.285 798.291
5913.338 873.062
5914.391 1295.569
5915.444 1518.323
5916.497 1290.336
5917.550 881.799
5918.603 808.136
5919.656 855.340
5920.709 884.959
5921.762 909.981
5922.815 854.264
5923.868 1039.759
5924.921 1091.331
5925.974 990.465
5927.027 780.345
5928.080 871.952
5929.133 822.449
5930.186 864.548
5931.239 875.174
5932.292 1454.922
5933.345 1607.080
5934.398 1325.834
5935.451 854.818
5936.504 790.218
5937.557 747.358
5938.610 772.746
5939.663 748.605
5940.716 778.576
5941.769 784.510
5942.822 815.291
5943.875 833.429
5944.928 919.913
5945.981 999.124
5947.034 974.578
5948.087 898.053
5949.140 808.928
5950.193 735.138
5951.246 746.594
5952.299 1068.036
5953.352 1363.685
5954.405 1337.815
5955.458 909.556
5956.511 737.134
5957.564 770.740
5958.617 785.871
5959.670 832.437
5960.723 853.336
5961.776 775.610
5962.829 801.889
5963.882 778.615
5964.935 782.549
5965.988 758.080
5967.041 827.186
5968.094 822.989
5969.147 873.911
5970.200 945.585
5971.254 971.429
5972.307 750.697
5973.360 794.307
5974.413 780.482
5975.466 753.598
5976.519 1093.195
5977.572 1115.613
5978.625 917.066
5979.678 767.154
5980.731 764.077
5981.784 855.173
5982.837 765.113
5983.890 725.516
5984.943 771.379
5985.996 729.988
5987.049 755.151
5988.102 746.552
5989.155 781.533
5990.208 782.807
5991.261 754.786
5992.314 746.312
5993.367 718.550
5994.420 657.485
5995.473 732.095
5996.526 821.876
5997.579 809.659
5998.632 766.810
5999.685 729.975
6000.738 698.708
6001.791 713.682
6002.844 820.965
6003.897 883.656
6004.950 854.713
6006.003 759.140
6007.056 742.213
6008.109 694.502
6009.162 712.644
6010.215 636.930
6011.268 684.677
6012.321 763.868
6013.374 723.976
6014.427 642.051
6015.480 683.940
6016.533 650.177
6017.586 651.097
6018.639 693.772
6019.692 718.211
6020.745 605.066
6021.798 683.837
6022.851 649.449
6023.904 724.179
6024.957 732.801
6026.010 719.344
6027.063 694.524
6028.116 770.096
6029.169 644.378
6030.222 722.040
6031.275 620.680
6032.328 695.176
6033.381 647.547
6034.434 726.855
6035.487 756.640
6036.540 554.071
6037.593 648.224
6038.646 691.961
6039.699 639.601
6040.752 553.641
6041.805 632.234
6042.858 642.678
6043.911 652.074
6044.964 684.683
6046.017 677.044
6047.070 652.270
6048.123 641.652
6049.176 628.119
6050.229 651.338
6051.282 592.418
6052.335 612.708
6053.388 662.072
6054.442 554.710
6055.495 681.945
6056.548 640.573
6057.601 623.405
6058.654 686.532
6059.707 617.411
6060.760 677.883
6061.813 671.316
6062.866 682.111
6063.919 726.278
6064.972 650.582
6066.025 558.869
6067.078 687.985
6068.131 673.954
6069.184 675.226
6070.237 674.015
6071.290 593.665
6072.343 590.586
6073.396 633.642
6074.449 643.057
6075.502 588.733
6076.555 569.978
6077.608 586.884
6078.661 607.751
6079.714 676.933
6080.767 576.878
6081.820 548.671
6082.873 539.686
6083.926 608.433
6084.979 593.218
6086.032 551.509
6087.085 675.394
6088.138 648.578
6089.191 596.881
6090.244 621.429
6091.297 638.771
6092.350 608.363
6093.403 610.852
6094.456 636.065
6095.509 672.094
6096.562 614.236
6097.615 682.713
6098.668 600.601
6099.721 737.996
6100.774 646.721
6101.827 603.551
6102.880 632.120
6103.933 708.780
6104.986 657.251
6106.039 686.077
6107.092 597.482
6108.145 568.279
6109.198 606.294
6110.251 653.135
6111.304 646.001
6112.357 639.528
6113.410 551.685
6114.463 565.389
6115.516 592.917
6116.569 668.989
6117.622 528.212
6118.675 626.644
6119.728 579.323
6120.781 541.450
6121.834 575.385
6122.887 559.704
6123.940 627.600
6124.993 582.256
6126.046 636.780
6127.099 571.423
6128.152 570.682
6129.205 630.490
6130.258 562.510
6131.311 585.670
6132.364 505.921
6133.417 605.183
6134.470 605.946
6135.523 655.062
6136.577 618.516
6137.630 658.521
6138.683 744.521
6139.736 706.446
6140.789 694.671
6141.842 549.432
6142.895 701.479
6143.948 718.657
6145.001 745.309
6146.054 685.474
6147.107 591.639
6148.160 570.378
6149.213 608.876
6150.266 673.565
6151.319 594.851
6152.372 555.336
6153.425 640.744
6154.478 592.391
6155.531 898.129
6156.584 1212.226
6157.637 1428.830
6158.690 1248.762
6159.743 881.196
6160.796 606.643
6161.849 623.306
6162.902 472.337
6163.955 510.884
6165.008 583.124
6166.061 500.350
6167.114 553.971
6168.167 542.578
6169.220 633.647
6170.273 926.750
6171.326 916.392
6172.379 633.829
6173.432 520.652
6174.485 619.215
6175.538 673.346
6176.591 624.379
6177.644 674.317
6178.697 525.831
6179.750 503.678
6180.803 635.912
6181.856 620.682
6182.909 561.915
6183.962 550.189
6185.015 627.248
6186.068 574.408
6187.121 522.568
6188.174 598.689
6189.227 601.928
6190.280 537.788
6191.333 590.640
6192.386 595.129
6193.439 692.283
6194.492 558.124
6195.545 589.889
6196.598 546.008
6197.651 544.014
6198.704 623.308
6199.757 524.790
6200.810 606.743
6201.863 765.177
6202.916 870.189
6203.969 814.419
6205.022 536.009
6206.075 575.835
6207.128 542.083
6208.181 597.297
6209.234 582.854
6210.287 544.871
6211.340 613.485
6212.393 741.414
6213.446 642.394
6214.499 620.937
6215.552 539.398
6216.605 602.003
6217.658 596.108
6218.711 538.764
6219.765 575.350
6220.818 703.065
6221.871 957.133
6222.924 787.928
6223.977 580.910
6225.030 502.888
6226.083 534.790
6227.136 568.210
6228.189 556.768
6229.242 500.671
6230.295 498.643
6231.348 523.914
6232.401 613.828
6233.454 753.326
6234.507 1112.623
6235.560 1595.805
6236.613 1482.532
6237.666 1064.901
6238.719 727.191
6239.772 742.370
6240.825 922.553
6241.878 863.821
6242.931 820.430
6243.984 851.510
6245.037 685.199
6246.090 519.374
6247.143 618.827
6248.196 616.205
6249.249 586.351
6250.302 535.861
6251.355 568.930
6252.408 596.538
6253.461 565.888
6254.514 583.711
6255.567 572.419
6256.620 1041.525
6257.673 1679.215
6258.726 1601.713
6259.779 1005.674
6260.832 549.995
6261.885 635.246
6262.938 627.458
6263.991 789.860
6265.044 888.671
6266.097 883.244
6267.150 629.491
6268.203 715.136
6269.256 705.566
6270.309 584.596
6271.362 577.840
6272.415 658.947
6273.468 594.364
6274.521 616.693
6275.574 668.372
6276.627 678.783
6277.680 637.318
6278.733 571.383
6279.786 603.857
6280.839 479.884
6281.892 510.459
6282.945 560.987
6283.998 533.022
6285.051 610.855
6286.104 819.899
6287.157 1534.091
6288.210 1481.620
6289.263 889.692
6290.316 543.096
6291.369 439.163
6292.422 553.434
6293.475 534.648
6294.528 526.658
6295.581 619.651
6296.634 856.632
6297.687 1606.244
6298.740 9264.436
6299.793 45227.723
6300.846 54137.608
6301.899 24946.791
6302.953 2871.856
6304.006 580.852
6305.059 966.184
6306.112 1450.776
6307.165 1784.685
6308.218 1290.571
6309.271 681.202
6310.324 516.784
6311.377 539.509
6312.430 590.843
6313.483 523.799
6314.536 734.839
6315.589 1042.362
6316.642 935.178
6317.695 635.232
6318.748 537.004
6319.801 620.995
6320.854 839.058
6321.907 955.663
6322.960 710.559
6324.013 561.797
6325.066 607.924
6326.119 521.482
6327.172 503.657
6328.225 762.675
6329.278 1310.080
6330.331 1494.888
6331.384 959.380
6332.437 553.584
6333.490 554.660
6334.543 597.507
6335.596 599.376
6336.649 495.506
6337.702 504.430
6338.755 564.537
6339.808 525.060
6340.861 504.761
6341.914 509.743
6342.967 532.416
6344.020 575.902
6345.073 561.339
6346.126 536.856
6347.179 556.452
6348.232 708.224
6349.285 764.082
6350.338 660.438
6351.391 511.839
6352.444 545.071
6353.497 522.671
6354.550 558.203
6355.603 895.417
6356.656 1121.271
6357.709 928.842
6358.762 582.102
6359.815 654.820
6360.868 481.105
6361.921 2302.099
6362.974 11455.913
6364.027 17927.309
6365.080 12226.765
6366.133 1481.292
6367.186 814.939
6368.239 656.230
6369.292 527.512
6370.345 531.892
6371.398 540.963
6372.451 543.381
6373.504 548.427
6374.557 547.835
6375.610 511.385
6376.663 502.856
6377.716 501.564
6378.769 618.824
6379.822 640.316
6380.875 604.710
6381.928 489.895
6382.981 535.516
6384.034 530.846
6385.088 656.300
6386.141 744.418
6387.194 719.748
6388.247 559.916
6389.300 516.722
6390.353 464.881
6391.406 483.009
6392.459 495.141
6393.512 394.615
6394.565 442.175
6395.618 540.156
6396.671 525.553
6397.724 493.113
6398.777 504.410
6399.830 487.784
6400.883 434.274
6401.936 497.280
6402.989 502.517
6404.042 498.515
6405.095 490.753
6406.148 420.611
6407.201 490.472
6408.254 554.564
6409.307 487.020
6410.360 472.684
6411.413 470.379
6412.466 492.892
6413.519 533.719
6414.572 599.947
6415.625 495.382
6416.678 408.922
6417.731 479.559
6418.784 518.581
6419.837 590.535
6420.890 544.071
6421.943 528.692
6422.996 458.554
6424.049 443.962
6425.102 497.692
6426.155 510.772
6427.208 461.391
6428.261 451.308
6429.314 482.495
6430.367 472.209
6431.420 429.368
6432.473 468.758
6433.526 433.726
6434.579 482.456
6435.632 498.111
6436.685 481.844
6437.738 448.554
6438.791 431.408
6439.844 435.681
6440.897 439.357
6441.950 420.461
6443.003 415.339
6444.056 467.885
6445.109 509.425
6446.162 425.347
6447.215 437.158
6448.268 485.649
6449.321 545.294
6450.374 477.931
6451.427 473.594
6452.480 529.836
6453.533 630.664
6454.586 711.615
6455.639 623.988
6456.692 609.192
6457.745 520.554
6458.798 523.483
6459.851 523.454
6460.904 423.081
6461.957 456.723
6463.010 688.042
6464.063 799.948
6465.116 900.458
6466.169 1030.625
6467.222 810.947
6468.276 549.630
6469.329 616.277
6470.382 879.085
6471.435 944.349
6472.488 744.127
6473.541 460.236
6474.594 440.382
6475.647 426.322
6476.700 537.004
6477.753 605.991
6478.806 625.767
6479.859 413.176
6480.912 470.941
6481.965 479.267
6483.018 459.687
6484.071 379.282
6485.124 382.482
6486.177 411.974
6487.230 454.884
6488.283 414.041
6489.336 407.954
6490.389 420.999
6491.442 458.789
6492.495 402.469
6493.548 471.237
6494.601 386.933
6495.654 424.407
6496.707 473.562
6497.760 1186.526
6498.813 1583.029
6499.866 1297.555
6500.919 651.677
6501.972 482.314
6503.025 497.428
6504.078 650.910
6505.131 816.013
6506.184 673.096
6507.237 470.864
6508.290 449.606
6509.343 475.596
6510.396 461.340
6511.449 442.342
6512.502 428.457
6513.555 512.207
6514.608 510.038
6515.661 440.012
6516.714 406.306
6517.767 449.342
6518.820 447.026
6519.873 446.749
6520.926 521.495
6521.979 616.829
6523.032 669.408
6524.085 490.757
6525.138 455.149
6526.191 468.031
6527.244 489.434
6528.297 415.901
6529.350 479.545
6530.403 435.915
6531.456 537.573
6532.509 1159.797
6533.562 1372.752
6534.615 824.430
6535.668 456.919
6536.721 420.391
6537.774 449.748
6538.827 438.046
6539.880 468.617
6540.933 409.260
6541.986 455.993
6543.039 630.814
6544.092 834.157
6545.145 747.674
6546.198 506.891
6547.251 404.579
6548.304 428.880
6549.357 462.917
6550.411 546.916
6551.464 666.784
6552.517 1226.864
6553.570 1685.810
6554.623 1285.820
6555.676 686.810
6556.729 486.813
6557.782 446.794
6558.835 423.014
6559.888 468.879
6560.941 441.576
6561.994 708.502
6563.047 1294.831
6564.100 2198.423
6565.153 20875.954
6566.206 66347.817
6567.259 67953.158
6568.312 29518.399
6569.365 3585.186
6570.418 1704.401
6571.471 626.896
6572.524 438.766
6573.577 421.782
6574.630 440.182
6575.683 506.894
6576.736 1168.257
6577.789 1220.666
6578.842 830.861
6579.895 448.629
6580.948 413.800
6582.001 484.009
6583.054 543.811
6584.107 539.790
6585.160 587.483
6586.213 922.578
6587.266 1109.394
6588.319 976.602
6589.372 699.497
6590.425 497.056
6591.478 477.771
6592.531 469.220
6593.584 424.027
6594.637 420.762
6595.690 513.947
6596.743 592.542
6597.796 522.889
6598.849 433.860
6599.902 422.057
6600.955 391.996
6602.008 450.315
6603.061 674.612
6604.114 837.995
6605.167 747.665
6606.220 499.028
6607.273 394.807
6608.326 448.918
6609.379 404.263
6610.432 372.502
6611.485 331.333
6612.538 411.896
6613.591 398.060
6614.644 398.547
6615.697 359.608
6616.750 402.464
6617.803 426.551
6618.856 402.963
6619.909 387.739
6620.962 383.510
6622.015 382.003
6623.068 424.911
6624.121 402.119
6625.174 367.928
6626.227 385.388
6627.280 446.774
6628.333 504.083
6629.386 418.116
6630.439 385.454
6631.492 397.530
6632.545 394.919
6633.599 552.727
6634.652 526.429
6635.705 521.870
6636.758 362.488
6637.811 366.141
6638.864 414.679
6639.917 375.114
6640.970 378.837
6642.023 365.540
6643.076 371.212
6644.129 368.486
6645.182 368.288
6646.235 317.661
6647.288 399.927
6648.341 372.407
6649.394 347.121
6650.447 449.426
6651.500 431.155
6652.553 355.288
6653.606 397.001
6654.659 399.121
6655.712 390.333
6656.765 365.225
6657.818 388.198
6658.871 382.660
6659.924 359.960
6660.977 390.575
6662.030 374.033
6663.083 401.033
6664.136 377.031
6665.189 362.425
6666.242 408.008
6667.295 467.407
6668.348 481.594
6669.401 388.331
6670.454 327.381
6671.507 374.835
6672.560 397.944
6673.613 360.040
6674.666 410.777
6675.719 366.845
6676.772 370.314
6677.825 359.566
6678.878 394.770
6679.931 398.454
6680.984 782.812
6682.037 1100.214
6683.090 917.990
6684.143 542.597
6685.196 356.467
6686.249 381.101
6687.302 402.806
6688.355 401.771
6689.408 405.099
6690.461 353.348
6691.514 357.721
6692.567 339.219
6693.620 366.422
6694.673 401.070
6695.726 324.373
6696.779 361.633
6697.832 408.230
6698.885 445.696
6699.938 417.031
6700.991 350.505
6702.044 367.449
6703.097 345.507
6704.150 366.371
6705.203 367.816
6706.256 444.671
6707.309 434.839
6708.362 395.176
6709.415 372.961
6710.468 363.800
6711.521 403.038
6712.574 381.310
6713.627 341.360
6714.680 370.653
6715.734 361.390
6716.787 415.227
6717.840 610.220
6718.893 1218.132
6719.946 1938.526
6720.999 1819.647
6722.052 1147.751
6723.105 630.154
6724.158 559.784
6725.211 451.298
6726.264 415.363
6727.317 397.190
6728.370 331.615
6729.423 328.134
6730.476 406.050
6731.529 379.822
6732.582 636.742
6733.635 1145.802
6734.688 1545.083
6735.741 1262.220
6736.794 729.203
6737.847 504.755
6738.900 444.272
6739.953 429.712
6741.006 368.157
6742.059 333.978
6743.112 344.486
6744.165 406.433
6745.218 436.313
6746.271 357.263
6747.324 344.496
6748.377 325.470
6749.430 326.518
6750.483 393.376
6751.536 411.142
6752.589 319.459
6753.642 384.205
6754.695 368.100
6755.748 386.649
6756.801 351.393
6757.854 319.448
6758.907 362.881
6759.960 329.986
6761.013 341.999
6762.066 386.956
6763.119 361.587
6764.172 353.126
6765.225 367.162
6766.278 389.983
6767.331 345.141
6768.384 312.021
6769.437 329.151
6770.490 317.018
6771.543 333.718
6772.596 373.177
6773.649 340.430
6774.702 359.408
6775.755 356.382
6776.808 361.801
6777.861 352.134
6778.914 366.184
6779.967 326.729
6781.020 347.786
6782.073 330.430
6783.126 387.819
6784.179 371.741
6785.232 377.982
6786.285 284.143
6787.338 387.956
6788.391 348.794
6789.444 348.398
6790.497 383.598
6791.550 375.267
6792.603 336.976
6793.656 347.967
6794.709 309.162
6795.762 336.504
6796.815 363.005
6797.868 338.706
6798.922 340.330
6799.975 345.800
6801.028 360.535
6802.081 375.397
6803.134 351.623
6804.187 340.218
6805.240 357.239
6806.293 314.911
6807.346 354.140
6808.399 326.003
6809.452 255.144
6810.505 378.870
6811.558 372.997
6812.611 329.063
6813.664 299.106
6814.717 317.542
6815.770 338.918
6816.823 384.626
6817.876 377.496
6818.929 355.966
6819.982 400.545
6821.035 335.197
6822.088 311.990
6823.141 380.362
6824.194 329.932
6825.247 357.807
6826.300 518.396
6827.353 907.501
6828.406 1417.687
6829.459 1723.416
6830.512 1394.360
6831.565 634.850
6832.618 611.737
6833.671 1485.969
6834.724 1735.383
6835.777 1149.975
6836.830 449.596
6837.883 342.641
6838.936 428.681
6839.989 380.728
6841.042 591.179
6842.095 719.220
6843.148 590.116
6844.201 412.965
6845.254 337.300
6846.307 360.705
6847.360 312.826
6848.413 324.772
6849.466 351.776
6850.519 348.824
6851.572 411.717
6852.625 348.212
6853.678 362.450
6854.731 286.663
6855.784 348.989
6856.837 300.065
6857.890 314.552
6858.943 363.507
6859.996 307.506
6861.049 392.259
6862.102 631.548
6863.155 2245.589
6864.208 3090.171
6865.261 1835.538
6866.314 531.617
6867.367 292.622
6868.420 266.336
6869.473 280.052
6870.526 411.159
6871.579 469.724
6872.632 387.145
6873.685 225.552
6874.738 270.543
6875.791 306.253
6876.844 265.730
6877.897 297.806
6878.950 313.681
6880.003 400.064
6881.056 585.879
6882.110 538.470
6883.163 423.308
6884.216 318.787
6885.269 332.605
6886.322 346.338
6887.375 318.107
6888.428 606.975
6889.481 843.043
6890.534 623.359
6891.587 364.403
6892.640 308.051
6893.693 301.843
6894.746 358.210
6895.799 319.596
6896.852 258.259
6897.905 302.934
6898.958 358.937
6900.011 572.369
6901.064 728.946
6902.117 578.815
6903.170 388.221
6904.223 302.063
6905.276 302.587
6906.329 311.358
6907.382 324.106
6908.435 339.532
6909.488 327.176
6910.541 323.905
6911.594 711.790
6912.647 1159.608
6913.700 927.327
6914.753 423.166
6915.806 322.334
6916.859 355.827
6917.912 290.813
6918.965 312.667
6920.018 316.222
6921.071 361.265
6922.124 997.589
6923.177 1723.154
6924.230 1484.676
6925.283 493.487
6926.336 362.677
6927.389 304.648
6928.442 341.237
6929.495 321.486
6930.548 319.197
6931.601 334.522
6932.654 321.572
6933.707 319.713
6934.760 290.788
6935.813 324.444
6936.866 324.781
6937.919 433.070
6938.972 840.622
6940.025 983.814
6941.078 726.729
6942.131 325.918
6943.184 265.046
6944.237 396.843
6945.290 295.800
6946.343 283.116
6947.396 536.477
6948.449 1646.203
6949.502 2023.535
6950.555 1169.041
6951.608 462.389
6952.661 357.645
6953.714 358.481
6954.767 333.748
6955.820 376.626
6956.873 433.487
6957.926 372.796
6958.979 317.896
6960.032 344.526
6961.085 329.567
6962.138 351.030
6963.191 343.426
6964.245 324.616
6965.298 359.427
6966.351 375.567
6967.404 330.411
6968.457 428.433
6969.510 676.024
6970.563 736.258
6971.616 472.038
6972.669 365.401
6973.722 340.681
6974.775 352.093
6975.828 338.390
6976.881 568.828
6977.934 1064.674
6978.987 1270.227
6980.040 841.462
6981.093 377.487
6982.146 354.314
6983.199 318.720
6984.252 298.898
6985.305 363.123
6986.358 387.192
6987.411 336.440
6988.464 312.911
6989.517 313.110
6990.570 311.882
6991.623 335.141
6992.676 330.241
6993.729 305.503
6994.782 311.299
6995.835 366.942
6996.888 372.702
6997.941 348.291
6998.994 365.358
7000.047 378.222
7001.100 416.118
7002.153 602.430
7003.206 749.738
7004.259 553.381
7005.312 483.569
7006.365 342.195
7007.418 264.918
7008.471 341.012
7009.524 344.033
7010.577 571.036
7011.630 773.948
7012.683 576.633
7013.736 341.583
7014.789 308.177
7015.842 313.541
7016.895 332.802
7017.948 331.946
7019.001 332.209
7020.054 313.974
7021.107 235.339
7022.160 266.541
7023.213 317.429
7024.266 290.996
7025.319 326.204
7026.372 313.796
7027.425 257.091
7028.478 374.872
7029.531 358.786
7030.584 376.056
7031.637 291.131
7032.690 304.431
7033.743 310.542
7034.796 326.642
7035.849 326.774
7036.902 299.339
7037.955 282.920
7039.008 299.416
7040.061 367.947
7041.114 456.430
7042.167 481.461
7043.220 355.247
7044.273 342.607
7045.326 394.972
7046.379 428.600
7047.433 534.199
7048.486 640.320
7049.539 512.850
7050.592 438.103
7051.645 414.373
7052.698 376.027
7053.751 369.358
7054.804 361.216
7055.857 354.943
7056.910 374.827
7057.963 324.304
7059.016 331.807
7060.069 381.382
7061.122 345.163
7062.175 350.946
7063.228 351.022
7064.281 424.350
7065.334 446.817
7066.387 443.571
7067.440 431.038
7068.493 691.990
7069.546 846.521
7070.599 723.310
7071.652 405.213
7072.705 313.900
7073.758 381.240
7074.811 352.352
7075.864 319.808
7076.917 337.305
7077.970 377.092
7079.023 385.520
7080.076 330.558
7081.129 345.881
7082.182 505.155
7083.235 408.148
7084.288 374.479
7085.341 333.547
7086.394 350.120
7087.447 397.935
7088.500 415.807
7089.553 468.451
7090.606 349.785
7091.659 346.882
7092.712 371.714
7093.765 333.476
7094.818 305.303
7095.871 298.721
7096.924 335.347
7097.977 354.554
7099.030 299.081
7100.083 226.631
7101.136 268.367
7102.189 317.561
7103.242 294.541
7104.295 324.470
7105.348 294.204
7106.401 331.034
7107.454 350.685
7108.507 311.522
7109.560 286.389
7110.613 300.136
7111.666 315.487
7112.719 323.474
7113.772 322.321
7114.825 308.286
7115.878 357.502
7116.931 363.218
7117.984 295.097
7119.037 310.452
7120.090 286.370
7121.143 358.577
7122.196 325.175
7123.249 255.387
7124.302 286.755
7125.355 319.352
7126.408 360.894
7127.461 403.319
7128.514 356.504
7129.568 331.277
7130.621 340.846
7131.674 326.190
7132.727 353.978
7133.780 348.197
7134.833 305.201
7135.886 294.558
7136.939 327.713
7137.992 478.494
7139.045 1222.849
7140.098 1792.107
7141.151 1423.957
7142.204 576.450
7143.257 428.737
7144.310 450.782
7145.363 383.532
7146.416 401.492
7147.469 366.508
7148.522 348.500
7149.575 391.835
7150.628 345.769
7151.681 328.986
7152.734 337.626
7153.787 319.291
7154.840 285.789
7155.893 320.735
7156.946 305.163
7157.999 339.799
7159.052 361.034
7160.105 361.767
7161.158 351.953
7162.211 345.265
7163.264 348.434
7164.317 336.671
7165.370 339.719
7166.423 331.900
7167.476 320.313
7168.529 328.648
7169.582 326.768
7170.635 366.184
7171.688 284.096
7172.741 280.406
7173.794 339.920
7174.847 382.053
7175.900 312.288
7176.953 335.912
7178.006 326.054
7179.059 341.018
7180.112 373.660
7181.165 385.126
7182.218 361.216
7183.271 344.378
7184.324 326.123
7185.377 298.213
7186.430 269.246
7187.483 256.037
7188.536 294.396
7189.589 328.713
7190.642 263.424
7191.695 257.491
7192.748 259.390
7193.801 280.615
7194.854 299.296
7195.907 276.025
7196.960 266.128
7198.013 307.483
7199.066 286.572
7200.119 273.866
7201.172 293.432
7202.225 291.602
7203.278 272.432
7204.331 245.931
7205.384 236.694
7206.437 254.672
7207.490 262.270
7208.543 290.045
7209.596 275.784
7210.649 264.491
7211.702 303.271
7212.756 308.967
7213.809 297.236
7214.862 273.587
7215.915 297.198
7216.968 312.158
7218.021 295.942
7219.074 274.010
7220.127 299.085
7221.180 377.746
7222.233 387.438
7223.286 363.551
7224.339 318.432
7225.392 290.668
7226.445 325.701
7227.498 290.084
7228.551 261.892
7229.604 297.850
7230.657 277.108
7231.710 291.364
7232.763 329.100
7233.816 316.155
7234.869 325.720
7235.922 347.841
7236.975 507.488
7238.028 1071.295
7239.081 2030.503
7240.134 2854.640
7241.187 2571.681
7242.240 1527.046
7243.293 1284.792
7244.346 2371.476
7245.399 2956.812
7246.452 1957.132
7247.505 849.473
7248.558 407.010
7249.611 359.949
7250.664 336.608
7251.717 486.081
7252.770 755.268
7253.823 848.244
7254.876 740.116
7255.929 494.097
7256.982 400.219
7258.035 358.919
7259.088 333.682
7260.141 340.749
7261.194 306.053
7262.247 312.308
7263.300 346.387
7264.353 341.656
7265.406 306.566
7266.459 343.796
7267.512 387.602
7268.565 417.371
7269.618 405.729
7270.671 357.242
7271.724 363.509
7272.777 350.104
7273.830 551.763
7274.883 1939.048
7275.936 4296.389
7276.989 4469.715
7278.042 2247.330
7279.095 674.578
7280.148 371.986
7281.201 398.928
7282.254 523.561
7283.307 1135.746
7284.360 1894.084
7285.413 1795.941
7286.466 956.141
7287.519 429.188
7288.572 341.542
7289.625 370.664
7290.678 313.932
7291.731 356.148
7292.784 341.334
7293.837 356.691
7294.891 605.297
7295.944 801.488
7296.997 680.444
7298.050 416.618
7299.103 346.858
7300.156 303.962
7301.209 309.384
7302.262 641.624
7303.315 1116.538
7304.368 1169.105
7305.421 758.392
7306.474 397.755
7307.527 267.834
7308.580 358.178
7309.633 358.217
7310.686 376.611
7311.739 399.952
7312.792 388.844
7313.845 385.086
7314.898 1613.344
7315.951 3256.303
7317.004 3330.076
7318.057 1819.293
7319.110 529.590
7320.163 328.695
7321.216 325.850
7322.269 348.722
7323.322 407.337
7324.375 454.842
7325.428 419.304
7326.481 394.525
7327.534 712.634
7328.587 1376.944
7329.640 1658.747
7330.693 1122.958
7331.746 570.057
7332.799 445.886
7333.852 435.377
7334.905 397.738
7335.958 373.923
7337.011 376.333
7338.064 329.934
7339.117 1043.130
7340.170 3147.092
7341.223 4121.677
7342.276 2800.945
7343.329 1046.117
7344.382 414.002
7345.435 374.974
7346.488 368.117
7347.541 314.324
7348.594 314.456
7349.647 346.233
7350.700 353.324
7351.753 383.205
7352.806 372.358
7353.859 359.513
7354.912 308.516
7355.965 345.547
7357.018 610.647
7358.071 1202.238
7359.124 1451.063
7360.177 930.766
7361.230 497.182
7362.283 354.818
7363.336 308.239
7364.389 311.259
7365.442 342.476
7366.495 351.470
7367.548 872.835
7368.601 2296.796
7369.654 3116.561
7370.707 2181.861
7371.760 890.179
7372.813 410.516
7373.866 338.984
7374.919 343.846
7375.972 319.324
7377.025 291.820
7378.079 274.339
7379.132 302.892
7380.185 349.410
7381.238 342.087
7382.291 280.724
7383.344 279.066
7384.397 345.806
7385.450 321.055
7386.503 315.020
7387.556 303.459
7388.609 338.540
7389.662 364.354
7390.715 576.692
7391.768 944.733
7392.821 999.090
7393.874 649.733
7394.927 385.848
7395.980 250.012
7397.033 258.336
7398.086 330.753
7399.139 336.598
7400.192 779.092
7401.245 1549.718
7402.298 1924.479
7403.351 1274.723
7404.404 655.454
7405.457 310.110
7406.510 236.729
7407.563 258.843
7408.616 266.927
7409.669 245.585
7410.722 246.402
7411.775 252.658
7412.828 284.601
7413.881 322.594
7414.934 229.941
7415.987 275.917
7417.040 332.691
7418.093 267.546
7419.146 268.690
7420.199 300.082
7421.252 303.931
7422.305 305.115
7423.358 314.927
7424.411 273.772
7425.464 292.309
7426.517 314.325
7427.570 308.588
7428.623 453.665
7429.676 642.066
7430.729 603.924
7431.782 429.039
7432.835 320.520
7433.888 314.432
7434.941 293.103
7435.994 247.270
7437.047 553.336
7438.100 1014.027
7439.153 1064.115
7440.206 721.976
7441.259 444.646
7442.312 349.713
7443.365 302.872
7444.418 264.305
7445.471 277.152
7446.524 281.832
7447.577 332.798
7448.630 259.539
7449.683 258.819
7450.736 286.320
7451.789 286.854
7452.842 283.188
7453.895 290.137
7454.948 281.409
7456.001 246.266
7457.054 277.913
7458.107 288.837
7459.160 280.583
7460.214 324.212
7461.267 302.322
7462.320 369.363
7463.373 462.092
7464.426 414.540
7465.479 397.985
7466.532 506.755
7467.585 537.051
7468.638 447.059
7469.691 363.676
7470.744 513.831
7471.797 601.559
7472.850 740.287
7473.903 883.909
7474.956 863.936
7476.009 620.836
7477.062 370.611
7478.115 393.849
7479.168 596.607
7480.221 596.601
7481.274 596.603
7482.327 596.598
7483.380 596.597
7484.433 596.594
7485.486 596.595
