3561.035 998.190
3562.213 889.175
3563.392 582.199
3564.571 736.046
3565.750 510.171
3566.929 1052.284
3568.108 665.822
3569.286 1407.144
3570.465 705.298
3571.644 1464.773
3572.823 1109.882
3574.002 1025.440
3575.180 882.836
3576.359 750.867
3577.538 1166.990
3578.717 371.902
3579.896 968.094
3581.075 1397.000
3582.253 985.906
3583.432 320.212
3584.611 823.232
3585.790 479.918
3586.969 935.218
3588.147 236.773
3589.326 741.969
3590.505 1245.513
3591.684 1011.811
3592.863 556.735
3594.042 887.676
3595.220 892.873
3596.399 548.447
3597.578 469.899
3598.757 679.386
3599.936 939.699
3601.114 452.410
3602.293 1002.954
3603.472 781.008
3604.651 440.740
3605.830 685.073
3607.009 659.695
3608.187 322.336
3609.366 547.834
3610.545 241.854
3611.724 587.586
3612.903 763.763
3614.081 732.203
3615.260 896.785
3616.439 1265.701
3617.618 1481.319
3618.797 1474.010
3619.976 677.823
3621.154 784.798
3622.333 853.446
3623.512 1153.949
3624.691 993.550
3625.870 833.130
3627.048 885.465
3628.227 1196.969
3629.406 969.328
3630.585 723.214
3631.764 1016.061
3632.943 1152.855
3634.121 965.103
3635.300 869.337
3636.479 1399.208
3637.658 1048.359
3638.837 774.831
3640.015 893.593
3641.194 920.403
3642.373 1150.857
3643.552 1193.793
3644.731 950.951
3645.910 1010.644
3647.088 1058.869
3648.267 788.168
3649.446 912.183
3650.625 1216.366
3651.804 1019.215
3652.982 862.571
3654.161 1173.136
3655.340 683.905
3656.519 679.456
3657.698 994.887
3658.877 877.549
3660.055 488.057
3661.234 855.500
3662.413 914.824
3663.592 812.120
3664.771 630.176
3665.949 698.159
3667.128 822.986
3668.307 765.689
3669.486 1057.470
3670.665 976.382
3671.844 855.474
3673.022 921.343
3674.201 1081.080
3675.380 755.319
3676.559 718.936
3677.738 696.051
3678.916 772.692
3680.095 937.071
3681.274 661.047
3682.453 724.935
3683.632 434.218
3684.811 1126.664
3685.989 1143.179
3687.168 763.282
3688.347 994.099
3689.526 788.469
3690.705 912.077
3691.883 617.372
3693.062 978.832
3694.241 1183.226
3695.420 716.652
3696.599 566.311
3697.777 624.000
3698.956 1209.124
3700.135 1133.462
3701.314 1024.668
3702.493 844.665
3703.672 1287.386
3704.850 988.722
3706.029 1317.958
3707.208 1321.234
3708.387 811.081
3709.566 699.270
3710.744 968.195
3711.923 799.671
3713.102 1165.392
3714.281 1294.527
3715.460 1190.367
3716.639 991.083
3717.817 472.215
3718.996 610.715
3720.175 489.522
3721.354 565.266
3722.533 797.476
3723.711 1380.589
3724.890 1787.232
3726.069 1861.092
3727.248 5962.676
3728.427 10147.332
3729.606 11366.473
3730.784 13091.870
3731.963 11177.370
3733.142 4591.912
3734.321 1165.642
3735.500 1281.547
3736.678 1620.280
3737.857 1510.888
3739.036 984.915
3740.215 782.922
3741.394 877.244
3742.573 752.746
3743.751 956.402
3744.930 722.484
3746.109 784.770
3747.288 665.196
3748.467 491.625
3749.645 581.244
3750.824 792.881
3752.003 1602.053
3753.182 1547.132
3754.361 980.602
3755.540 907.782
3756.718 844.608
3757.897 757.710
3759.076 759.127
3760.255 421.494
3761.434 649.510
3762.612 634.249
3763.791 579.349
3764.970 658.709
3766.149 666.343
3767.328 587.417
3768.507 451.873
3769.685 523.670
3770.864 1016.575
3772.043 1368.541
3773.222 2051.191
3774.401 1573.982
3775.579 715.635
3776.758 653.390
3777.937 644.120
3779.116 741.970
3780.295 674.541
3781.474 800.955
3782.652 354.764
3783.831 618.060
3785.010 809.869
3786.189 647.719
3787.368 474.358
3788.546 629.862
3789.725 788.445
3790.904 606.531
3792.083 587.049
3793.262 808.166
3794.441 567.111
3795.619 761.259
3796.798 574.970
3797.977 756.383
3799.156 1269.399
3800.335 2064.292
3801.513 1762.312
3802.692 698.552
3803.871 569.280
3805.050 532.102
3806.229 484.435
3807.408 473.893
3808.586 812.404
3809.765 701.239
3810.944 613.982
3812.123 612.909
3813.302 680.156
3814.480 850.986
3815.659 668.178
3816.838 572.263
3818.017 564.227
3819.196 791.077
3820.375 740.576
3821.553 966.749
3822.732 804.422
3823.911 827.144
3825.090 600.848
3826.269 676.700
3827.447 787.589
3828.626 795.379
3829.805 905.380
3830.984 646.120
3832.163 860.841
3833.342 724.644
3834.520 688.112
3835.699 1113.117
3836.878 2134.825
3838.057 2837.507
3839.236 1846.257
3840.414 778.048
3841.593 569.015
3842.772 691.048
3843.951 747.969
3845.130 652.669
3846.309 630.808
3847.487 535.257
3848.666 602.160
3849.845 689.849
3851.024 697.599
3852.203 511.792
3853.381 639.026
3854.560 836.407
3855.739 700.766
3856.918 688.307
3858.097 666.415
3859.275 525.824
3860.454 564.774
3861.633 631.543
3862.812 652.338
3863.991 668.361
3865.170 736.240
3866.348 551.789
3867.527 726.539
3868.706 1517.358
3869.885 6654.371
3871.064 13167.355
3872.242 10054.018
3873.421 3111.253
3874.600 516.980
3875.779 706.982
3876.958 570.262
3878.137 514.638
3879.315 574.413
3880.494 471.395
3881.673 460.154
3882.852 427.221
3884.031 516.731
3885.209 619.843
3886.388 489.765
3887.567 589.994
3888.746 600.107
3889.925 2742.153
3891.104 5582.074
3892.282 4637.376
3893.461 1614.311
3894.640 438.831
3895.819 472.120
3896.998 544.753
3898.176 616.140
3899.355 482.104
3900.534 597.484
3901.713 660.581
3902.892 556.697
3904.071 582.613
3905.249 650.655
3906.428 727.469
3907.607 620.487
3908.786 656.432
3909.965 623.766
3911.143 616.747
3912.322 808.762
3913.501 558.239
3914.680 736.809
3915.859 788.916
3917.038 570.061
3918.216 578.580
3919.395 578.494
3920.574 405.859
3921.753 545.022
3922.932 611.277
3924.110 581.228
3925.289 542.639
3926.468 519.787
3927.647 519.645
3928.826 492.117
3930.005 457.506
3931.183 490.514
3932.362 429.060
3933.541 435.002
3934.720 421.910
3935.899 336.547
3937.077 391.594
3938.256 411.824
3939.435 486.476
3940.614 633.505
3941.793 704.004
3942.972 657.248
3944.150 625.755
3945.329 656.483
3946.508 763.326
3947.687 906.163
3948.866 765.142
3950.044 705.127
3951.223 617.212
3952.402 569.205
3953.581 527.822
3954.760 588.552
3955.939 592.290
3957.117 653.175
3958.296 544.345
3959.475 387.909
3960.654 629.220
3961.833 551.969
3963.011 492.908
3964.190 370.317
3965.369 440.335
3966.548 558.022
3967.727 984.166
3968.906 2536.751
3970.084 3878.721
3971.263 4267.114
3972.442 4371.985
3973.621 3113.147
3974.800 1207.811
3975.978 468.773
3977.157 505.812
3978.336 510.602
3979.515 506.404
3980.694 550.534
3981.873 481.291
3983.051 459.054
3984.230 543.236
3985.409 457.236
3986.588 483.075
3987.767 547.260
3988.945 495.660
3990.124 476.158
3991.303 442.428
3992.482 419.993
3993.661 654.012
3994.840 549.947
3996.018 501.549
3997.197 523.554
3998.376 441.015
3999.555 566.559
4000.734 615.817
4001.912 564.056
4003.091 604.995
4004.270 523.645
4005.449 553.287
4006.628 543.852
4007.807 712.144
4008.985 555.071
4010.164 681.472
4011.343 622.551
4012.522 710.335
4013.701 620.434
4014.879 523.745
4016.058 519.583
4017.237 605.117
4018.416 606.405
4019.595 540.396
4020.773 558.517
4021.952 635.580
4023.131 571.231
4024.310 519.003
4025.489 581.012
4026.668 621.166
4027.846 753.906
4029.025 944.302
4030.204 868.127
4031.383 545.770
4032.562 496.476
4033.740 537.731
4034.919 461.206
4036.098 472.042
4037.277 517.026
4038.456 466.204
4039.635 465.667
4040.813 638.857
4041.992 632.053
4043.171 522.155
4044.350 580.326
4045.529 530.248
4046.707 519.415
4047.886 598.517
4049.065 616.674
4050.244 604.197
4051.423 558.312
4052.602 585.648
4053.780 507.919
4054.959 470.744
4056.138 486.449
4057.317 547.897
4058.496 526.706
4059.674 545.801
4060.853 560.927
4062.032 585.479
4063.211 539.956
4064.390 607.963
4065.569 514.228
4066.747 575.300
4067.926 565.214
4069.105 594.735
4070.284 681.316
4071.463 689.241
4072.641 560.242
4073.820 539.605
4074.999 502.368
4076.178 482.931
4077.357 510.610
4078.536 506.726
4079.714 509.045
4080.893 582.062
4082.072 540.853
4083.251 475.101
4084.430 485.540
4085.608 587.317
4086.787 482.749
4087.966 462.705
4089.145 508.133
4090.324 476.164
4091.503 454.200
4092.681 519.847
4093.860 482.776
4095.039 479.020
4096.218 506.038
4097.397 406.195
4098.575 475.215
4099.754 427.498
4100.933 438.465
4102.112 961.173
4103.291 3640.105
4104.470 5482.730
4105.648 3585.302
4106.827 881.715
4108.006 447.872
4109.185 458.893
4110.364 413.227
4111.542 410.952
4112.721 425.583
4113.900 438.059
4115.079 387.891
4116.258 439.832
4117.437 430.042
4118.615 394.178
4119.794 505.104
4120.973 427.304
4122.152 407.604
4123.331 452.908
4124.509 537.291
4125.688 471.710
4126.867 460.164
4128.046 502.901
4129.225 519.747
4130.404 381.972
4131.582 469.592
4132.761 457.303
4133.940 392.287
4135.119 409.063
4136.298 502.743
4137.476 511.509
4138.655 467.889
4139.834 462.307
4141.013 458.151
4142.192 391.159
4143.371 416.109
4144.549 402.670
4145.728 468.120
4146.907 494.279
4148.086 438.857
4149.265 368.205
4150.443 349.216
4151.622 380.120
4152.801 371.962
4153.980 398.788
4155.159 494.450
4156.338 432.835
4157.516 488.882
4158.695 475.792
4159.874 423.192
4161.053 498.252
4162.232 444.672
4163.410 460.182
4164.589 568.152
4165.768 482.638
4166.947 473.172
4168.126 475.856
4169.305 511.276
4170.483 474.619
4171.662 521.834
4172.841 456.849
4174.020 452.961
4175.199 444.997
4176.377 407.841
4177.556 455.594
4178.735 412.182
4179.914 472.491
4181.093 491.244
4182.271 480.746
4183.450 420.479
4184.629 446.717
4185.808 439.475
4186.987 442.711
4188.166 390.055
4189.344 384.502
4190.523 479.141
4191.702 486.419
4192.881 467.000
4194.060 382.189
4195.238 425.724
4196.417 381.361
4197.596 390.616
4198.775 412.729
4199.954 353.740
4201.133 376.705
4202.311 392.237
4203.490 333.832
4204.669 389.865
4205.848 421.328
4207.027 413.267
4208.205 444.565
4209.384 396.713
4210.563 378.449
4211.742 341.081
4212.921 359.569
4214.100 379.354
4215.278 334.099
4216.457 398.600
4217.636 392.467
4218.815 459.715
4219.994 433.336
4221.172 341.975
4222.351 355.913
4223.530 369.798
4224.709 383.670
4225.888 359.914
4227.067 299.130
4228.245 366.569
4229.424 361.400
4230.603 354.615
4231.782 363.351
4232.961 371.734
4234.139 477.977
4235.318 500.238
4236.497 408.651
4237.676 340.981
4238.855 326.950
4240.034 339.966
4241.212 379.028
4242.391 378.610
4243.570 392.243
4244.749 368.783
4245.928 336.331
4247.106 386.953
4248.285 436.662
4249.464 388.165
4250.643 345.304
4251.822 387.571
4253.001 392.695
4254.179 366.886
4255.358 390.755
4256.537 381.685
4257.716 359.779
4258.895 411.100
4260.073 363.410
4261.252 377.354
4262.431 300.396
4263.610 374.349
4264.789 334.849
4265.968 334.470
4267.146 360.195
4268.325 395.949
4269.504 402.244
4270.683 379.369
4271.862 372.828
4273.040 339.378
4274.219 313.681
4275.398 344.566
4276.577 360.909
4277.756 359.963
4278.935 372.989
4280.113 329.009
4281.292 370.390
4282.471 363.931
4283.650 369.874
4284.829 327.361
4286.007 375.796
4287.186 326.051
4288.365 299.515
4289.544 364.548
4290.723 326.803
4291.902 348.060
4293.080 311.214
4294.259 301.889
4295.438 346.202
4296.617 385.790
4297.796 326.058
4298.974 274.846
4300.153 287.640
4301.332 243.772
4302.511 287.639
4303.690 317.672
4304.869 290.498
4306.047 330.760
4307.226 313.555
4308.405 282.064
4309.584 330.028
4310.763 326.216
4311.941 317.728
4313.120 305.877
4314.299 290.541
4315.478 331.252
4316.657 351.012
4317.836 387.696
4319.014 340.705
4320.193 328.665
4321.372 353.863
4322.551 303.539
4323.730 351.016
4324.908 254.775
4326.087 329.003
4327.266 296.694
4328.445 298.521
4329.624 294.903
4330.803 305.962
4331.981 296.045
4333.160 281.177
4334.339 299.290
4335.518 322.510
4336.697 318.739
4337.875 280.689
4339.054 257.216
4340.233 390.203
4341.412 1826.597
4342.591 6137.368
4343.769 6834.510
4344.948 3161.134
4346.127 469.694
4347.306 334.455
4348.485 299.111
4349.664 344.202
4350.842 312.659
4352.021 258.218
4353.200 255.319
4354.379 306.186
4355.558 323.087
4356.736 280.137
4357.915 316.475
4359.094 291.403
4360.273 275.905
4361.452 305.167
4362.631 296.293
4363.809 472.164
4364.988 1095.054
4366.167 1476.700
4367.346 1118.515
4368.525 528.876
4369.703 385.783
4370.882 286.779
4372.061 306.451
4373.240 331.734
4374.419 322.981
4375.598 291.887
4376.776 277.856
4377.955 347.473
4379.134 336.666
4380.313 295.073
4381.492 312.524
4382.670 282.434
4383.849 292.201
4385.028 270.592
4386.207 272.881
4387.386 292.549
4388.565 322.415
4389.743 361.072
4390.922 354.349
4392.101 330.919
4393.280 337.911
4394.459 282.120
4395.637 290.585
4396.816 299.176
4397.995 309.666
4399.174 301.745
4400.353 307.276
4401.532 322.348
4402.710 333.857
4403.889 328.603
4405.068 360.971
4406.247 366.237
4407.426 345.528
4408.604 335.893
4409.783 357.997
4410.962 342.363
4412.141 361.460
4413.320 378.345
4414.499 366.383
4415.677 396.885
4416.856 349.326
4418.035 327.266
4419.214 344.242
4420.393 370.008
4421.571 362.395
4422.750 310.073
4423.929 309.848
4425.108 335.077
4426.287 295.304
4427.466 348.107
4428.644 312.307
4429.823 292.118
4431.002 330.802
4432.181 294.047
4433.360 301.254
4434.538 300.225
4435.717 274.440
4436.896 339.276
4438.075 308.173
4439.254 305.063
4440.433 314.507
4441.611 308.585
4442.790 284.265
4443.969 298.600
4445.148 329.666
4446.327 313.186
4447.505 337.956
4448.684 290.994
4449.863 299.637
4451.042 329.908
4452.221 318.053
4453.400 321.362
4454.578 287.079
4455.757 283.894
4456.936 313.134
4458.115 268.274
4459.294 270.760
4460.472 286.624
4461.651 275.888
4462.830 275.861
4464.009 280.899
4465.188 282.197
4466.367 286.326
4467.545 269.351
4468.724 258.955
4469.903 232.493
4471.082 265.149
4472.261 342.381
4473.439 650.483
4474.618 839.862
4475.797 599.672
4476.976 344.140
4478.155 278.714
4479.334 271.537
4480.512 255.474
4481.691 289.086
4482.870 332.995
4484.049 272.361
4485.228 263.089
4486.406 289.814
4487.585 260.277
4488.764 287.290
4489.943 280.650
4491.122 254.360
4492.301 281.051
4493.479 289.952
4494.658 278.446
4495.837 278.363
4497.016 277.116
4498.195 264.731
4499.373 281.256
4500.552 292.514
4501.731 286.862
4502.910 287.657
4504.089 268.584
4505.267 295.600
4506.446 276.686
4507.625 277.080
4508.804 285.634
4509.983 269.175
4511.162 285.644
4512.340 299.583
4513.519 274.302
4514.698 268.604
4515.877 312.188
4517.056 271.437
4518.234 265.875
4519.413 312.181
4520.592 315.154
4521.771 299.599
4522.950 311.176
4524.129 356.912
4525.307 298.957
4526.486 266.317
4527.665 312.293
4528.844 318.248
4530.023 298.484
4531.201 264.010
4532.380 311.615
4533.559 292.328
4534.738 308.499
4535.917 328.315
4537.096 279.683
4538.274 308.534
4539.453 278.775
4540.632 296.325
4541.811 289.469
4542.990 288.848
4544.168 266.797
4545.347 277.571
4546.526 308.656
4547.705 273.577
4548.884 285.516
4550.063 302.809
4551.241 281.499
4552.420 315.208
4553.599 291.866
4554.778 293.293
4555.957 292.933
4557.135 299.590
4558.314 348.567
4559.493 271.080
4560.672 262.400
4561.851 288.144
4563.030 291.320
4564.208 307.620
4565.387 259.942
4566.566 272.849
4567.745 250.675
4568.924 281.581
4570.102 303.531
4571.281 284.725
4572.460 261.098
4573.639 317.825
4574.818 293.344
4575.997 272.674
4577.175 298.752
4578.354 270.387
4579.533 285.242
4580.712 312.925
4581.891 287.925
4583.069 315.703
4584.248 293.558
4585.427 277.061
4586.606 318.102
4587.785 284.777
4588.964 294.428
4590.142 315.361
4591.321 277.246
4592.500 277.414
4593.679 266.427
4594.858 306.364
4596.036 291.230
4597.215 273.073
4598.394 311.663
4599.573 258.634
4600.752 224.437
4601.931 284.509
4603.109 246.257
4604.288 263.701
4605.467 259.295
4606.646 263.867
4607.825 242.073
4609.003 272.006
4610.182 283.365
4611.361 263.180
4612.540 284.225
4613.719 287.033
4614.898 304.001
4616.076 259.706
4617.255 281.261
4618.434 255.621
4619.613 266.360
4620.792 246.433
4621.970 288.712
4623.149 282.388
4624.328 276.926
4625.507 271.115
4626.686 257.898
4627.865 237.141
4629.043 249.939
4630.222 300.975
4631.401 261.718
4632.580 288.455
4633.759 298.211
4634.937 281.411
4636.116 278.676
4637.295 269.657
4638.474 232.255
4639.653 256.556
4640.832 268.627
4642.010 316.860
4643.189 283.113
4644.368 311.076
4645.547 258.032
4646.726 243.190
4647.904 258.213
4649.083 285.978
4650.262 273.136
4651.441 287.018
4652.620 320.169
4653.799 295.382
4654.977 302.567
4656.156 300.786
4657.335 325.409
4658.514 340.132
4659.693 342.847
4660.871 345.978
4662.050 343.502
4663.229 320.021
4664.408 309.852
4665.587 314.652
4666.765 249.564
4667.944 255.342
4669.123 281.306
4670.302 269.653
4671.481 260.791
4672.660 320.113
4673.838 342.511
4675.017 282.746
4676.196 292.757
4677.375 287.001
4678.554 282.261
4679.732 288.332
4680.911 299.598
4682.090 269.470
4683.269 313.586
4684.448 330.517
4685.627 327.425
4686.805 338.015
4687.984 335.429
4689.163 371.925
4690.342 350.357
4691.521 363.881
4692.699 299.325
4693.878 298.857
4695.057 287.732
4696.236 328.683
4697.415 299.644
4698.594 301.437
4699.772 298.397
4700.951 276.515
4702.130 281.742
4703.309 264.898
4704.488 285.949
4705.666 264.783
4706.845 288.740
4708.024 276.206
4709.203 245.651
4710.382 276.241
4711.561 312.215
4712.739 345.584
4713.918 434.407
4715.097 493.515
4716.276 399.994
4717.455 330.584
4718.633 276.446
4719.812 309.174
4720.991 283.507
4722.170 266.619
4723.349 276.743
4724.528 276.851
4725.706 278.705
4726.885 288.129
4728.064 306.870
4729.243 264.639
4730.422 247.103
4731.600 281.809
4732.779 241.023
4733.958 253.784
4735.137 286.274
4736.316 254.627
4737.495 292.093
4738.673 273.451
4739.852 221.411
4741.031 280.382
4742.210 321.628
4743.389 398.115
4744.567 356.555
4745.746 294.562
4746.925 272.271
4748.104 240.462
4749.283 275.962
4750.462 274.914
4751.640 274.641
4752.819 262.396
4753.998 305.584
4755.177 246.880
4756.356 235.982
4757.534 264.156
4758.713 259.993
4759.892 278.093
4761.071 267.072
4762.250 268.190
4763.429 256.564
4764.607 240.373
4765.786 262.974
4766.965 238.895
4768.144 246.685
4769.323 246.419
4770.501 267.633
4771.680 307.390
4772.859 310.908
4774.038 325.511
4775.217 298.709
4776.396 247.761
4777.574 266.075
4778.753 261.342
4779.932 257.350
4781.111 277.946
4782.290 276.337
4783.468 303.046
4784.647 287.399
4785.826 282.639
4787.005 267.955
4788.184 245.653
4789.363 259.452
4790.541 277.389
4791.720 290.502
4792.899 279.682
4794.078 268.624
4795.257 248.104
4796.435 291.511
4797.614 283.922
4798.793 251.836
4799.972 269.855
4801.151 271.892
4802.330 260.757
4803.508 296.135
4804.687 268.441
4805.866 274.278
4807.045 256.450
4808.224 281.394
4809.402 243.924
4810.581 247.804
4811.760 284.489
4812.939 264.553
4814.118 250.544
4815.296 291.356
4816.475 339.539
4817.654 262.212
4818.833 278.462
4820.012 321.645
4821.191 273.606
4822.369 294.094
4823.548 328.207
4824.727 256.553
4825.906 275.243
4827.085 276.790
4828.263 296.280
4829.442 283.119
4830.621 268.187
4831.800 272.352
4832.979 312.196
4834.158 320.497
4835.336 273.937
4836.515 262.318
4837.694 269.236
4838.873 299.578
4840.052 308.710
4841.230 278.545
4842.409 287.433
4843.588 266.526
4844.767 249.028
4845.946 247.370
4847.125 304.031
4848.303 265.506
4849.482 233.030
4850.661 243.331
4851.840 268.491
4853.019 264.935
4854.197 252.039
4855.376 238.167
4856.555 260.330
4857.734 231.786
4858.913 240.576
4860.092 281.688
4861.270 397.068
4862.449 3035.908
4863.628 11175.187
4864.807 12469.181
4865.986 5752.528
4867.164 762.351
4868.343 218.900
4869.522 261.884
4870.701 288.231
4871.880 244.453
4873.059 235.060
4874.237 257.103
4875.416 223.814
4876.595 223.811
4877.774 268.173
4878.953 268.168
4880.131 292.573
4881.310 303.347
4882.489 261.230
4883.668 270.919
4884.847 276.346
4886.026 247.785
4887.204 264.035
4888.383 280.553
4889.562 262.498
4890.741 279.297
4891.920 273.124
4893.098 248.904
4894.277 276.186
4895.456 276.793
4896.635 293.655
4897.814 268.785
4898.993 242.669
4900.171 214.636
4901.350 212.578
4902.529 287.159
4903.708 249.054
4904.887 291.297
4906.065 282.748
4907.244 282.960
4908.423 251.198
4909.602 252.823
4910.781 271.094
4911.960 254.884
4913.138 248.619
4914.317 286.241
4915.496 273.901
4916.675 267.425
4917.854 281.077
4919.032 266.983
4920.211 239.931
4921.390 254.062
4922.569 268.832
4923.748 350.643
4924.927 417.180
4926.105 340.427
4927.284 285.812
4928.463 279.715
4929.642 271.029
4930.821 276.010
4931.999 259.977
4933.178 263.619
4934.357 255.444
4935.536 251.165
4936.715 286.807
4937.894 257.942
4939.072 273.063
4940.251 273.008
4941.430 286.790
4942.609 257.299
4943.788 283.770
4944.966 271.410
4946.145 283.500
4947.324 255.219
4948.503 282.250
4949.682 281.611
4950.861 278.418
4952.039 295.559
4953.218 290.455
4954.397 310.368
4955.576 319.094
4956.755 197.003
4957.933 499.030
4959.112 -263.720
4960.291 8888.075
4961.470 23030.668
4962.649 23287.861
4963.828 9670.159
4965.006 76.101
4966.185 583.474
4967.364 302.769
4968.543 376.779
4969.722 291.838
4970.900 310.688
4972.079 312.312
4973.258 272.042
4974.437 266.486
4975.616 288.067
4976.794 315.456
4977.973 256.965
4979.152 259.200
4980.331 289.651
4981.510 264.286
4982.689 285.867
4983.867 281.798
4985.046 294.628
4986.225 269.971
4987.404 309.010
4988.583 360.721
4989.761 327.153
4990.940 299.350
4992.119 278.458
4993.298 277.490
4994.477 292.917
4995.656 310.181
4996.834 289.391
4998.013 290.571
4999.192 288.606
5000.371 293.941
5001.550 320.407
5002.728 326.117
5003.907 254.859
5005.086 528.548
5006.265 -217.488
5007.444 4388.996
5008.623 37123.981
5009.801 74940.190
5010.980 59981.534
5012.159 11913.170
5013.338 821.639
5014.517 407.749
5015.695 309.019
5016.874 332.095
5018.053 513.813
5019.232 566.518
5020.411 427.494
5021.590 317.960
5022.768 271.114
5023.947 290.397
5025.126 276.473
5026.305 249.183
5027.484 251.784
5028.662 253.921
5029.841 271.550
5031.020 251.992
5032.199 257.926
5033.378 277.416
5034.557 238.071
5035.735 217.001
5036.914 251.774
5038.093 284.525
5039.272 255.558
5040.451 224.081
5041.629 200.756
5042.808 258.104
5043.987 272.622
5045.166 244.836
5046.345 270.933
5047.524 248.290
5048.702 248.923
5049.881 259.817
5051.060 286.448
5052.239 263.086
5053.418 259.356
5054.596 224.852
5055.775 230.663
5056.954 224.898
5058.133 256.730
5059.312 268.416
5060.491 213.038
5061.669 228.882
5062.848 250.650
5064.027 236.551
5065.206 231.533
5066.385 237.290
5067.563 265.194
5068.742 258.054
5069.921 231.654
5071.100 220.103
5072.279 238.799
5073.458 232.443
5074.636 237.213
5075.815 243.980
5076.994 260.143
5078.173 233.796
5079.352 245.409
5080.530 210.417
5081.709 229.979
5082.888 214.655
5084.067 234.538
5085.246 220.685
5086.425 227.252
5087.603 232.954
5088.782 230.428
5089.961 254.346
5091.140 259.567
5092.319 231.474
5093.497 215.975
5094.676 225.668
5095.855 232.785
5097.034 229.562
5098.213 229.372
5099.392 230.089
5100.570 216.769
5101.749 212.543
5102.928 225.405
5104.107 248.367
5105.286 248.488
5106.464 216.375
5107.643 247.348
5108.822 238.330
5110.001 233.394
5111.180 218.688
5112.359 218.488
5113.537 206.711
5114.716 240.543
5115.895 217.162
5117.074 208.523
5118.253 219.580
5119.431 235.572
5120.610 217.831
5121.789 229.136
5122.968 232.343
5124.147 213.837
5125.326 244.004
5126.504 245.707
5127.683 219.792
5128.862 219.481
5130.041 234.434
5131.220 252.613
5132.398 214.490
5133.577 238.964
5134.756 222.263
5135.935 225.666
5137.114 222.796
5138.292 237.927
5139.471 206.001
5140.650 224.870
5141.829 255.622
5143.008 217.796
5144.187 223.968
5145.365 229.341
5146.544 227.902
5147.723 244.216
5148.902 238.134
5150.081 234.429
5151.259 232.108
5152.438 222.123
5153.617 231.187
5154.796 224.338
5155.975 215.221
5157.154 248.839
5158.332 244.060
5159.511 216.597
5160.690 225.338
5161.869 245.382
5163.048 233.276
5164.226 222.040
5165.405 224.481
5166.584 202.101
5167.763 226.439
5168.942 197.332
5170.121 205.362
5171.299 190.185
5172.478 227.711
5173.657 223.770
5174.836 198.009
5176.015 218.498
5177.193 238.791
5178.372 218.236
5179.551 202.086
5180.730 221.362
5181.909 220.674
5183.088 212.022
5184.266 200.053
5185.445 200.644
5186.624 221.912
5187.803 205.817
5188.982 222.841
5190.160 226.186
5191.339 220.798
5192.518 258.877
5193.697 228.404
5194.876 243.376
5196.055 232.191
5197.233 617.646
5198.412 778.404
5199.591 737.766
5200.770 590.381
5201.949 429.886
5203.127 297.410
5204.306 229.683
5205.485 241.423
5206.664 226.250
5207.843 216.307
5209.022 236.835
5210.200 237.322
5211.379 194.224
5212.558 193.013
5213.737 222.573
5214.916 200.987
5216.094 231.763
5217.273 230.904
5218.452 236.152
5219.631 206.869
5220.810 228.910
5221.989 222.056
5223.167 251.801
5224.346 257.664
5225.525 237.174
5226.704 215.217
5227.883 211.606
5229.061 207.809
5230.240 221.931
5231.419 223.016
5232.598 221.280
5233.777 213.563
5234.956 215.682
5236.134 218.277
5237.313 237.420
5238.492 269.982
5239.671 258.738
5240.850 250.625
5242.028 215.137
5243.207 222.086
5244.386 227.776
5245.565 206.464
5246.744 216.127
5247.923 232.635
5249.101 216.540
5250.280 236.723
5251.459 202.123
5252.638 202.972
5253.817 235.886
5254.995 229.138
5256.174 246.553
5257.353 251.291
5258.532 217.273
5259.711 229.191
5260.890 219.860
5262.068 201.296
5263.247 220.853
5264.426 213.787
5265.605 199.924
5266.784 220.582
5267.962 226.603
5269.141 198.524
5270.320 200.374
5271.499 204.881
5272.678 192.402
5273.857 200.541
5275.035 251.222
5276.214 246.368
5277.393 238.357
5278.572 241.931
5279.751 210.265
5280.929 180.455
5282.108 230.308
5283.287 196.315
5284.466 204.195
5285.645 233.941
5286.824 193.906
5288.002 185.773
5289.181 198.447
5290.360 192.133
5291.539 199.208
5292.718 219.934
5293.896 223.595
5295.075 236.876
5296.254 225.013
5297.433 240.886
5298.612 202.848
5299.790 209.265
5300.969 199.548
5302.148 212.841
5303.327 202.799
5304.506 227.734
5305.685 236.547
5306.863 231.182
5308.042 207.661
5309.221 203.756
5310.400 220.824
5311.579 225.337
5312.757 230.202
5313.936 233.363
5315.115 225.149
5316.294 208.552
5317.473 186.262
5318.652 211.511
5319.830 233.476
5321.009 230.152
5322.188 200.742
5323.367 209.016
5324.546 207.825
5325.724 200.060
5326.903 215.800
5328.082 229.484
5329.261 316.221
5330.440 383.263
5331.619 350.747
5332.797 255.731
5333.976 209.586
5335.155 233.326
5336.334 250.289
5337.513 233.461
5338.691 216.114
5339.870 201.476
5341.049 206.947
5342.228 210.871
5343.407 206.039
5344.586 215.699
5345.764 196.191
5346.943 205.823
5348.122 219.101
5349.301 198.998
5350.480 215.278
5351.658 220.962
5352.837 226.010
5354.016 219.677
5355.195 210.576
5356.374 191.332
5357.553 187.625
5358.731 202.135
5359.910 203.951
5361.089 206.043
5362.268 190.453
5363.447 190.476
5364.625 200.870
5365.804 175.721
5366.983 207.419
5368.162 199.026
5369.341 194.450
5370.520 179.644
5371.698 190.010
5372.877 180.637
5374.056 167.905
5375.235 192.891
5376.414 237.605
5377.592 226.125
5378.771 193.825
5379.950 190.329
5381.129 181.923
5382.308 174.635
5383.487 195.300
5384.665 195.987
5385.844 198.556
5387.023 214.856
5388.202 189.744
5389.381 178.874
5390.559 195.083
5391.738 163.219
5392.917 191.179
5394.096 186.168
5395.275 190.251
5396.454 204.604
5397.632 173.089
5398.811 177.669
5399.990 195.571
5401.169 177.089
5402.348 194.530
5403.526 204.913
5404.705 166.032
5405.884 184.930
5407.063 212.434
5408.242 199.848
5409.421 182.141
5410.599 197.952
5411.778 232.882
5412.957 206.241
5414.136 212.458
5415.315 206.550
5416.493 206.019
5417.672 194.417
5418.851 205.719
5420.030 175.543
5421.209 312.629
5422.388 208.762
5423.566 196.183
5424.745 190.513
5425.924 182.023
5427.103 209.185
5428.282 192.471
5429.460 171.576
5430.639 187.399
5431.818 190.794
5432.997 180.090
5434.176 208.323
5435.355 232.544
5436.533 253.977
5437.712 234.092
5438.891 213.180
5440.070 200.442
5441.249 193.082
5442.427 177.430
5443.606 207.474
5444.785 182.709
5445.964 173.656
5447.143 173.639
5448.322 190.143
5449.500 214.971
5450.679 195.466
5451.858 177.365
5453.037 189.793
5454.216 191.752
5455.394 177.438
5456.573 172.864
5457.752 184.407
5458.931 178.593
5460.110 198.428
5461.288 180.664
5462.467 203.493
5463.646 172.545
5464.825 177.871
5466.004 183.197
5467.183 188.011
5468.361 183.897
5469.540 186.391
5470.719 166.898
5471.898 149.560
5473.077 170.284
5474.255 196.469
5475.434 193.424
5476.613 173.241
5477.792 170.276
5478.971 182.086
5480.150 170.981
5481.328 197.577
5482.507 186.381
5483.686 186.122
5484.865 205.066
5486.044 183.830
5487.222 190.552
5488.401 178.752
5489.580 159.458
5490.759 166.693
5491.938 176.000
5493.117 191.018
5494.295 177.215
5495.474 173.313
5496.653 189.356
5497.832 197.405
5499.011 201.087
5500.189 189.194
5501.368 203.951
5502.547 198.044
5503.726 173.880
5504.905 183.464
5506.084 180.676
5507.262 182.985
5508.441 199.963
5509.620 164.873
5510.799 174.143
5511.978 203.693
5513.156 191.298
5514.335 198.879
5515.514 177.880
5516.693 187.599
5517.872 204.155
5519.051 182.400
5520.229 202.819
5521.408 235.096
5522.587 209.096
5523.766 176.665
5524.945 192.076
5526.123 159.695
5527.302 167.719
5528.481 184.692
5529.660 183.884
5530.839 188.571
5532.018 173.121
5533.196 183.754
5534.375 173.474
5535.554 171.776
5536.733 176.861
5537.912 177.910
5539.090 184.742
5540.269 212.014
5541.448 234.814
5542.627 212.969
5543.806 218.301
5544.985 246.127
5546.163 197.795
5547.342 199.068
5548.521 205.112
5549.700 200.543
5550.879 187.669
5552.057 207.077
5553.236 208.668
5554.415 189.916
5555.594 178.300
5556.773 155.915
5557.952 148.934
5559.130 169.305
5560.309 173.157
5561.488 195.990
5562.667 238.203
5563.846 234.703
5565.024 232.535
5566.203 209.664
5567.382 201.954
5568.561 198.183
5569.740 202.937
5570.919 196.708
5572.097 194.398
5573.276 207.642
5574.455 158.901
5575.634 2444.190
5576.813 8732.896
5577.991 11612.237
5579.170 6368.617
5580.349 1041.619
5581.528 129.101
5582.707 243.736
5583.886 187.389
5585.064 171.092
5586.243 175.735
5587.422 206.381
5588.601 250.086
5589.780 234.953
5590.958 212.368
5592.137 187.937
5593.316 178.015
5594.495 162.021
5595.674 173.364
5596.853 204.196
5598.031 192.520
5599.210 190.620
5600.389 184.966
5601.568 191.177
5602.747 193.559
5603.925 203.410
5605.104 234.870
5606.283 235.622
5607.462 223.912
5608.641 179.254
5609.820 169.095
5610.998 177.288
5612.177 198.796
5613.356 176.744
5614.535 173.798
5615.714 191.285
5616.892 204.588
5618.071 202.612
5619.250 165.136
5620.429 182.410
5621.608 202.812
5622.786 217.381
5623.965 252.462
5625.144 225.496
5626.323 181.520
5627.502 185.757
5628.681 185.307
5629.859 176.631
5631.038 184.331
5632.217 212.280
5633.396 201.493
5634.575 164.997
5635.753 171.819
5636.932 186.332
5638.111 186.362
5639.290 182.063
5640.469 180.454
5641.648 188.014
5642.826 190.927
5644.005 186.568
5645.184 200.041
5646.363 213.636
5647.542 177.754
5648.720 154.812
5649.899 168.522
5651.078 156.877
5652.257 194.302
5653.436 160.243
5654.615 181.827
5655.793 195.320
5656.972 172.751
5658.151 188.059
5659.330 197.308
5660.509 205.850
5661.687 197.593
5662.866 195.400
5664.045 196.331
5665.224 194.626
5666.403 197.598
5667.582 175.358
5668.760 196.223
5669.939 181.130
5671.118 179.126
5672.297 180.133
5673.476 202.128
5674.654 190.974
5675.833 180.232
5677.012 199.633
5678.191 185.567
5679.370 172.659
5680.549 197.503
5681.727 183.884
5682.906 189.283
5684.085 209.349
5685.264 194.648
5686.443 201.402
5687.621 202.880
5688.800 194.653
5689.979 207.111
5691.158 217.651
5692.337 218.349
5693.516 191.281
5694.694 198.386
5695.873 171.174
5697.052 201.989
5698.231 197.029
5699.410 177.983
5700.588 194.583
5701.767 186.188
5702.946 187.144
5704.125 186.121
5705.304 171.197
5706.483 195.058
5707.661 186.417
5708.840 160.603
5710.019 195.438
5711.198 200.194
5712.377 185.122
5713.555 180.633
5714.734 183.014
5715.913 164.574
5717.092 202.286
5718.271 186.440
5719.450 181.331
5720.628 208.248
5721.807 209.888
5722.986 192.550
5724.165 187.955
5725.344 200.925
5726.522 209.456
5727.701 198.359
5728.880 192.634
5730.059 211.648
5731.238 179.570
5732.417 181.270
5733.595 174.336
5734.774 185.390
5735.953 195.808
5737.132 199.293
5738.311 186.220
5739.489 182.006
5740.668 187.575
5741.847 175.557
5743.026 178.408
5744.205 193.841
5745.384 184.210
5746.562 181.404
5747.741 189.203
5748.920 172.177
5750.099 175.280
5751.278 194.615
5752.456 167.273
5753.635 186.191
5754.814 161.846
5755.993 181.239
5757.172 197.045
5758.351 203.032
5759.529 183.750
5760.708 179.332
5761.887 193.133
5763.066 181.443
5764.245 183.665
5765.423 192.288
5766.602 170.061
5767.781 185.040
5768.960 165.793
5770.139 162.014
5771.318 186.124
5772.496 178.563
5773.675 170.236
5774.854 167.946
5776.033 177.262
5777.212 164.127
5778.390 174.026
5779.569 181.719
5780.748 176.236
5781.927 170.323
5783.106 171.451
5784.284 166.357
5785.463 159.321
5786.642 185.182
5787.821 188.627
5789.000 184.698
5790.179 196.051
5791.357 184.566
5792.536 200.921
5793.715 159.737
5794.894 175.334
5796.073 187.074
5797.251 194.851
5798.430 178.349
5799.609 167.733
5800.788 176.371
5801.967 173.340
5803.146 181.855
5804.324 191.362
5805.503 175.230
5806.682 181.755
5807.861 202.844
5809.040 181.666
5810.218 182.041
5811.397 188.641
5812.576 202.548
5813.755 191.220
5814.934 190.572
5816.113 181.403
5817.291 191.287
5818.470 210.220
5819.649 193.313
5820.828 172.444
5822.007 169.873
5823.185 184.094
5824.364 190.341
5825.543 168.551
5826.722 189.728
5827.901 187.979
5829.080 189.601
5830.258 171.423
5831.437 166.376
5832.616 185.572
5833.795 196.392
5834.974 180.965
5836.152 174.586
5837.331 201.548
5838.510 191.030
5839.689 182.890
5840.868 190.012
5842.047 173.441
5843.225 180.895
5844.404 186.188
5845.583 171.494
5846.762 171.826
5847.941 172.230
5849.119 182.411
5850.298 181.164
5851.477 184.298
5852.656 179.425
5853.835 187.575
5855.014 189.542
5856.192 155.636
5857.371 141.085
5858.550 179.528
5859.729 190.262
5860.908 180.758
5862.086 191.355
5863.265 192.873
5864.444 236.006
5865.623 267.217
5866.802 298.226
5867.981 293.928
5869.159 272.316
5870.338 241.386
5871.517 202.239
5872.696 214.743
5873.875 226.573
5875.053 200.312
5876.232 214.553
5877.411 515.113
5878.590 963.680
5879.769 1001.767
5880.948 593.853
5882.126 267.475
5883.305 209.020
5884.484 200.330
5885.663 210.900
5886.842 284.797
5888.020 595.572
5889.199 1217.596
5890.378 1400.612
5891.557 880.538
5892.736 395.265
5893.915 401.783
5895.093 732.935
5896.272 896.975
5897.451 630.519
5898.630 304.736
5899.809 206.001
5900.987 181.368
5902.166 189.368
5903.345 198.896
5904.524 205.484
5905.703 218.684
5906.882 238.883
5908.060 198.898
5909.239 180.451
5910.418 206.459
5911.597 178.680
5912.776 192.711
5913.954 250.545
5915.133 321.287
5916.312 301.965
5917.491 214.541
5918.670 181.551
5919.849 187.456
5921.027 197.119
5922.206 193.678
5923.385 217.116
5924.564 218.820
5925.743 227.808
5926.921 178.942
5928.100 196.292
5929.279 180.479
5930.458 187.340
5931.637 261.149
5932.815 340.303
5933.994 318.679
5935.173 232.464
5936.352 191.502
5937.531 184.093
5938.710 176.087
5939.888 185.013
5941.067 150.690
5942.246 175.290
5943.425 190.757
5944.604 190.463
5945.782 233.707
5946.961 215.093
5948.140 197.832
5949.319 181.170
5950.498 172.201
5951.677 212.803
5952.855 272.032
5954.034 298.389
5955.213 249.781
5956.392 198.388
5957.571 186.300
5958.749 199.197
5959.928 207.316
5961.107 192.266
5962.286 179.256
5963.465 187.085
5964.644 182.474
5965.822 171.522
5967.001 175.876
5968.180 194.762
5969.359 199.126
5970.538 201.434
5971.716 215.746
5972.895 215.791
5974.074 215.837
