3561.035 80.898
3562.213 764.957
3563.392 404.395
3564.571 588.210
3565.750 840.486
3566.929 663.962
3568.108 397.668
3569.286 768.847
3570.465 623.259
3571.644 346.321
3572.823 710.518
3574.002 784.996
3575.180 694.014
3576.359 673.025
3577.538 554.213
3578.717 372.556
3579.896 889.938
3581.075 754.682
3582.253 550.405
3583.432 466.659
3584.611 381.894
3585.790 1161.797
3586.969 -88.798
3588.147 577.351
3589.326 21.660
3590.505 460.709
3591.684 856.541
3592.863 554.434
3594.042 402.418
3595.220 1044.196
3596.399 758.251
3597.578 635.474
3598.757 1200.847
3599.936 917.316
3601.114 522.446
3602.293 423.386
3603.472 759.319
3604.651 737.002
3605.830 864.399
3607.009 129.147
3608.187 360.740
3609.366 196.630
3610.545 427.066
3611.724 479.940
3612.903 404.607
3614.081 839.328
3615.260 440.178
3616.439 856.598
3617.618 864.132
3618.797 1068.834
3619.976 765.301
3621.154 1037.575
3622.333 608.434
3623.512 1068.057
3624.691 602.439
3625.870 708.155
3627.048 757.930
3628.227 447.234
3629.406 1039.296
3630.585 763.284
3631.764 1253.905
3632.943 728.208
3634.121 780.121
3635.300 1093.241
3636.479 1081.148
3637.658 801.111
3638.837 958.238
3640.015 1170.233
3641.194 622.403
3642.373 1022.691
3643.552 842.397
3644.731 699.917
3645.910 470.394
3647.088 846.767
3648.267 426.737
3649.446 522.270
3650.625 473.957
3651.804 486.930
3652.982 810.159
3654.161 611.431
3655.340 512.891
3656.519 515.911
3657.698 393.704
3658.877 698.495
3660.055 724.897
3661.234 463.099
3662.413 316.988
3663.592 685.823
3664.771 835.905
3665.949 925.687
3667.128 368.905
3668.307 769.233
3669.486 440.398
3670.665 570.413
3671.844 177.876
3673.022 506.036
3674.201 444.021
3675.380 410.574
3676.559 661.639
3677.738 405.418
3678.916 575.087
3680.095 280.522
3681.274 404.874
3682.453 489.326
3683.632 117.467
3684.811 1035.227
3685.989 812.346
3687.168 623.868
3688.347 190.190
3689.526 393.882
3690.705 253.129
3691.883 612.451
3693.062 623.400
3694.241 773.962
3695.420 267.537
3696.599 478.320
3697.777 554.263
3698.956 965.593
3700.135 1269.327
3701.314 837.169
3702.493 539.897
3703.672 823.845
3704.850 785.670
3706.029 822.188
3707.208 992.541
3708.387 783.234
3709.566 703.860
3710.744 471.664
3711.923 388.839
3713.102 600.431
3714.281 896.629
3715.460 871.118
3716.639 529.488
3717.817 477.582
3718.996 755.018
3720.175 255.799
3721.354 218.012
3722.533 482.669
3723.711 1204.560
3724.890 1382.502
3726.069 2045.538
3727.248 6291.889
3728.427 10482.120
3729.606 13093.756
3730.784 14740.910
3731.963 13165.145
3733.142 5285.005
3734.321 1157.254
3735.500 1026.187
3736.678 1078.018
3737.857 1671.724
3739.036 782.142
3740.215 933.307
3741.394 711.560
3742.573 878.836
3743.751 898.125
3744.930 566.245
3746.109 800.830
3747.288 581.089
3748.467 573.558
3749.645 627.781
3750.824 666.206
3752.003 1182.418
3753.182 1149.824
3754.361 801.759
3755.540 605.493
3756.718 549.015
3757.897 308.564
3759.076 667.104
3760.255 545.292
3761.434 662.613
3762.612 90.036
3763.791 692.399
3764.970 584.718
3766.149 583.464
3767.328 480.236
3768.507 410.636
3769.685 429.710
3770.864 505.658
3772.043 1080.593
3773.222 1320.184
3774.401 1305.430
3775.579 565.466
3776.758 644.223
3777.937 742.275
3779.116 557.401
3780.295 551.811
3781.474 524.517
3782.652 490.591
3783.831 452.430
3785.010 421.103
3786.189 620.189
3787.368 583.155
3788.546 427.459
3789.725 388.521
3790.904 518.560
3792.083 647.790
3793.262 492.542
3794.441 376.715
3795.619 474.327
3796.798 598.667
3797.977 513.910
3799.156 931.699
3800.335 1385.481
3801.513 1126.506
3802.692 729.847
3803.871 450.747
3805.050 565.249
3806.229 637.881
3807.408 566.699
3808.586 405.800
3809.765 423.507
3810.944 679.170
3812.123 592.995
3813.302 637.855
3814.480 763.288
3815.659 578.902
3816.838 553.780
3818.017 642.693
3819.196 492.187
3820.375 563.680
3821.553 632.881
3822.732 544.267
3823.911 606.178
3825.090 405.831
3826.269 502.449
3827.447 688.792
3828.626 579.860
3829.805 778.676
3830.984 877.365
3832.163 750.066
3833.342 668.439
3834.520 676.468
3835.699 751.219
3836.878 1532.089
3838.057 1843.208
3839.236 1247.587
3840.414 567.252
3841.593 534.459
3842.772 581.120
3843.951 476.464
3845.130 658.176
3846.309 656.556
3847.487 520.172
3848.666 572.326
3849.845 447.699
3851.024 490.449
3852.203 596.468
3853.381 524.832
3854.560 410.975
3855.739 586.364
3856.918 529.460
3858.097 469.590
3859.275 507.349
3860.454 362.350
3861.633 563.320
3862.812 618.731
3863.991 787.360
3865.170 566.900
3866.348 459.240
3867.527 483.414
3868.706 848.835
3869.885 4536.518
3871.064 7759.130
3872.242 6462.747
3873.421 1676.941
3874.600 553.844
3875.779 601.975
3876.958 464.503
3878.137 439.829
3879.315 214.209
3880.494 400.430
3881.673 503.400
3882.852 307.306
3884.031 359.813
3885.209 353.120
3886.388 378.098
3887.567 319.743
3888.746 501.288
3889.925 1917.940
3891.104 3721.504
3892.282 3131.024
3893.461 1134.395
3894.640 488.984
3895.819 398.037
3896.998 419.983
3898.176 468.791
3899.355 473.351
3900.534 458.761
3901.713 548.936
3902.892 549.184
3904.071 532.082
3905.249 599.275
3906.428 653.594
3907.607 687.975
3908.786 662.191
3909.965 676.194
3911.143 588.093
3912.322 546.698
3913.501 659.443
3914.680 562.479
3915.859 578.796
3917.038 533.156
3918.216 394.687
3919.395 501.036
3920.574 516.954
3921.753 495.099
3922.932 500.675
3924.110 433.355
3925.289 319.086
3926.468 466.134
3927.647 361.739
3928.826 469.200
3930.005 308.469
3931.183 341.747
3932.362 279.571
3933.541 164.441
3934.720 283.404
3935.899 250.709
3937.077 378.942
3938.256 336.791
3939.435 372.140
3940.614 362.594
3941.793 563.304
3942.972 505.442
3944.150 489.605
3945.329 517.067
3946.508 649.944
3947.687 756.108
3948.866 757.537
3950.044 411.225
3951.223 573.309
3952.402 473.191
3953.581 539.091
3954.760 426.775
3955.939 469.092
3957.117 456.186
3958.296 455.086
3959.475 457.207
3960.654 384.512
3961.833 447.375
3963.011 431.770
3964.190 393.134
3965.369 310.547
3966.548 397.757
3967.727 634.119
3968.906 1587.233
3970.084 2391.541
3971.263 2837.149
3972.442 2901.497
3973.621 2312.289
3974.800 771.449
3975.978 331.869
3977.157 350.398
3978.336 477.985
3979.515 430.709
3980.694 454.321
3981.873 420.249
3983.051 449.148
3984.230 390.087
3985.409 399.808
3986.588 381.150
3987.767 377.569
3988.945 466.154
3990.124 442.487
3991.303 375.069
3992.482 402.000
3993.661 390.920
3994.840 365.050
3996.018 385.975
3997.197 399.330
3998.376 440.818
3999.555 515.709
4000.734 510.225
4001.912 423.863
4003.091 453.515
4004.270 471.450
4005.449 529.035
4006.628 416.347
4007.807 370.436
4008.985 509.395
4010.164 578.420
4011.343 532.875
4012.522 510.557
4013.701 422.015
4014.879 450.021
4016.058 461.490
4017.237 577.195
4018.416 436.012
4019.595 486.879
4020.773 463.615
4021.952 446.139
4023.131 372.150
4024.310 467.327
4025.489 436.366
4026.668 523.517
4027.846 619.081
4029.025 797.428
4030.204 592.446
4031.383 406.815
4032.562 445.326
4033.740 413.618
4034.919 383.956
4036.098 449.982
4037.277 414.925
4038.456 431.471
4039.635 461.074
4040.813 519.127
4041.992 477.527
4043.171 517.591
4044.350 445.919
4045.529 527.369
4046.707 435.966
4047.886 470.627
4049.065 499.165
4050.244 494.488
4051.423 387.340
4052.602 475.468
4053.780 539.752
4054.959 461.011
4056.138 462.547
4057.317 389.801
4058.496 365.901
4059.674 462.590
4060.853 425.766
4062.032 505.301
4063.211 450.909
4064.390 476.295
4065.569 502.987
4066.747 473.676
4067.926 444.607
4069.105 513.073
4070.284 561.422
4071.463 617.235
4072.641 538.278
4073.820 353.791
4074.999 441.933
4076.178 485.250
4077.357 480.249
4078.536 424.695
4079.714 409.705
4080.893 467.188
4082.072 459.311
4083.251 458.152
4084.430 386.636
4085.608 479.889
4086.787 446.844
4087.966 347.083
4089.145 388.443
4090.324 414.071
4091.503 420.776
4092.681 403.254
4093.860 409.452
4095.039 346.557
4096.218 368.814
4097.397 383.620
4098.575 345.580
4099.754 319.246
4100.933 439.547
4102.112 737.792
4103.291 2557.357
4104.470 3562.966
4105.648 2511.570
4106.827 625.993
4108.006 398.288
4109.185 317.348
4110.364 262.745
4111.542 367.635
4112.721 323.313
4113.900 335.770
4115.079 422.712
4116.258 337.005
4117.437 321.834
4118.615 346.575
4119.794 390.274
4120.973 347.745
4122.152 339.633
4123.331 401.539
4124.509 369.386
4125.688 435.824
4126.867 377.595
4128.046 366.971
4129.225 446.884
4130.404 353.363
4131.582 391.732
4132.761 438.365
4133.940 388.893
4135.119 440.804
4136.298 365.243
4137.476 434.549
4138.655 465.880
4139.834 335.398
4141.013 329.084
4142.192 396.586
4143.371 301.101
4144.549 383.266
4145.728 360.286
4146.907 433.141
4148.086 416.517
4149.265 339.147
4150.443 275.186
4151.622 327.177
4152.801 285.259
4153.980 376.595
4155.159 467.319
4156.338 400.430
4157.516 418.940
4158.695 359.036
4159.874 368.595
4161.053 415.217
4162.232 435.500
4163.410 450.811
4164.589 436.328
4165.768 371.079
4166.947 461.760
4168.126 409.277
4169.305 426.031
4170.483 376.771
4171.662 464.693
4172.841 378.687
4174.020 398.574
4175.199 415.767
4176.377 380.847
4177.556 351.488
4178.735 382.078
4179.914 391.855
4181.093 380.375
4182.271 347.102
4183.450 317.414
4184.629 361.297
4185.808 340.277
4186.987 268.349
4188.166 347.080
4189.344 323.915
4190.523 313.180
4191.702 332.515
4192.881 291.156
4194.060 359.179
4195.238 353.425
4196.417 391.914
4197.596 306.001
4198.775 290.930
4199.954 314.254
4201.133 312.518
4202.311 281.617
4203.490 300.026
4204.669 313.459
4205.848 362.885
4207.027 377.900
4208.205 400.142
4209.384 332.876
4210.563 300.065
4211.742 319.407
4212.921 342.731
4214.100 344.063
4215.278 329.751
4216.457 307.576
4217.636 335.670
4218.815 296.631
4219.994 289.006
4221.172 309.355
4222.351 228.285
4223.530 328.468
4224.709 338.250
4225.888 319.204
4227.067 267.420
4228.245 294.650
4229.424 343.720
4230.603 425.984
4231.782 517.661
4232.961 412.225
4234.139 419.845
4235.318 371.054
4236.497 302.085
4237.676 349.695
4238.855 310.069
4240.034 295.476
4241.212 347.537
4242.391 277.890
4243.570 303.684
4244.749 271.924
4245.928 282.099
4247.106 358.287
4248.285 346.415
4249.464 336.653
4250.643 284.819
4251.822 306.972
4253.001 300.731
4254.179 288.324
4255.358 309.523
4256.537 306.716
4257.716 333.274
4258.895 309.807
4260.073 242.495
4261.252 265.662
4262.431 317.550
4263.610 249.608
4264.789 316.240
4265.968 320.952
4267.146 322.647
4268.325 298.526
4269.504 315.495
4270.683 275.328
4271.862 266.482
4273.040 245.115
4274.219 322.230
4275.398 302.410
4276.577 322.751
4277.756 284.280
4278.935 321.459
4280.113 314.790
4281.292 315.506
4282.471 286.595
4283.650 317.474
4284.829 335.827
4286.007 259.113
4287.186 275.564
4288.365 262.695
4289.544 316.485
4290.723 283.426
4291.902 309.498
4293.080 362.500
4294.259 315.572
4295.438 281.029
4296.617 260.991
4297.796 256.743
4298.974 306.231
4300.153 270.934
4301.332 230.731
4302.511 263.416
4303.690 288.086
4304.869 231.986
4306.047 266.506
4307.226 223.097
4308.405 221.916
4309.584 290.544
4310.763 238.023
4311.941 236.247
4313.120 318.570
4314.299 274.766
4315.478 308.234
4316.657 345.478
4317.836 330.391
4319.014 310.982
4320.193 283.075
4321.372 262.684
4322.551 290.697
4323.730 250.156
4324.908 233.303
4326.087 265.303
4327.266 254.897
4328.445 294.163
4329.624 266.488
4330.803 268.505
4331.981 266.212
4333.160 313.810
4334.339 298.346
4335.518 253.382
4336.697 259.972
4337.875 248.166
4339.054 177.236
4340.233 340.518
4341.412 1340.718
4342.591 3968.209
4343.769 4523.668
4344.948 2081.367
4346.127 433.516
4347.306 224.371
4348.485 295.871
4349.664 284.144
4350.842 261.498
4352.021 195.351
4353.200 263.746
4354.379 241.423
4355.558 216.872
4356.736 246.431
4357.915 230.271
4359.094 257.222
4360.273 260.957
4361.452 227.386
4362.631 286.779
4363.809 373.872
4364.988 873.278
4366.167 1107.867
4367.346 821.844
4368.525 447.434
4369.703 382.653
4370.882 275.592
4372.061 290.070
4373.240 247.769
4374.419 299.122
4375.598 319.626
4376.776 274.056
4377.955 279.915
4379.134 270.322
4380.313 265.470
4381.492 224.065
4382.670 234.764
4383.849 237.100
4385.028 224.515
4386.207 226.663
4387.386 248.559
4388.565 256.461
4389.743 289.609
4390.922 282.403
4392.101 249.424
4393.280 258.397
4394.459 243.525
4395.637 274.515
4396.816 309.688
4397.995 220.885
4399.174 262.484
4400.353 246.265
4401.532 265.483
4402.710 278.289
4403.889 272.592
4405.068 295.878
4406.247 286.258
4407.426 293.084
4408.604 274.544
4409.783 326.994
4410.962 349.439
4412.141 380.429
4413.320 331.633
4414.499 303.601
4415.677 285.233
4416.856 306.981
4418.035 298.252
4419.214 281.683
4420.393 308.066
4421.571 296.006
4422.750 276.633
4423.929 291.425
4425.108 297.325
4426.287 318.423
4427.466 292.513
4428.644 270.849
4429.823 278.155
4431.002 241.590
4432.181 286.812
4433.360 292.077
4434.538 263.528
4435.717 253.619
4436.896 250.340
4438.075 274.691
4439.254 284.238
4440.433 339.953
4441.611 277.682
4442.790 277.341
4443.969 297.645
4445.148 278.607
4446.327 269.281
4447.505 242.962
4448.684 249.448
4449.863 277.221
4451.042 249.484
4452.221 266.419
4453.400 277.229
4454.578 285.170
4455.757 271.453
4456.936 245.309
4458.115 246.702
4459.294 258.468
4460.472 240.825
4461.651 252.922
4462.830 258.665
4464.009 223.083
4465.188 227.868
4466.367 224.966
4467.545 237.410
4468.724 269.506
4469.903 220.685
4471.082 194.343
4472.261 272.476
4473.439 451.877
4474.618 589.494
4475.797 441.849
4476.976 277.093
4478.155 261.133
4479.334 243.871
4480.512 225.838
4481.691 225.165
4482.870 256.896
4484.049 275.244
4485.228 260.096
4486.406 261.252
4487.585 228.067
4488.764 238.699
4489.943 253.817
4491.122 228.701
4492.301 256.219
4493.479 284.071
4494.658 281.322
4495.837 255.785
4497.016 231.628
4498.195 218.462
4499.373 248.706
4500.552 222.441
4501.731 239.404
4502.910 285.131
4504.089 294.980
4505.267 297.573
4506.446 264.150
4507.625 270.200
4508.804 273.464
4509.983 241.357
4511.162 207.234
4512.340 221.577
4513.519 209.296
4514.698 209.244
4515.877 247.601
4517.056 227.648
4518.234 228.641
4519.413 226.257
4520.592 262.273
4521.771 277.149
4522.950 271.166
4524.129 257.329
4525.307 255.550
4526.486 239.875
4527.665 267.028
4528.844 263.884
4530.023 249.772
4531.201 272.465
4532.380 251.749
4533.559 261.496
4534.738 247.418
4535.917 254.512
4537.096 275.716
4538.274 280.113
4539.453 223.142
4540.632 261.701
4541.811 269.708
4542.990 259.824
4544.168 263.338
4545.347 268.556
4546.526 306.274
4547.705 278.636
4548.884 242.726
4550.063 205.917
4551.241 273.241
4552.420 295.739
4553.599 244.420
4554.778 210.769
4555.957 228.713
4557.135 217.044
4558.314 276.833
4559.493 268.069
4560.672 269.303
4561.851 255.914
4563.030 249.684
4564.208 285.893
4565.387 293.345
4566.566 274.844
4567.745 222.828
4568.924 243.376
4570.102 274.302
4571.281 249.043
4572.460 257.654
4573.639 258.275
4574.818 259.871
4575.997 247.665
4577.175 275.653
4578.354 304.608
4579.533 283.723
4580.712 258.047
4581.891 248.256
4583.069 241.806
4584.248 263.840
4585.427 224.651
4586.606 226.680
4587.785 294.527
4588.964 262.619
4590.142 250.908
4591.321 251.604
4592.500 256.841
4593.679 224.718
4594.858 235.962
4596.036 264.261
4597.215 230.629
4598.394 252.784
4599.573 288.507
4600.752 243.447
4601.931 269.922
4603.109 240.482
4604.288 251.095
4605.467 251.697
4606.646 240.088
4607.825 234.560
4609.003 255.095
4610.182 278.814
4611.361 248.783
4612.540 251.733
4613.719 269.061
4614.898 237.163
4616.076 258.237
4617.255 252.714
4618.434 252.750
4619.613 266.797
4620.792 262.658
4621.970 227.270
4623.149 250.134
4624.328 250.171
4625.507 236.001
4626.686 204.315
4627.865 247.942
4629.043 259.192
4630.222 255.027
4631.401 220.903
4632.580 249.808
4633.759 240.910
4634.937 225.821
4636.116 239.390
4637.295 244.955
4638.474 255.481
4639.653 241.352
4640.832 255.394
4642.010 264.836
4643.189 227.809
4644.368 225.918
4645.547 261.052
4646.726 257.154
4647.904 238.077
4649.083 227.058
4650.262 225.908
4651.441 222.673
4652.620 257.874
4653.799 252.563
4654.977 251.508
4656.156 296.185
4657.335 292.128
4658.514 264.664
4659.693 311.915
4660.871 355.533
4662.050 336.886
4663.229 294.020
4664.408 269.463
4665.587 259.333
4666.765 239.927
4667.944 256.756
4669.123 257.152
4670.302 245.733
4671.481 285.712
4672.660 262.589
4673.838 284.657
4675.017 283.212
4676.196 284.942
4677.375 251.023
4678.554 227.824
4679.732 236.333
4680.911 231.248
4682.090 260.439
4683.269 234.734
4684.448 292.383
4685.627 254.074
4686.805 273.673
4687.984 238.965
4689.163 338.568
4690.342 250.692
4691.521 268.563
4692.699 245.590
4693.878 244.356
4695.057 218.901
4696.236 261.091
4697.415 271.345
4698.594 251.263
4699.772 245.981
4700.951 247.673
4702.130 250.080
4703.309 262.064
4704.488 259.425
4705.666 254.165
4706.845 226.461
4708.024 226.064
4709.203 272.925
4710.382 236.224
4711.561 244.643
4712.739 264.071
4713.918 303.050
4715.097 320.068
4716.276 322.488
4717.455 268.808
4718.633 263.595
4719.812 273.190
4720.991 260.378
4722.170 243.338
4723.349 263.354
4724.528 262.187
4725.706 268.938
4726.885 242.419
4728.064 233.889
4729.243 230.746
4730.422 223.101
4731.600 252.168
4732.779 240.328
4733.958 220.532
4735.137 247.287
4736.316 230.318
4737.495 231.586
4738.673 263.078
4739.852 254.055
4741.031 240.288
4742.210 270.428
4743.389 320.590
4744.567 270.631
4745.746 244.458
4746.925 239.961
4748.104 240.549
4749.283 244.298
4750.462 237.999
4751.640 225.045
4752.819 246.688
4753.998 207.734
4755.177 222.446
4756.356 236.687
4757.534 219.289
4758.713 271.232
4759.892 214.306
4761.071 215.548
4762.250 235.005
4763.429 259.491
4764.607 255.935
4765.786 241.974
4766.965 218.253
4768.144 219.325
4769.323 265.913
4770.501 254.271
4771.680 280.142
4772.859 274.707
4774.038 279.743
4775.217 269.494
4776.396 247.625
4777.574 251.178
4778.753 238.835
4779.932 260.301
4781.111 251.926
4782.290 259.418
4783.468 256.230
4784.647 217.441
4785.826 252.877
4787.005 255.308
4788.184 242.557
4789.363 236.737
4790.541 208.877
4791.720 233.818
4792.899 244.462
4794.078 232.020
4795.257 246.025
4796.435 246.183
4797.614 244.184
4798.793 211.034
4799.972 231.402
4801.151 261.910
4802.330 242.558
4803.508 237.916
4804.687 272.737
4805.866 243.065
4807.045 221.802
4808.224 203.511
4809.402 223.757
4810.581 189.590
4811.760 229.089
4812.939 206.569
4814.118 258.396
4815.296 250.498
4816.475 261.020
4817.654 260.113
4818.833 263.022
4820.012 264.249
4821.191 242.664
4822.369 213.870
4823.548 274.773
4824.727 229.260
4825.906 250.567
4827.085 220.982
4828.263 234.791
4829.442 273.606
4830.621 252.921
4831.800 241.168
4832.979 235.939
4834.158 238.556
4835.336 247.886
4836.515 227.270
4837.694 244.187
4838.873 292.941
4840.052 281.618
4841.230 247.206
4842.409 230.542
4843.588 244.463
4844.767 245.195
4845.946 218.973
4847.125 234.865
4848.303 241.566
4849.482 227.622
4850.661 237.675
4851.840 238.815
4853.019 210.525
4854.197 229.689
4855.376 224.552
4856.555 231.658
4857.734 210.581
4858.913 198.373
4860.092 220.582
4861.270 321.814
4862.449 2218.536
4863.628 7315.725
4864.807 8103.110
4865.986 3973.931
4867.164 514.730
4868.343 244.656
4869.522 258.362
4870.701 219.147
4871.880 220.576
4873.059 205.768
4874.237 222.114
4875.416 191.432
4876.595 257.298
4877.774 239.097
4878.953 235.024
4880.131 254.017
4881.310 270.112
4882.489 271.155
4883.668 239.571
4884.847 239.547
4886.026 222.020
4887.204 223.731
4888.383 248.558
4889.562 248.522
4890.741 256.326
4891.920 249.304
4893.098 233.864
4894.277 220.996
4895.456 231.671
4896.635 245.563
4897.814 271.490
4898.993 232.094
4900.171 244.497
4901.350 239.320
4902.529 220.200
4903.708 249.071
4904.887 238.728
4906.065 268.878
4907.244 239.805
4908.423 226.619
4909.602 243.455
4910.781 217.744
4911.960 242.788
4913.138 234.609
4914.317 228.401
4915.496 241.033
4916.675 230.500
4917.854 232.058
4919.032 225.336
4920.211 180.191
4921.390 202.137
4922.569 215.422
4923.748 269.623
4924.927 340.070
4926.105 306.879
4927.284 227.020
4928.463 243.669
4929.642 252.154
4930.821 240.667
4931.999 246.633
4933.178 223.589
4934.357 221.388
4935.536 224.493
4936.715 223.792
4937.894 241.259
4939.072 209.499
4940.251 218.911
4941.430 248.554
4942.609 236.157
4943.788 213.682
4944.966 241.967
4946.145 259.744
4947.324 211.623
4948.503 246.480
4949.682 234.154
4950.861 268.495
4952.039 199.337
4953.218 251.975
4954.397 252.371
4955.576 261.615
4956.755 201.003
4957.933 345.525
4959.112 190.953
4960.291 5505.387
4961.470 13829.640
4962.649 14752.411
4963.828 5716.459
4965.006 274.064
4966.185 357.619
4967.364 319.203
4968.543 335.149
4969.722 299.610
4970.900 260.417
4972.079 251.030
4973.258 258.025
4974.437 243.172
4975.616 242.866
4976.794 250.223
4977.973 243.312
4979.152 232.001
4980.331 253.601
4981.510 258.406
4982.689 247.853
4983.867 234.850
4985.046 210.809
4986.225 232.112
4987.404 306.072
4988.583 344.619
4989.761 341.408
4990.940 279.007
4992.119 258.548
4993.298 230.657
4994.477 249.906
4995.656 249.834
4996.834 254.016
4998.013 252.866
4999.192 237.734
5000.371 242.566
5001.550 261.921
5002.728 242.718
5003.907 218.392
5005.086 328.826
5006.265 116.303
5007.444 2902.506
5008.623 23379.004
5009.801 46601.699
5010.980 35323.521
5012.159 9079.431
5013.338 111.694
5014.517 420.719
5015.695 226.511
5016.874 270.767
5018.053 378.720
5019.232 417.217
5020.411 307.863
5021.590 256.796
5022.768 219.237
5023.947 226.098
5025.126 221.390
5026.305 245.989
5027.484 231.122
5028.662 232.350
5029.841 220.602
5031.020 243.877
5032.199 240.504
5033.378 237.062
5034.557 238.558
5035.735 241.253
5036.914 224.316
5038.093 203.831
5039.272 227.714
5040.451 221.383
5041.629 200.151
5042.808 217.860
5043.987 220.700
5045.166 212.237
5046.345 216.759
5047.524 230.578
5048.702 227.046
5049.881 221.144
5051.060 242.213
5052.239 220.596
5053.418 192.553
5054.596 233.510
5055.775 185.506
5056.954 187.973
5058.133 230.136
5059.312 209.547
5060.491 234.682
5061.669 226.843
5062.848 216.576
5064.027 179.786
5065.206 205.193
5066.385 202.581
5067.563 181.216
5068.742 200.010
5069.921 222.733
5071.100 219.993
5072.279 223.957
5073.458 208.042
5074.636 206.537
5075.815 231.934
5076.994 227.312
5078.173 209.606
5079.352 184.376
5080.530 189.606
5081.709 200.534
5082.888 208.750
5084.067 210.074
5085.246 214.245
5086.425 212.701
5087.603 215.494
5088.782 198.580
5089.961 218.134
5091.140 208.215
5092.319 219.382
5093.497 228.343
5094.676 213.864
5095.855 221.917
5097.034 218.386
5098.213 185.199
5099.392 213.997
5100.570 227.063
5101.749 199.499
5102.928 227.122
5104.107 210.097
5105.286 178.873
5106.464 204.997
5107.643 197.395
5108.822 185.139
5110.001 186.630
5111.180 184.713
5112.359 205.095
5113.537 211.481
5114.716 185.812
5115.895 166.757
5117.074 196.545
5118.253 191.262
5119.431 230.477
5120.610 220.292
5121.789 207.895
5122.968 196.444
5124.147 219.217
5125.326 185.218
5126.504 188.630
5127.683 191.431
5128.862 194.525
5130.041 220.887
5131.220 201.971
5132.398 215.357
5133.577 230.817
5134.756 213.727
5135.935 221.126
5137.114 215.621
5138.292 218.457
5139.471 197.585
5140.650 215.826
5141.829 212.443
5143.008 199.537
5144.187 212.990
5145.365 230.513
5146.544 207.802
5147.723 216.866
5148.902 207.100
5150.081 204.904
5151.259 225.062
5152.438 218.089
5153.617 206.283
5154.796 203.517
5155.975 202.403
5157.154 192.072
5158.332 193.088
5159.511 196.805
5160.690 223.804
5161.869 226.203
5163.048 210.965
5164.226 204.516
5165.405 178.826
5166.584 198.482
5167.763 175.468
5168.942 182.847
5170.121 173.807
5171.299 186.271
5172.478 186.855
5173.657 189.552
5174.836 178.218
5176.015 192.682
5177.193 167.560
5178.372 204.623
5179.551 223.988
5180.730 197.280
5181.909 193.579
5183.088 153.543
5184.266 161.921
5185.445 187.380
5186.624 224.147
5187.803 230.031
5188.982 223.985
5190.160 223.072
5191.339 196.314
5192.518 188.977
5193.697 204.129
5194.876 192.162
5196.055 286.035
5197.233 589.309
5198.412 743.777
5199.591 703.728
5200.770 530.418
5201.949 416.698
5203.127 235.295
5204.306 233.234
5205.485 211.532
5206.664 168.006
5207.843 216.089
5209.022 188.500
5210.200 167.154
5211.379 190.279
5212.558 206.348
5213.737 217.755
5214.916 216.909
5216.094 186.062
5217.273 194.455
5218.452 216.169
5219.631 214.597
5220.810 215.543
5221.989 213.596
5223.167 248.894
5224.346 251.902
5225.525 242.654
5226.704 201.976
5227.883 182.950
5229.061 185.742
5230.240 174.808
5231.419 214.115
5232.598 181.713
5233.777 188.110
5234.956 194.007
5236.134 209.665
5237.313 228.409
5238.492 244.639
5239.671 237.282
5240.850 201.012
5242.028 190.217
5243.207 201.615
5244.386 199.034
5245.565 208.672
5246.744 214.058
5247.923 203.142
5249.101 164.309
5250.280 194.906
5251.459 209.818
5252.638 201.536
5253.817 188.274
5254.995 238.615
5256.174 225.513
5257.353 215.662
5258.532 170.033
5259.711 200.317
5260.890 190.250
5262.068 210.191
5263.247 182.360
5264.426 168.915
5265.605 153.881
5266.784 158.654
5267.962 199.408
5269.141 194.682
5270.320 162.669
5271.499 182.091
5272.678 218.234
5273.857 241.166
5275.035 252.999
5276.214 227.296
5277.393 227.139
5278.572 214.319
5279.751 212.051
5280.929 195.480
5282.108 191.681
5283.287 180.304
5284.466 180.211
5285.645 186.342
5286.824 199.172
5288.002 179.237
5289.181 190.621
5290.360 173.406
5291.539 171.374
5292.718 179.769
5293.896 205.767
5295.075 229.123
5296.254 199.301
5297.433 187.677
5298.612 206.408
5299.790 193.287
5300.969 171.141
5302.148 176.905
5303.327 188.323
5304.506 166.329
5305.685 172.202
5306.863 223.581
5308.042 203.643
5309.221 167.758
5310.400 186.193
5311.579 210.237
5312.757 198.893
5313.936 186.667
5315.115 208.425
5316.294 193.921
5317.473 195.891
5318.652 201.565
5319.830 201.245
5321.009 212.298
5322.188 192.972
5323.367 200.795
5324.546 196.953
5325.724 192.044
5326.903 189.186
5328.082 217.851
5329.261 281.691
5330.440 363.763
5331.619 319.967
5332.797 245.402
5333.976 190.089
5335.155 215.070
5336.334 215.905
5337.513 195.848
5338.691 204.526
5339.870 177.240
5341.049 171.048
5342.228 208.536
5343.407 200.390
5344.586 196.296
5345.764 188.413
5346.943 177.909
5348.122 192.426
5349.301 185.759
5350.480 209.384
5351.658 209.377
5352.837 188.775
5354.016 171.536
5355.195 187.669
5356.374 172.194
5357.553 195.661
5358.731 181.549
5359.910 212.147
5361.089 183.195
5362.268 171.016
5363.447 180.872
5364.625 185.725
5365.804 175.942
5366.983 186.858
5368.162 176.031
5369.341 169.951
5370.520 187.668
5371.698 175.870
5372.877 164.660
5374.056 167.641
5375.235 172.677
5376.414 185.473
5377.592 183.446
5378.771 161.181
5379.950 197.531
5381.129 181.591
5382.308 189.015
5383.487 139.012
5384.665 169.681
5385.844 185.638
5387.023 171.935
5388.202 153.221
5389.381 175.324
5390.559 196.158
5391.738 170.104
5392.917 181.777
5394.096 191.001
5395.275 161.318
5396.454 183.919
5397.632 154.793
5398.811 175.506
5399.990 199.901
5401.169 170.912
5402.348 179.412
5403.526 188.269
5404.705 176.113
5405.884 156.435
5407.063 172.925
5408.242 166.725
5409.421 162.613
5410.599 163.970
5411.778 164.516
5412.957 175.942
5414.136 177.654
5415.315 172.742
5416.493 179.086
5417.672 161.384
5418.851 176.093
5420.030 197.964
5421.209 173.051
5422.388 211.604
5423.566 159.753
5424.745 167.624
5425.924 170.510
5427.103 172.028
5428.282 152.000
5429.460 183.738
5430.639 186.765
5431.818 176.279
5432.997 177.046
5434.176 187.617
5435.355 189.519
5436.533 195.162
5437.712 182.736
5438.891 180.839
5440.070 183.370
5441.249 176.761
5442.427 168.633
5443.606 150.373
5444.785 176.512
5445.964 165.309
5447.143 177.447
5448.322 163.423
5449.500 160.288
5450.679 185.105
5451.858 157.867
5453.037 163.640
5454.216 194.110
5455.394 188.374
5456.573 160.648
5457.752 187.417
5458.931 182.732
5460.110 166.424
5461.288 165.547
5462.467 162.571
5463.646 156.542
5464.825 152.485
5466.004 181.151
5467.183 170.582
5468.361 177.828
5469.540 160.811
5470.719 163.754
5471.898 154.597
5473.077 164.760
5474.255 160.076
5475.434 168.753
5476.613 164.502
5477.792 137.006
5478.971 157.832
5480.150 161.409
5481.328 150.798
5482.507 175.588
5483.686 163.350
5484.865 166.317
5486.044 208.012
5487.222 175.965
5488.401 155.442
5489.580 165.016
5490.759 164.759
5491.938 157.778
5493.117 172.675
5494.295 169.872
5495.474 136.715
5496.653 169.355
5497.832 155.041
5499.011 173.313
5500.189 168.695
5501.368 186.792
5502.547 183.222
5503.726 180.366
5504.905 182.336
5506.084 171.404
5507.262 170.071
5508.441 168.096
5509.620 168.417
5510.799 156.723
5511.978 173.395
5513.156 177.973
5514.335 208.091
5515.514 152.303
5516.693 171.635
5517.872 178.701
5519.051 194.817
5520.229 204.424
5521.408 215.271
5522.587 170.378
5523.766 164.642
5524.945 186.206
5526.123 164.820
5527.302 164.109
5528.481 177.695
5529.660 174.551
5530.839 171.202
5532.018 170.452
5533.196 173.804
5534.375 150.412
5535.554 156.366
5536.733 190.045
5537.912 183.965
5539.090 167.712
5540.269 163.954
5541.448 198.319
5542.627 212.467
5543.806 224.115
5544.985 206.642
5546.163 194.824
5547.342 181.883
5548.521 159.056
5549.700 183.913
5550.879 202.087
5552.057 179.994
5553.236 175.845
5554.415 179.920
5555.594 194.106
5556.773 173.038
5557.952 192.785
5559.130 178.412
5560.309 143.066
5561.488 174.398
5562.667 207.974
5563.846 232.915
5565.024 210.884
5566.203 176.077
5567.382 178.532
5568.561 173.104
5569.740 163.759
5570.919 167.288
5572.097 169.192
5573.276 205.836
5574.455 168.647
5575.634 2457.680
5576.813 8865.248
5577.991 11114.056
5579.170 6738.459
5580.349 1067.109
5581.528 186.536
5582.707 208.861
5583.886 188.099
5585.064 164.541
5586.243 161.022
5587.422 196.566
5588.601 190.905
5589.780 193.179
5590.958 194.629
5592.137 166.200
5593.316 155.367
5594.495 169.540
5595.674 172.337
5596.853 172.600
5598.031 183.149
5599.210 173.642
5600.389 183.535
5601.568 174.441
5602.747 190.662
5603.925 194.365
5605.104 231.270
5606.283 238.790
5607.462 182.034
5608.641 182.732
5609.820 179.777
5610.998 161.804
5612.177 175.366
5613.356 176.992
5614.535 159.531
5615.714 158.411
5616.892 185.402
5618.071 179.585
5619.250 141.527
5620.429 155.489
5621.608 174.378
5622.786 184.611
5623.965 207.461
5625.144 220.411
5626.323 194.622
5627.502 159.620
5628.681 161.146
5629.859 181.449
5631.038 163.228
5632.217 164.030
5633.396 186.159
5634.575 175.447
5635.753 167.013
5636.932 168.597
5638.111 163.828
5639.290 179.615
5640.469 189.830
5641.648 135.274
5642.826 155.648
5644.005 174.401
5645.184 185.928
5646.363 185.577
5647.542 166.098
5648.720 167.834
5649.899 186.082
5651.078 182.693
5652.257 168.195
5653.436 169.688
5654.615 181.276
5655.793 176.909
5656.972 169.863
5658.151 196.049
5659.330 180.183
5660.509 166.446
5661.687 183.608
5662.866 164.478
5664.045 167.747
5665.224 167.036
5666.403 171.715
5667.582 168.317
5668.760 175.705
5669.939 172.952
5671.118 174.281
5672.297 190.173
5673.476 191.721
5674.654 170.948
5675.833 180.809
5677.012 198.909
5678.191 167.469
5679.370 175.350
5680.549 171.315
5681.727 188.441
5682.906 194.041
5684.085 174.843
5685.264 193.995
5686.443 174.615
5687.621 165.846
5688.800 173.011
5689.979 165.287
5691.158 185.779
5692.337 191.852
5693.516 201.187
5694.694 197.330
5695.873 182.985
5697.052 187.016
5698.231 160.696
5699.410 176.686
5700.588 176.372
5701.767 156.318
5702.946 187.254
5704.125 161.000
5705.304 169.836
5706.483 175.673
5707.661 178.811
5708.840 161.666
5710.019 167.179
5711.198 178.124
5712.377 178.071
5713.555 179.023
5714.734 199.506
5715.913 209.637
5717.092 191.580
5718.271 194.096
5719.450 190.092
5720.628 172.699
5721.807 166.700
5722.986 172.123
5724.165 176.624
5725.344 175.618
5726.522 185.400
5727.701 167.168
5728.880 168.336
5730.059 161.671
5731.238 154.337
5732.417 167.114
5733.595 169.912
5734.774 179.869
5735.953 197.870
5737.132 167.145
5738.311 146.272
5739.489 159.173
5740.668 162.779
5741.847 175.435
5743.026 195.166
5744.205 163.935
5745.384 156.136
5746.562 155.928
5747.741 145.351
5748.920 165.077
5750.099 174.565
5751.278 167.431
5752.456 166.001
5753.635 174.781
5754.814 169.793
5755.993 168.910
5757.172 169.053
5758.351 168.406
5759.529 182.389
5760.708 144.398
5761.887 161.811
5763.066 146.533
5764.245 157.462
5765.423 167.309
5766.602 163.938
5767.781 162.467
5768.960 157.366
5770.139 152.964
5771.318 165.847
5772.496 174.340
5773.675 151.736
5774.854 152.056
5776.033 166.292
5777.212 161.582
5778.390 161.530
5779.569 156.093
5780.748 155.721
5781.927 158.893
5783.106 167.016
5784.284 188.682
5785.463 165.578
5786.642 171.934
5787.821 167.646
5789.000 181.794
5790.179 189.247
5791.357 174.854
5792.536 160.189
5793.715 170.202
5794.894 179.141
5796.073 167.712
5797.251 168.385
5798.430 152.462
5799.609 145.606
5800.788 153.032
5801.967 169.436
5803.146 171.542
5804.324 175.399
5805.503 165.216
5806.682 147.673
5807.861 168.242
5809.040 186.050
5810.218 157.834
5811.397 175.452
5812.576 173.250
5813.755 165.855
5814.934 182.980
5816.113 162.361
5817.291 179.841
5818.470 186.828
5819.649 181.502
5820.828 162.847
5822.007 182.617
5823.185 157.189
5824.364 168.002
5825.543 177.657
5826.722 170.808
5827.901 174.539
5829.080 156.807
5830.258 182.077
5831.437 174.966
5832.616 163.748
5833.795 187.988
5834.974 175.792
5836.152 169.293
5837.331 162.807
5838.510 163.599
5839.689 181.633
5840.868 156.266
5842.047 162.906
5843.225 148.817
5844.404 174.217
5845.583 186.457
5846.762 175.739
5847.941 178.961
5849.119 159.773
5850.298 151.928
5851.477 170.309
5852.656 181.531
5853.835 158.536
5855.014 143.034
5856.192 173.655
5857.371 167.244
5858.550 152.992
5859.729 166.391
5860.908 155.618
5862.086 174.484
5863.265 160.492
5864.444 229.427
5865.623 262.125
5866.802 306.119
5867.981 307.695
5869.159 239.818
5870.338 196.145
5871.517 194.363
5872.696 198.614
5873.875 210.472
5875.053 206.284
5876.232 208.544
5877.411 373.461
5878.590 651.413
5879.769 696.099
5880.948 435.214
5882.126 232.803
5883.305 187.050
5884.484 173.899
5885.663 198.827
5886.842 263.968
5888.020 636.070
5889.199 1209.243
5890.378 1354.600
5891.557 862.987
5892.736 355.223
5893.915 390.143
5895.093 727.968
5896.272 861.894
5897.451 603.143
5898.630 283.985
5899.809 191.092
5900.987 157.708
5902.166 173.699
5903.345 181.126
5904.524 180.366
5905.703 194.642
5906.882 218.865
5908.060 205.831
5909.239 170.650
5910.418 168.583
5911.597 177.320
5912.776 185.525
5913.954 231.532
5915.133 302.626
5916.312 305.196
5917.491 194.816
5918.670 167.626
5919.849 178.993
5921.027 198.391
5922.206 150.558
5923.385 199.297
5924.564 229.150
5925.743 209.834
5926.921 188.986
5928.100 186.574
5929.279 178.641
5930.458 193.145
5931.637 271.594
5932.815 323.981
5933.994 286.342
5935.173 206.916
5936.352 189.028
5937.531 170.463
5938.710 169.638
5939.888 175.950
5941.067 167.868
5942.246 176.675
5943.425 164.433
5944.604 186.811
5945.782 230.459
5946.961 216.876
5948.140 177.340
5949.319 158.699
5950.498 157.398
5951.677 190.682
5952.855 257.090
5954.034 256.089
5955.213 237.234
5956.392 177.064
5957.571 182.212
5958.749 205.174
5959.928 190.562
5961.107 175.824
5962.286 182.535
5963.465 170.625
5964.644 155.877
5965.822 159.208
5967.001 155.243
5968.180 172.049
5969.359 186.179
5970.538 184.134
5971.716 190.284
5972.895 190.727
5974.074 190.688
