5329.969 1711.925
5331.022 1778.652
5332.075 1387.625
5333.128 1284.403
5334.181 1227.647
5335.234 1200.135
5336.287 1144.730
5337.340 1215.994
5338.393 1347.991
5339.446 1213.353
5340.499 1134.208
5341.552 1058.117
5342.605 1169.830
5343.658 1116.947
5344.711 1141.087
5345.764 1178.391
5346.817 1093.817
5347.870 1034.906
5348.923 1034.531
5349.976 1275.169
5351.029 1059.651
5352.082 1066.420
5353.135 1206.794
5354.188 1109.490
5355.241 1148.949
5356.294 1186.932
5357.347 1173.738
5358.400 1179.459
5359.453 1077.509
5360.506 1176.798
5361.559 1208.513
5362.612 1132.371
5363.665 1126.885
5364.718 1198.121
5365.771 954.181
5366.824 1251.245
5367.877 1094.823
5368.930 1140.321
5369.983 1061.236
5371.036 1087.761
5372.089 1058.188
5373.142 1029.552
5374.195 1162.613
5375.248 1132.928
5376.301 1117.397
5377.354 1128.146
5378.407 1184.777
5379.460 1165.391
5380.513 1157.909
5381.566 988.058
5382.619 1098.788
5383.672 1064.734
5384.725 1015.745
5385.778 1082.734
5386.831 1138.483
5387.884 1024.580
5388.937 1028.386
5389.990 1097.784
5391.043 1160.785
5392.097 1056.875
5393.150 861.169
5394.203 1102.519
5395.256 1025.281
5396.309 1135.299
5397.362 1020.801
5398.415 1028.750
5399.468 1031.232
5400.521 1025.925
5401.574 1075.773
5402.627 1101.571
5403.680 1076.276
5404.733 1049.560
5405.786 1133.131
5406.839 1001.226
5407.892 1033.064
5408.945 1103.027
5409.998 1134.444
5411.051 1104.454
5412.104 938.543
5413.157 1111.175
5414.210 1084.676
5415.263 1060.511
5416.316 1004.223
5417.369 1086.334
5418.422 1029.176
5419.475 1078.749
5420.528 1124.119
5421.581 1110.138
5422.634 1091.304
5423.687 1056.293
5424.740 1005.474
5425.793 1068.124
5426.846 998.464
5427.899 1143.460
5428.952 977.720
5430.005 1009.056
5431.058 1088.280
5432.111 1142.880
5433.164 1029.113
5434.217 1075.583
5435.270 1153.211
5436.323 1146.085
5437.376 1183.889
5438.429 975.986
5439.482 1182.139
5440.535 1048.941
5441.588 1088.766
5442.641 1059.924
5443.694 1003.961
5444.747 990.882
5445.800 944.884
5446.853 962.566
5447.906 1040.739
5448.959 1041.973
5450.012 1065.826
5451.065 1054.756
5452.118 947.194
5453.171 1031.553
5454.224 1030.516
5455.277 988.586
5456.330 992.367
5457.383 978.164
5458.436 1127.848
5459.489 1101.881
5460.542 1107.989
5461.595 1121.415
5462.648 950.830
5463.701 963.088
5464.754 974.015
5465.807 958.616
5466.860 932.652
5467.913 973.420
5468.966 1020.161
5470.019 941.038
5471.072 925.039
5472.125 1082.729
5473.178 1101.853
5474.231 1048.592
5475.285 964.706
5476.338 1107.646
5477.391 1067.920
5478.444 982.053
5479.497 971.795
5480.550 986.745
5481.603 960.350
5482.656 983.414
5483.709 965.526
5484.762 974.394
5485.815 982.560
5486.868 886.777
5487.921 974.441
5488.974 947.783
5490.027 1095.578
5491.080 1001.633
5492.133 1051.957
5493.186 1081.072
5494.239 999.190
5495.292 965.808
5496.345 928.458
5497.398 988.299
5498.451 989.157
5499.504 1076.820
5500.557 1009.389
5501.610 1052.550
5502.663 996.141
5503.716 1075.607
5504.769 1047.577
5505.822 980.492
5506.875 912.113
5507.928 897.785
5508.981 949.450
5510.034 1018.780
5511.087 1104.586
5512.140 1091.127
5513.193 1093.200
5514.246 958.152
5515.299 924.828
5516.352 1005.405
5517.405 1047.480
5518.458 941.698
5519.511 1068.376
5520.564 1211.974
5521.617 1271.273
5522.670 1108.872
5523.723 984.732
5524.776 970.830
5525.829 950.561
5526.882 959.149
5527.935 898.193
5528.988 921.135
5530.041 930.457
5531.094 1063.990
5532.147 992.015
5533.200 1006.926
5534.253 921.927
5535.306 1001.322
5536.359 1089.725
5537.412 1058.708
5538.465 929.800
5539.518 1044.410
5540.571 1152.853
5541.624 1297.160
5542.677 1275.019
5543.730 1242.581
5544.783 1230.354
5545.836 1099.677
5546.889 998.520
5547.942 1052.666
5548.995 957.454
5550.048 969.288
5551.101 1098.418
5552.154 1037.402
5553.207 1047.239
5554.260 1067.269
5555.313 978.269
5556.366 993.135
5557.419 926.260
5558.473 956.482
5559.526 1094.909
5560.579 1101.295
5561.632 1065.393
5562.685 1183.754
5563.738 1169.063
5564.791 1225.507
5565.844 1022.917
5566.897 880.889
5567.950 958.512
5569.003 1070.040
5570.056 1083.040
5571.109 1085.529
5572.162 1023.763
5573.215 946.615
5574.268 1254.470
5575.321 2796.354
5576.374 27205.351
5577.427 53283.789
5578.480 40984.288
5579.533 6069.060
5580.586 1195.962
5581.639 1069.446
5582.692 1060.908
5583.745 914.529
5584.798 947.762
5585.851 974.779
5586.904 1025.202
5587.957 947.141
5589.010 1235.030
5590.063 1104.401
5591.116 910.621
5592.169 960.744
5593.222 856.007
5594.275 937.125
5595.328 900.913
5596.381 966.294
5597.434 1025.576
5598.487 1059.775
5599.540 1075.181
5600.593 896.965
5601.646 930.287
5602.699 946.105
5603.752 1048.726
5604.805 1181.849
5605.858 1240.212
5606.911 1151.240
5607.964 986.007
5609.017 1008.007
5610.070 984.485
5611.123 952.387
5612.176 976.264
5613.229 949.167
5614.282 859.465
5615.335 995.228
5616.388 1044.236
5617.441 1055.070
5618.494 1007.689
5619.547 983.685
5620.600 981.554
5621.653 903.145
5622.706 1137.234
5623.759 1017.775
5624.812 1152.253
5625.865 1102.674
5626.918 769.357
5627.971 986.579
5629.024 875.968
5630.077 934.067
5631.130 884.395
5632.183 1001.100
5633.236 972.654
5634.289 888.532
5635.342 904.746
5636.395 919.596
5637.448 901.232
5638.501 951.852
5639.554 941.837
5640.608 962.220
5641.661 918.636
5642.714 892.771
5643.767 1069.556
5644.820 1121.952
5645.873 1081.326
5646.926 1032.585
5647.979 916.410
5649.032 982.455
5650.085 973.698
5651.138 965.331
5652.191 1055.456
5653.244 949.437
5654.297 893.165
5655.350 911.332
5656.403 870.532
5657.456 957.706
5658.509 967.466
5659.562 798.120
5660.615 933.113
5661.668 883.936
5662.721 901.754
5663.774 904.985
5664.827 1027.711
5665.880 1007.641
5666.933 1009.954
5667.986 937.178
5669.039 965.322
5670.092 935.864
5671.145 919.821
5672.198 954.599
5673.251 954.461
5674.304 970.122
5675.357 1001.797
5676.410 1046.436
5677.463 951.187
5678.516 760.767
5679.569 999.182
5680.622 1001.147
5681.675 995.142
5682.728 961.807
5683.781 1040.622
5684.834 936.512
5685.887 1003.217
5686.940 1099.996
5687.993 1037.263
5689.046 1150.134
5690.099 960.680
5691.152 982.989
5692.205 1102.560
5693.258 1005.263
5694.311 934.385
5695.364 963.234
5696.417 930.551
5697.470 933.343
5698.523 951.400
5699.576 975.283
5700.629 904.016
5701.682 912.529
5702.735 922.338
5703.788 955.384
5704.841 923.211
5705.894 979.381
5706.947 819.241
5708.000 940.951
5709.053 952.296
5710.106 946.993
5711.159 932.026
5712.212 891.563
5713.265 896.513
5714.318 945.759
5715.371 899.954
5716.424 834.230
5717.477 883.213
5718.530 945.449
5719.583 952.906
5720.636 840.721
5721.689 955.999
5722.742 1057.521
5723.796 963.465
5724.849 944.743
5725.902 975.166
5726.955 877.223
5728.008 919.004
5729.061 861.545
5730.114 856.099
5731.167 892.307
5732.220 862.327
5733.273 967.007
5734.326 945.652
5735.379 907.368
5736.432 854.255
5737.485 878.248
5738.538 1011.438
5739.591 984.748
5740.644 897.486
5741.697 953.506
5742.750 952.013
5743.803 964.712
5744.856 938.790
5745.909 928.241
5746.962 867.899
5748.015 1018.854
5749.068 822.980
5750.121 889.437
5751.174 868.876
5752.227 960.341
5753.280 831.627
5754.333 874.356
5755.386 897.238
5756.439 896.383
5757.492 976.416
5758.545 997.470
5759.598 960.394
5760.651 859.183
5761.704 816.394
5762.757 856.973
5763.810 940.048
5764.863 880.035
5765.916 936.559
5766.969 927.845
5768.022 903.428
5769.075 910.933
5770.128 931.215
5771.181 856.643
5772.234 896.994
5773.287 849.964
5774.340 886.763
5775.393 903.178
5776.446 838.238
5777.499 954.942
5778.552 924.771
5779.605 848.380
5780.658 909.708
5781.711 769.537
5782.764 809.028
5783.817 845.746
5784.870 801.700
5785.923 849.917
5786.976 819.417
5788.029 778.146
5789.082 884.523
5790.135 881.451
5791.188 870.300
5792.241 942.545
5793.294 874.260
5794.347 926.828
5795.400 836.972
5796.453 885.008
5797.506 814.961
5798.559 807.480
5799.612 891.273
5800.665 816.687
5801.718 900.145
5802.771 874.084
5803.824 836.955
5804.877 887.835
5805.931 960.128
5806.984 978.954
5808.037 952.783
5809.090 930.006
5810.143 814.584
5811.196 882.874
5812.249 864.405
5813.302 860.524
5814.355 951.725
5815.408 931.636
5816.461 933.470
5817.514 914.103
5818.567 886.337
5819.620 878.767
5820.673 937.010
5821.726 894.610
5822.779 909.623
5823.832 892.184
5824.885 995.164
5825.938 900.524
5826.991 858.651
5828.044 911.465
5829.097 795.804
5830.150 873.069
5831.203 908.900
5832.256 832.367
5833.309 842.133
5834.362 833.262
5835.415 894.914
5836.468 869.345
5837.521 896.275
5838.574 895.577
5839.627 912.098
5840.680 932.770
5841.733 886.920
5842.786 1024.465
5843.839 956.085
5844.892 856.425
5845.945 888.313
5846.998 848.578
5848.051 835.429
5849.104 906.310
5850.157 924.982
5851.210 864.565
5852.263 936.936
5853.316 884.153
5854.369 798.345
5855.422 852.184
5856.475 944.777
5857.528 851.799
5858.581 786.367
5859.634 946.268
5860.687 944.650
5861.740 952.029
5862.793 902.858
5863.846 850.451
5864.899 1078.928
5865.952 1368.668
5867.005 1503.609
5868.058 1401.779
5869.111 1205.289
5870.164 1037.826
5871.217 859.347
5872.270 991.475
5873.323 1056.984
5874.376 943.195
5875.429 970.946
5876.482 1146.578
5877.535 2984.578
5878.588 7951.046
5879.641 9464.205
5880.694 4472.746
5881.747 1257.803
5882.800 891.158
5883.853 842.697
5884.906 929.360
5885.959 951.151
5887.012 1297.866
5888.065 2096.025
5889.119 5184.144
5890.172 6593.444
5891.225 4856.686
5892.278 1152.535
5893.331 1009.906
5894.384 1694.771
5895.437 3955.755
5896.490 4316.211
5897.543 2521.591
5898.596 768.711
5899.649 917.231
5900.702 873.755
5901.755 883.534
5902.808 974.467
5903.861 923.753
5904.914 932.674
5905.967 982.134
5907.020 1009.648
5908.073 931.105
5909.126 939.997
5910.179 820.492
5911.232 886.745
5912.285 903.167
5913.338 921.808
5914.391 1268.714
5915.444 1593.453
5916.497 1337.721
5917.550 1004.116
5918.603 849.030
5919.656 891.009
5920.709 949.183
5921.762 856.136
5922.815 911.916
5923.868 1091.281
5924.921 1128.139
5925.974 964.931
5927.027 851.375
5928.080 880.781
5929.133 974.622
5930.186 887.872
5931.239 1004.177
5932.292 1496.048
5933.345 1682.645
5934.398 1250.578
5935.451 809.848
5936.504 876.380
5937.557 791.031
5938.610 850.010
5939.663 952.359
5940.716 886.774
5941.769 829.881
5942.822 839.703
5943.875 898.361
5944.928 953.129
5945.981 983.597
5947.034 1010.212
5948.087 925.844
5949.140 799.616
5950.193 852.884
5951.246 857.216
5952.299 1120.920
5953.352 1482.079
5954.405 1385.696
5955.458 1035.687
5956.511 862.333
5957.564 941.316
5958.617 906.902
5959.670 951.753
5960.723 885.776
5961.776 881.882
5962.829 894.424
5963.882 877.145
5964.935 890.809
5965.988 846.481
5967.041 864.003
5968.094 865.282
5969.147 826.461
5970.200 995.787
5971.254 986.744
5972.307 801.263
5973.360 889.461
5974.413 822.163
5975.466 879.112
5976.519 1136.627
5977.572 1149.710
5978.625 998.785
5979.678 830.637
5980.731 846.758
5981.784 876.653
5982.837 795.662
5983.890 766.834
5984.943 840.646
5985.996 805.890
5987.049 733.926
5988.102 710.424
5989.155 834.790
5990.208 867.062
5991.261 751.525
5992.314 821.931
5993.367 881.642
5994.420 826.640
5995.473 796.012
5996.526 792.884
5997.579 848.940
5998.632 826.815
5999.685 849.775
6000.738 727.935
6001.791 823.563
6002.844 914.675
6003.897 975.295
6004.950 972.513
6006.003 792.449
6007.056 742.231
6008.109 735.262
6009.162 729.734
6010.215 757.398
6011.268 807.028
6012.321 811.934
6013.374 784.544
6014.427 752.051
6015.480 696.913
6016.533 789.076
6017.586 725.228
6018.639 725.877
6019.692 690.461
6020.745 726.404
6021.798 816.301
6022.851 700.886
6023.904 764.172
6024.957 768.019
6026.010 761.307
6027.063 802.369
6028.116 728.522
6029.169 755.612
6030.222 797.308
6031.275 801.073
6032.328 682.264
6033.381 734.354
6034.434 841.008
6035.487 674.893
6036.540 712.758
6037.593 812.636
6038.646 748.724
6039.699 867.945
6040.752 719.516
6041.805 607.086
6042.858 610.076
6043.911 726.581
6044.964 770.689
6046.017 695.301
6047.070 691.370
6048.123 619.155
6049.176 706.641
6050.229 734.027
6051.282 772.989
6052.335 647.098
6053.388 687.593
6054.442 716.431
6055.495 681.770
6056.548 714.441
6057.601 694.652
6058.654 715.004
6059.707 681.565
6060.760 704.845
6061.813 635.696
6062.866 706.280
6063.919 737.577
6064.972 696.349
6066.025 686.586
6067.078 719.702
6068.131 736.373
6069.184 684.529
6070.237 715.381
6071.290 718.731
6072.343 705.598
6073.396 724.456
6074.449 683.705
6075.502 581.847
6076.555 634.976
6077.608 661.578
6078.661 655.639
6079.714 663.554
6080.767 659.089
6081.820 719.635
6082.873 617.495
6083.926 632.906
6084.979 650.947
6086.032 643.316
6087.085 682.039
6088.138 701.676
6089.191 653.545
6090.244 691.955
6091.297 715.315
6092.350 692.315
6093.403 667.714
6094.456 701.336
6095.509 651.202
6096.562 654.537
6097.615 745.976
6098.668 677.716
6099.721 642.729
6100.774 718.528
6101.827 629.186
6102.880 640.407
6103.933 685.895
6104.986 711.468
6106.039 741.073
6107.092 627.130
6108.145 594.330
6109.198 686.918
6110.251 712.134
6111.304 649.417
6112.357 673.128
6113.410 637.595
6114.463 623.205
6115.516 643.359
6116.569 664.255
6117.622 612.715
6118.675 661.326
6119.728 639.236
6120.781 655.763
6121.834 628.102
6122.887 560.803
6123.940 624.414
6124.993 635.160
6126.046 642.789
6127.099 631.546
6128.152 666.251
6129.205 698.767
6130.258 589.728
6131.311 606.343
6132.364 584.212
6133.417 537.988
6134.470 640.092
6135.523 676.724
6136.577 654.570
6137.630 754.827
6138.683 821.064
6139.736 811.696
6140.789 694.942
6141.842 620.757
6142.895 700.406
6143.948 759.549
6145.001 805.522
6146.054 740.404
6147.107 655.507
6148.160 540.296
6149.213 668.016
6150.266 693.879
6151.319 710.401
6152.372 635.344
6153.425 658.866
6154.478 754.019
6155.531 967.053
6156.584 1229.130
6157.637 1407.384
6158.690 1158.294
6159.743 843.528
6160.796 666.928
6161.849 649.231
6162.902 574.355
6163.955 579.952
6165.008 572.949
6166.061 559.515
6167.114 622.235
6168.167 613.419
6169.220 759.648
6170.273 966.923
6171.326 881.595
6172.379 752.708
6173.432 626.470
6174.485 660.204
6175.538 702.893
6176.591 701.641
6177.644 621.487
6178.697 809.114
6179.750 823.739
6180.803 727.707
6181.856 601.123
6182.909 634.358
6183.962 574.242
6185.015 718.874
6186.068 662.424
6187.121 627.109
6188.174 610.975
6189.227 625.791
6190.280 600.402
6191.333 565.926
6192.386 687.319
6193.439 659.697
6194.492 705.204
6195.545 638.848
6196.598 606.276
6197.651 563.486
6198.704 677.128
6199.757 506.015
6200.810 573.329
6201.863 846.831
6202.916 889.466
6203.969 832.397
6205.022 619.674
6206.075 630.975
6207.128 627.725
6208.181 600.253
6209.234 651.794
6210.287 618.686
6211.340 595.153
6212.393 688.383
6213.446 644.646
6214.499 627.998
6215.552 663.423
6216.605 588.142
6217.658 628.391
6218.711 580.120
6219.765 668.940
6220.818 854.451
6221.871 978.384
6222.924 829.262
6223.977 628.754
6225.030 672.181
6226.083 626.352
6227.136 597.988
6228.189 599.633
6229.242 631.907
6230.295 577.613
6231.348 647.591
6232.401 637.129
6233.454 910.239
6234.507 1317.500
6235.560 1678.471
6236.613 1605.905
6237.666 1103.756
6238.719 764.816
6239.772 738.280
6240.825 952.301
6241.878 909.757
6242.931 866.704
6243.984 852.899
6245.037 754.955
6246.090 618.122
6247.143 612.064
6248.196 630.054
6249.249 671.485
6250.302 591.942
6251.355 610.439
6252.408 572.923
6253.461 637.119
6254.514 662.638
6255.567 737.382
6256.620 1129.336
6257.673 1711.378
6258.726 1607.657
6259.779 889.873
6260.832 615.582
6261.885 614.754
6262.938 678.420
6263.991 784.904
6265.044 965.527
6266.097 955.876
6267.150 762.599
6268.203 697.579
6269.256 724.952
6270.309 646.469
6271.362 622.970
6272.415 616.026
6273.468 625.881
6274.521 706.937
6275.574 780.955
6276.627 761.569
6277.680 698.303
6278.733 658.373
6279.786 603.710
6280.839 566.930
6281.892 588.630
6282.945 648.808
6283.998 632.191
6285.051 600.712
6286.104 987.866
6287.157 1429.106
6288.210 1396.208
6289.263 985.684
6290.316 721.708
6291.369 645.820
6292.422 581.966
6293.475 579.756
6294.528 685.963
6295.581 572.963
6296.634 1160.280
6297.687 966.171
6298.740 13408.763
6299.793 42780.336
6300.846 53502.579
6301.899 25576.409
6302.953 1706.638
6304.006 2301.418
6305.059 1378.784
6306.112 1564.984
6307.165 1835.203
6308.218 1307.552
6309.271 678.627
6310.324 609.337
6311.377 633.055
6312.430 622.287
6313.483 657.723
6314.536 967.468
6315.589 1362.143
6316.642 1307.869
6317.695 822.683
6318.748 566.883
6319.801 762.591
6320.854 916.250
6321.907 933.199
6322.960 835.250
6324.013 556.271
6325.066 655.225
6326.119 690.502
6327.172 596.311
6328.225 797.093
6329.278 1370.646
6330.331 1521.617
6331.384 1161.426
6332.437 640.811
6333.490 609.554
6334.543 620.134
6335.596 595.258
6336.649 639.427
6337.702 605.554
6338.755 513.020
6339.808 598.590
6340.861 648.257
6341.914 688.265
6342.967 638.304
6344.020 628.392
6345.073 607.769
6346.126 590.150
6347.179 659.098
6348.232 780.260
6349.285 834.321
6350.338 619.710
6351.391 588.703
6352.444 627.179
6353.497 557.678
6354.550 665.381
6355.603 1011.316
6356.656 1218.790
6357.709 930.227
6358.762 621.488
6359.815 573.852
6360.868 815.762
6361.921 1880.642
6362.974 12703.283
6364.027 17981.259
6365.080 11268.043
6366.133 2495.619
6367.186 699.265
6368.239 975.938
6369.292 601.434
6370.345 543.185
6371.398 576.094
6372.451 565.186
6373.504 599.625
6374.557 553.344
6375.610 599.438
6376.663 590.015
6377.716 591.214
6378.769 689.162
6379.822 720.033
6380.875 630.858
6381.928 552.089
6382.981 628.470
6384.034 646.871
6385.088 707.399
6386.141 829.056
6387.194 816.606
6388.247 656.012
6389.300 519.045
6390.353 575.613
6391.406 594.209
6392.459 654.676
6393.512 617.262
6394.565 536.173
6395.618 557.822
6396.671 607.831
6397.724 556.275
6398.777 491.880
6399.830 504.067
6400.883 541.732
6401.936 561.212
6402.989 550.778
6404.042 565.318
6405.095 514.160
6406.148 513.315
6407.201 550.279
6408.254 519.477
6409.307 534.498
6410.360 541.177
6411.413 512.997
6412.466 551.864
6413.519 608.606
6414.572 684.362
6415.625 503.089
6416.678 558.355
6417.731 540.114
6418.784 609.203
6419.837 660.486
6420.890 648.352
6421.943 550.121
6422.996 545.890
6424.049 464.534
6425.102 497.001
6426.155 577.383
6427.208 558.390
6428.261 528.888
6429.314 507.755
6430.367 528.727
6431.420 522.089
6432.473 588.139
6433.526 567.537
6434.579 573.870
6435.632 550.974
6436.685 568.027
6437.738 509.908
6438.791 490.963
6439.844 566.422
6440.897 544.794
6441.950 482.383
6443.003 495.246
6444.056 555.675
6445.109 552.579
6446.162 532.134
6447.215 517.321
6448.268 515.380
6449.321 533.090
6450.374 562.173
6451.427 558.125
6452.480 588.206
6453.533 678.773
6454.586 717.639
6455.639 757.264
6456.692 641.561
6457.745 624.064
6458.798 549.476
6459.851 585.666
6460.904 483.804
6461.957 628.418
6463.010 690.448
6464.063 854.739
6465.116 1032.142
6466.169 1104.659
6467.222 854.812
6468.276 529.382
6469.329 611.279
6470.382 941.080
6471.435 1096.708
6472.488 849.253
6473.541 568.143
6474.594 503.445
6475.647 501.919
6476.700 554.750
6477.753 731.722
6478.806 681.764
6479.859 557.698
6480.912 507.031
6481.965 510.964
6483.018 511.230
6484.071 511.727
6485.124 507.900
6486.177 510.094
6487.230 493.826
6488.283 478.208
6489.336 519.083
6490.389 550.364
6491.442 498.543
6492.495 475.403
6493.548 496.179
6494.601 498.244
6495.654 507.144
6496.707 605.078
6497.760 1202.720
6498.813 1800.156
6499.866 1344.420
6500.919 679.474
6501.972 562.582
6503.025 554.533
6504.078 726.817
6505.131 866.842
6506.184 797.682
6507.237 612.697
6508.290 536.808
6509.343 513.554
6510.396 507.860
6511.449 424.912
6512.502 471.628
6513.555 549.404
6514.608 654.188
6515.661 537.822
6516.714 579.132
6517.767 461.220
6518.820 502.577
6519.873 489.511
6520.926 532.652
6521.979 678.694
6523.032 835.505
6524.085 630.753
6525.138 547.760
6526.191 594.998
6527.244 554.370
6528.297 545.127
6529.350 528.070
6530.403 510.018
6531.456 739.645
6532.509 1335.573
6533.562 1565.897
6534.615 1004.373
6535.668 583.602
6536.721 529.819
6537.774 477.252
6538.827 552.956
6539.880 551.434
6540.933 544.594
6541.986 585.832
6543.039 730.827
6544.092 871.652
6545.145 794.784
6546.198 567.811
6547.251 550.633
6548.304 567.506
6549.357 583.606
6550.411 747.978
6551.464 1090.524
6552.517 1529.744
6553.570 1759.634
6554.623 1477.791
6555.676 706.994
6556.729 578.387
6557.782 534.878
6558.835 579.294
6559.888 553.499
6560.941 682.662
6561.994 692.225
6563.047 2691.539
6564.100 3487.346
6565.153 52709.683
6566.206 140639.736
6567.259 153984.639
6568.312 61321.586
6569.365 1625.244
6570.418 2011.854
6571.471 672.335
6572.524 745.331
6573.577 591.230
6574.630 575.297
6575.683 744.633
6576.736 1129.301
6577.789 1374.585
6578.842 1052.520
6579.895 596.182
6580.948 555.787
6582.001 598.535
6583.054 621.616
6584.107 686.911
6585.160 1022.750
6586.213 1584.757
6587.266 1987.924
6588.319 1650.560
6589.372 844.471
6590.425 617.446
6591.478 592.196
6592.531 579.483
6593.584 522.069
6594.637 527.387
6595.690 629.637
6596.743 665.834
6597.796 620.454
6598.849 544.550
6599.902 592.662
6600.955 568.770
6602.008 512.226
6603.061 670.323
6604.114 898.538
6605.167 850.184
6606.220 584.326
6607.273 486.850
6608.326 502.107
6609.379 492.670
6610.432 511.327
6611.485 487.392
6612.538 496.318
6613.591 483.130
6614.644 475.731
6615.697 491.413
6616.750 526.872
6617.803 540.779
6618.856 483.037
6619.909 445.832
6620.962 498.619
6622.015 484.210
6623.068 459.168
6624.121 455.329
6625.174 509.023
6626.227 461.890
6627.280 534.671
6628.333 625.127
6629.386 542.602
6630.439 464.461
6631.492 480.071
6632.545 522.421
6633.599 587.016
6634.652 628.306
6635.705 502.650
6636.758 503.073
6637.811 507.579
6638.864 479.414
6639.917 490.326
6640.970 468.920
6642.023 494.720
6643.076 499.703
6644.129 506.038
6645.182 454.864
6646.235 443.152
6647.288 514.419
6648.341 478.844
6649.394 420.351
6650.447 488.028
6651.500 505.179
6652.553 444.817
6653.606 473.057
6654.659 457.589
6655.712 479.493
6656.765 496.328
6657.818 474.863
6658.871 450.182
6659.924 428.912
6660.977 526.940
6662.030 501.793
6663.083 454.028
6664.136 476.370
6665.189 464.074
6666.242 473.262
6667.295 515.972
6668.348 512.790
6669.401 480.706
6670.454 452.271
6671.507 414.907
6672.560 454.375
6673.613 496.254
6674.666 459.469
6675.719 506.478
6676.772 480.841
6677.825 427.714
6678.878 471.280
6679.931 559.868
6680.984 1273.714
6682.037 2095.331
6683.090 1745.704
6684.143 700.622
6685.196 436.881
6686.249 438.018
6687.302 415.784
6688.355 385.287
6689.408 411.959
6690.461 401.808
6691.514 428.784
6692.567 391.522
6693.620 443.208
6694.673 452.187
6695.726 418.142
6696.779 449.496
6697.832 457.656
6698.885 490.607
6699.938 525.375
6700.991 465.581
6702.044 418.731
6703.097 433.117
6704.150 488.592
6705.203 547.957
6706.256 496.156
6707.309 431.929
6708.362 462.122
6709.415 436.337
6710.468 436.036
6711.521 463.572
6712.574 354.471
6713.627 421.407
6714.680 444.808
6715.734 459.694
6716.787 545.943
6717.840 1229.511
6718.893 2741.026
6719.946 4354.345
6720.999 3948.205
6722.052 1733.103
6723.105 577.811
6724.158 482.561
6725.211 460.798
6726.264 459.414
6727.317 411.897
6728.370 437.358
6729.423 488.150
6730.476 477.650
6731.529 637.039
6732.582 1253.894
6733.635 2549.872
6734.688 3447.894
6735.741 2428.916
6736.794 941.323
6737.847 512.838
6738.900 513.812
6739.953 492.925
6741.006 439.347
6742.059 461.598
6743.112 469.015
6744.165 453.050
6745.218 418.607
6746.271 435.004
6747.324 383.852
6748.377 435.673
6749.430 457.886
6750.483 415.278
6751.536 458.123
6752.589 426.356
6753.642 409.511
6754.695 465.084
6755.748 422.318
6756.801 389.661
6757.854 452.515
6758.907 463.398
6759.960 391.600
6761.013 396.576
6762.066 367.891
6763.119 430.080
6764.172 378.723
6765.225 414.446
6766.278 417.761
6767.331 422.053
6768.384 361.916
6769.437 419.903
6770.490 400.242
6771.543 397.346
6772.596 374.165
6773.649 394.937
6774.702 396.586
6775.755 418.435
6776.808 399.669
6777.861 376.735
6778.914 378.671
6779.967 398.258
6781.020 415.961
6782.073 398.893
6783.126 416.202
6784.179 426.239
6785.232 422.390
6786.285 426.666
6787.338 397.537
6788.391 458.183
6789.444 447.281
6790.497 445.654
6791.550 412.505
6792.603 360.688
6793.656 356.095
6794.709 389.091
6795.762 425.992
6796.815 469.568
6797.868 425.536
6798.922 417.597
6799.975 405.238
6801.028 416.453
6802.081 363.693
6803.134 333.866
6804.187 361.973
6805.240 353.554
6806.293 399.389
6807.346 438.519
6808.399 424.433
6809.452 439.503
6810.505 390.514
6811.558 366.413
6812.611 413.515
6813.664 440.764
6814.717 441.289
6815.770 367.638
6816.823 374.471
6817.876 453.849
6818.929 451.578
6819.982 418.249
6821.035 401.028
6822.088 354.299
6823.141 359.968
6824.194 456.401
6825.247 410.509
6826.300 611.071
6827.353 919.530
6828.406 1482.963
6829.459 1874.627
6830.512 1371.112
6831.565 697.028
6832.618 729.261
6833.671 1442.976
6834.724 1715.589
6835.777 1209.171
6836.830 465.263
6837.883 465.930
6838.936 431.134
6839.989 419.205
6841.042 665.495
6842.095 818.928
6843.148 648.991
6844.201 401.286
6845.254 393.461
6846.307 445.796
6847.360 431.421
6848.413 376.100
6849.466 420.457
6850.519 450.766
6851.572 460.345
6852.625 455.606
6853.678 421.242
6854.731 441.806
6855.784 395.427
6856.837 353.398
6857.890 410.718
6858.943 393.631
6859.996 457.656
6861.049 430.975
6862.102 725.891
6863.155 2471.006
6864.208 3135.789
6865.261 1995.954
6866.314 567.465
6867.367 261.481
6868.420 291.429
6869.473 309.930
6870.526 449.190
6871.579 535.925
6872.632 368.032
6873.685 285.687
6874.738 313.797
6875.791 280.241
6876.844 304.919
6877.897 349.622
6878.950 370.989
6880.003 449.474
6881.056 621.559
6882.110 651.814
6883.163 432.837
6884.216 337.201
6885.269 334.151
6886.322 349.369
6887.375 383.773
6888.428 668.678
6889.481 825.662
6890.534 683.227
6891.587 440.526
6892.640 325.228
6893.693 389.148
6894.746 441.061
6895.799 377.383
6896.852 308.052
6897.905 324.872
6898.958 422.209
6900.011 624.485
6901.064 821.238
6902.117 698.276
6903.170 406.667
6904.223 360.550
6905.276 357.759
6906.329 374.415
6907.382 385.200
6908.435 362.962
6909.488 324.364
6910.541 343.275
6911.594 820.910
6912.647 1080.637
6913.700 953.996
6914.753 472.793
6915.806 280.017
6916.859 366.700
6917.912 391.068
6918.965 364.313
6920.018 369.668
6921.071 418.816
6922.124 958.905
6923.177 1859.174
6924.230 1553.517
6925.283 544.320
6926.336 372.510
6927.389 418.005
6928.442 408.644
6929.495 393.656
6930.548 417.483
6931.601 359.327
6932.654 360.603
6933.707 411.497
6934.760 380.611
6935.813 383.685
6936.866 388.198
6937.919 571.470
6938.972 936.183
6940.025 1079.295
6941.078 718.333
6942.131 398.474
6943.184 385.576
6944.237 331.096
6945.290 427.483
6946.343 358.137
6947.396 598.625
6948.449 1753.655
6949.502 2097.177
6950.555 1187.531
6951.608 474.558
6952.661 451.645
6953.714 399.442
6954.767 433.452
6955.820 429.518
6956.873 419.671
6957.926 394.196
6958.979 391.520
6960.032 387.958
6961.085 406.992
6962.138 430.312
6963.191 404.109
6964.245 405.349
6965.298 441.918
6966.351 441.749
6967.404 343.970
6968.457 523.567
6969.510 724.547
6970.563 796.995
6971.616 556.759
6972.669 398.131
6973.722 377.956
6974.775 418.548
6975.828 379.630
6976.881 588.521
6977.934 1151.062
6978.987 1365.835
6980.040 813.080
6981.093 381.040
6982.146 428.107
6983.199 449.459
6984.252 431.704
6985.305 430.003
6986.358 428.319
6987.411 409.439
6988.464 369.563
6989.517 418.412
6990.570 379.313
6991.623 329.803
6992.676 377.303
6993.729 383.756
6994.782 402.103
6995.835 400.614
6996.888 444.442
6997.941 463.833
6998.994 424.559
7000.047 374.273
7001.100 507.319
7002.153 726.099
7003.206 757.342
7004.259 664.747
7005.312 492.552
7006.365 377.474
7007.418 450.215
7008.471 321.974
7009.524 366.317
7010.577 629.231
7011.630 809.047
7012.683 711.201
7013.736 373.116
7014.789 345.841
7015.842 376.574
7016.895 351.646
7017.948 383.314
7019.001 361.088
7020.054 347.179
7021.107 374.917
7022.160 372.608
7023.213 350.556
7024.266 339.429
7025.319 370.185
7026.372 350.249
7027.425 321.204
7028.478 379.991
7029.531 437.512
7030.584 394.511
7031.637 357.240
7032.690 368.858
7033.743 348.503
7034.796 353.894
7035.849 373.201
7036.902 331.621
7037.955 331.453
7039.008 328.848
7040.061 404.869
7041.114 511.805
7042.167 473.385
7043.220 394.549
7044.273 364.903
7045.326 398.834
7046.379 507.608
7047.433 658.556
7048.486 684.017
7049.539 566.194
7050.592 504.422
7051.645 472.324
7052.698 455.113
7053.751 390.965
7054.804 398.900
7055.857 453.562
7056.910 383.283
7057.963 322.483
7059.016 410.803
7060.069 448.365
7061.122 413.875
7062.175 452.572
7063.228 446.114
7064.281 401.279
7065.334 467.391
7066.387 488.333
7067.440 495.699
7068.493 1183.510
7069.546 1538.591
7070.599 1202.129
7071.652 527.905
7072.705 390.440
7073.758 436.163
7074.811 447.073
7075.864 386.457
7076.917 444.260
7077.970 440.448
7079.023 367.145
7080.076 391.632
7081.129 398.858
7082.182 473.674
7083.235 482.830
7084.288 434.297
7085.341 368.182
7086.394 385.683
7087.447 457.834
7088.500 505.115
7089.553 521.572
7090.606 465.070
7091.659 401.941
7092.712 425.062
7093.765 362.013
7094.818 381.442
7095.871 373.579
7096.924 331.575
7097.977 373.067
7099.030 339.942
7100.083 343.706
7101.136 393.243
7102.189 342.674
7103.242 354.754
7104.295 379.689
7105.348 359.162
7106.401 403.977
7107.454 357.435
7108.507 336.697
7109.560 405.462
7110.613 367.230
7111.666 348.607
7112.719 379.083
7113.772 375.438
7114.825 370.715
7115.878 360.372
7116.931 344.628
7117.984 399.365
7119.037 403.161
7120.090 314.838
7121.143 399.153
7122.196 341.813
7123.249 316.008
7124.302 390.169
7125.355 375.170
7126.408 411.339
7127.461 436.338
7128.514 442.324
7129.568 383.778
7130.621 367.327
7131.674 354.108
7132.727 387.988
7133.780 437.565
7134.833 413.062
7135.886 442.439
7136.939 385.999
7137.992 663.067
7139.045 2211.220
7140.098 3429.660
7141.151 2557.568
7142.204 825.335
7143.257 474.068
7144.310 502.981
7145.363 456.674
7146.416 479.417
7147.469 491.180
7148.522 433.811
7149.575 414.753
7150.628 423.326
7151.681 421.933
7152.734 406.308
7153.787 386.077
7154.840 406.649
7155.893 379.478
7156.946 417.747
7157.999 459.852
7159.052 476.235
7160.105 449.573
7161.158 383.273
7162.211 465.970
7163.264 392.128
7164.317 400.153
7165.370 469.491
7166.423 488.999
7167.476 411.742
7168.529 358.044
7169.582 393.073
7170.635 388.975
7171.688 382.653
7172.741 392.744
7173.794 418.632
7174.847 443.426
7175.900 448.679
7176.953 385.188
7178.006 372.720
7179.059 398.142
7180.112 392.873
7181.165 418.377
7182.218 393.012
7183.271 377.256
7184.324 362.723
7185.377 351.152
7186.430 340.138
7187.483 311.684
7188.536 360.248
7189.589 395.998
7190.642 340.414
7191.695 329.618
7192.748 319.091
7193.801 298.306
7194.854 327.844
7195.907 347.422
7196.960 371.262
7198.013 364.674
7199.066 321.603
7200.119 330.164
7201.172 345.450
7202.225 338.396
7203.278 358.925
7204.331 340.692
7205.384 285.311
7206.437 326.939
7207.490 350.280
7208.543 277.336
7209.596 355.618
7210.649 329.072
7211.702 373.618
7212.756 348.307
7213.809 408.604
7214.862 326.028
7215.915 336.835
7216.968 335.409
7218.021 258.421
7219.074 338.277
7220.127 409.158
7221.180 360.116
7222.233 401.788
7223.286 417.173
7224.339 347.638
7225.392 371.258
7226.445 351.889
7227.498 333.011
7228.551 415.015
7229.604 383.711
7230.657 339.208
7231.710 340.095
7232.763 381.120
7233.816 385.631
7234.869 368.172
7235.922 360.665
7236.975 492.114
7238.028 1113.489
7239.081 2241.753
7240.134 3115.057
7241.187 2842.749
7242.240 1622.714
7243.293 1170.094
7244.346 2469.596
7245.399 3218.405
7246.452 2037.925
7247.505 915.473
7248.558 511.153
7249.611 484.575
7250.664 459.658
7251.717 591.695
7252.770 916.990
7253.823 973.555
7254.876 755.271
7255.929 613.837
7256.982 491.706
7258.035 355.048
7259.088 397.586
7260.141 422.637
7261.194 445.178
7262.247 411.487
7263.300 391.996
7264.353 415.704
7265.406 375.429
7266.459 407.760
7267.512 478.302
7268.565 509.474
7269.618 475.367
7270.671 424.433
7271.724 407.946
7272.777 386.063
7273.830 589.429
7274.883 1835.488
7275.936 4524.509
7276.989 4763.170
7278.042 2198.128
7279.095 705.405
7280.148 397.443
7281.201 467.798
7282.254 537.103
7283.307 1262.900
7284.360 2156.913
7285.413 2031.617
7286.466 1159.834
7287.519 538.622
7288.572 395.896
7289.625 386.938
7290.678 457.206
7291.731 454.897
7292.784 439.870
7293.837 514.291
7294.891 830.646
7295.944 1007.277
7296.997 867.489
7298.050 520.778
7299.103 359.677
7300.156 379.671
7301.209 342.146
7302.262 643.114
7303.315 1243.826
7304.368 1260.148
7305.421 773.542
7306.474 500.670
7307.527 437.074
7308.580 374.140
7309.633 398.752
7310.686 461.408
7311.739 423.651
7312.792 426.710
7313.845 320.300
7314.898 1695.686
7315.951 3536.983
7317.004 3508.281
7318.057 1860.676
7319.110 547.360
7320.163 377.334
7321.216 427.271
7322.269 497.071
7323.322 680.284
7324.375 754.562
7325.428 648.069
7326.481 507.853
7327.534 804.949
7328.587 1552.041
7329.640 1812.074
7330.693 1121.742
7331.746 614.754
7332.799 589.962
7333.852 617.753
7334.905 682.819
7335.958 586.519
7337.011 440.581
7338.064 375.292
7339.117 922.403
7340.170 3388.616
7341.223 4412.840
7342.276 2763.627
7343.329 1099.458
7344.382 503.950
7345.435 411.917
7346.488 443.384
7347.541 427.025
7348.594 417.293
7349.647 439.769
7350.700 432.400
7351.753 450.870
7352.806 419.889
7353.859 392.792
7354.912 429.000
7355.965 396.114
7357.018 668.876
7358.071 1339.762
7359.124 1610.292
7360.177 1034.190
7361.230 541.538
7362.283 391.881
7363.336 356.631
7364.389 401.871
7365.442 472.204
7366.495 350.461
7367.548 812.899
7368.601 2531.870
7369.654 3149.620
7370.707 2354.457
7371.760 926.237
7372.813 464.076
7373.866 444.142
7374.919 388.367
7375.972 398.349
7377.025 362.062
7378.079 360.315
7379.132 397.498
7380.185 417.331
7381.238 436.855
7382.291 410.429
7383.344 392.006
7384.397 358.523
7385.450 322.104
7386.503 348.804
7387.556 393.836
7388.609 383.270
7389.662 402.120
7390.715 658.725
7391.768 1015.785
7392.821 1112.894
7393.874 815.449
7394.927 463.506
7395.980 359.636
7397.033 343.509
7398.086 313.765
7399.139 360.753
7400.192 675.420
7401.245 1712.909
7402.298 2061.923
7403.351 1376.346
7404.404 652.449
7405.457 423.612
7406.510 355.705
7407.563 374.407
7408.616 367.793
7409.669 349.458
7410.722 397.889
7411.775 378.480
7412.828 332.284
7413.881 364.841
7414.934 371.987
7415.987 371.981
7417.040 360.191
7418.093 361.704
7419.146 377.482
7420.199 349.303
7421.252 320.910
7422.305 373.517
7423.358 395.789
7424.411 375.104
7425.464 377.987
7426.517 338.839
7427.570 374.558
7428.623 611.865
7429.676 766.288
7430.729 730.353
7431.782 475.157
7432.835 392.414
7433.888 358.976
7434.941 309.749
7435.994 318.819
7437.047 574.745
7438.100 1095.462
7439.153 1146.670
7440.206 722.842
7441.259 467.759
7442.312 386.586
7443.365 354.260
7444.418 348.230
7445.471 347.429
7446.524 367.646
7447.577 317.413
7448.630 304.814
7449.683 325.937
7450.736 375.719
7451.789 377.300
7452.842 327.561
7453.895 346.581
7454.948 344.985
7456.001 306.650
7457.054 310.118
7458.107 337.607
7459.160 352.285
7460.214 412.340
7461.267 396.662
7462.320 429.304
7463.373 489.609
7464.426 431.519
7465.479 475.623
7466.532 614.204
7467.585 627.262
7468.638 548.681
7469.691 496.983
7470.744 524.346
7471.797 604.458
7472.850 802.204
7473.903 970.755
7474.956 946.841
7476.009 792.589
7477.062 491.774
7478.115 474.329
7479.168 478.801
7480.221 478.748
7481.274 478.694
7482.327 478.643
7483.380 478.588
7484.433 478.538
7485.486 478.486
