5329.969 1571.052
5331.022 1382.254
5332.075 1142.566
5333.128 779.684
5334.181 721.341
5335.234 946.510
5336.287 891.492
5337.340 842.301
5338.393 764.232
5339.446 867.359
5340.499 791.114
5341.552 699.669
5342.605 735.467
5343.658 882.188
5344.711 1028.810
5345.764 853.687
5346.817 837.158
5347.870 973.680
5348.923 868.243
5349.976 812.426
5351.029 996.835
5352.082 838.973
5353.135 637.799
5354.188 989.096
5355.241 730.258
5356.294 883.199
5357.347 848.276
5358.400 712.376
5359.453 824.535
5360.506 972.613
5361.559 862.217
5362.612 770.207
5363.665 698.752
5364.718 901.959
5365.771 806.066
5366.824 825.042
5367.877 739.842
5368.930 926.535
5369.983 811.990
5371.036 624.115
5372.089 669.665
5373.142 801.117
5374.195 869.382
5375.248 680.526
5376.301 927.444
5377.354 803.551
5378.407 850.899
5379.460 754.112
5380.513 769.167
5381.566 791.289
5382.619 856.905
5383.672 732.078
5384.725 744.144
5385.778 761.635
5386.831 831.251
5387.884 915.130
5388.937 797.415
5389.990 783.856
5391.043 844.498
5392.097 857.234
5393.150 868.803
5394.203 879.701
5395.256 731.383
5396.309 766.430
5397.362 678.205
5398.415 838.772
5399.468 846.372
5400.521 834.248
5401.574 684.415
5402.627 923.563
5403.680 846.675
5404.733 717.914
5405.786 796.030
5406.839 642.866
5407.892 759.712
5408.945 666.410
5409.998 800.446
5411.051 612.125
5412.104 793.721
5413.157 693.554
5414.210 773.036
5415.263 799.936
5416.316 830.803
5417.369 774.846
5418.422 774.803
5419.475 819.735
5420.528 771.280
5421.581 720.903
5422.634 931.867
5423.687 696.768
5424.740 738.298
5425.793 704.125
5426.846 678.919
5427.899 824.295
5428.952 687.512
5430.005 737.128
5431.058 785.288
5432.111 938.039
5433.164 827.170
5434.217 712.191
5435.270 840.395
5436.323 918.548
5437.376 911.381
5438.429 904.799
5439.482 808.161
5440.535 817.957
5441.588 688.071
5442.641 682.352
5443.694 809.903
5444.747 680.074
5445.800 688.133
5446.853 734.755
5447.906 708.397
5448.959 741.821
5450.012 823.122
5451.065 888.568
5452.118 821.371
5453.171 733.087
5454.224 683.395
5455.277 718.306
5456.330 681.159
5457.383 856.076
5458.436 749.826
5459.489 664.363
5460.542 768.198
5461.595 760.013
5462.648 716.695
5463.701 684.135
5464.754 674.334
5465.807 800.652
5466.860 746.955
5467.913 709.941
5468.966 863.970
5470.019 887.683
5471.072 707.842
5472.125 799.367
5473.178 730.676
5474.231 728.341
5475.285 608.316
5476.338 704.034
5477.391 697.118
5478.444 764.298
5479.497 834.253
5480.550 779.659
5481.603 865.734
5482.656 738.478
5483.709 919.349
5484.762 605.075
5485.815 806.630
5486.868 843.617
5487.921 874.976
5488.974 836.826
5490.027 755.644
5491.080 841.666
5492.133 778.827
5493.186 704.147
5494.239 781.326
5495.292 820.651
5496.345 720.308
5497.398 734.151
5498.451 776.402
5499.504 980.116
5500.557 855.740
5501.610 747.326
5502.663 769.529
5503.716 746.266
5504.769 799.265
5505.822 756.256
5506.875 764.599
5507.928 704.566
5508.981 784.726
5510.034 777.085
5511.087 895.529
5512.140 840.591
5513.193 770.064
5514.246 714.348
5515.299 614.908
5516.352 713.078
5517.405 813.284
5518.458 805.009
5519.511 813.153
5520.564 826.229
5521.617 886.712
5522.670 871.894
5523.723 738.944
5524.776 708.362
5525.829 725.407
5526.882 673.786
5527.935 728.014
5528.988 707.616
5530.041 652.332
5531.094 722.591
5532.147 707.841
5533.200 728.555
5534.253 774.112
5535.306 703.013
5536.359 760.009
5537.412 794.117
5538.465 665.732
5539.518 765.111
5540.571 756.570
5541.624 912.407
5542.677 1003.704
5543.730 905.348
5544.783 924.671
5545.836 956.232
5546.889 813.546
5547.942 707.060
5548.995 779.715
5550.048 735.120
5551.101 851.318
5552.154 722.180
5553.207 806.375
5554.260 680.561
5555.313 829.828
5556.366 697.427
5557.419 714.674
5558.473 744.517
5559.526 696.677
5560.579 700.116
5561.632 747.585
5562.685 856.735
5563.738 988.611
5564.791 951.510
5565.844 833.556
5566.897 775.173
5567.950 792.877
5569.003 918.975
5570.056 883.117
5571.109 775.690
5572.162 711.695
5573.215 688.566
5574.268 1074.581
5575.321 3395.621
5576.374 29558.804
5577.427 53195.371
5578.480 40379.929
5579.533 7830.855
5580.586 498.900
5581.639 964.043
5582.692 749.163
5583.745 832.683
5584.798 717.305
5585.851 699.136
5586.904 687.520
5587.957 753.777
5589.010 990.492
5590.063 884.385
5591.116 812.286
5592.169 716.896
5593.222 683.894
5594.275 730.959
5595.328 706.183
5596.381 812.972
5597.434 763.468
5598.487 862.957
5599.540 779.724
5600.593 777.180
5601.646 732.253
5602.699 616.299
5603.752 725.099
5604.805 1041.872
5605.858 1011.963
5606.911 877.469
5607.964 849.585
5609.017 749.227
5610.070 783.262
5611.123 713.595
5612.176 700.686
5613.229 752.964
5614.282 808.629
5615.335 724.247
5616.388 792.949
5617.441 759.602
5618.494 714.243
5619.547 741.651
5620.600 644.048
5621.653 731.420
5622.706 946.483
5623.759 976.451
5624.812 928.406
5625.865 849.616
5626.918 777.459
5627.971 741.353
5629.024 643.312
5630.077 632.033
5631.130 813.128
5632.183 828.090
5633.236 742.732
5634.289 797.248
5635.342 690.759
5636.395 729.458
5637.448 600.803
5638.501 680.950
5639.554 826.470
5640.608 740.228
5641.661 725.190
5642.714 684.748
5643.767 813.868
5644.820 777.817
5645.873 881.885
5646.926 734.383
5647.979 637.092
5649.032 842.961
5650.085 700.900
5651.138 735.893
5652.191 659.285
5653.244 811.401
5654.297 777.233
5655.350 686.840
5656.403 664.054
5657.456 780.954
5658.509 688.688
5659.562 707.753
5660.615 687.674
5661.668 649.184
5662.721 624.537
5663.774 645.500
5664.827 796.556
5665.880 787.196
5666.933 680.598
5667.986 746.712
5669.039 804.502
5670.092 768.702
5671.145 744.044
5672.198 687.695
5673.251 730.756
5674.304 654.416
5675.357 707.105
5676.410 810.437
5677.463 887.055
5678.516 775.195
5679.569 850.931
5680.622 804.651
5681.675 816.527
5682.728 747.579
5683.781 693.083
5684.834 782.804
5685.887 784.830
5686.940 708.822
5687.993 752.611
5689.046 617.641
5690.099 761.016
5691.152 835.762
5692.205 820.438
5693.258 818.308
5694.311 729.870
5695.364 694.878
5696.417 756.872
5697.470 834.948
5698.523 790.768
5699.576 667.102
5700.629 701.976
5701.682 779.318
5702.735 764.378
5703.788 696.116
5704.841 695.924
5705.894 696.566
5706.947 702.852
5708.000 657.907
5709.053 758.529
5710.106 624.222
5711.159 742.096
5712.212 817.828
5713.265 740.487
5714.318 839.984
5715.371 721.764
5716.424 631.543
5717.477 706.448
5718.530 660.771
5719.583 737.565
5720.636 713.345
5721.689 710.064
5722.742 710.807
5723.796 698.610
5724.849 913.180
5725.902 821.364
5726.955 810.198
5728.008 699.667
5729.061 740.910
5730.114 721.876
5731.167 742.853
5732.220 663.485
5733.273 709.624
5734.326 769.699
5735.379 825.798
5736.432 828.031
5737.485 729.958
5738.538 786.823
5739.591 687.265
5740.644 696.064
5741.697 711.727
5742.750 720.960
5743.803 719.612
5744.856 618.590
5745.909 677.268
5746.962 628.729
5748.015 699.732
5749.068 675.261
5750.121 705.750
5751.174 738.450
5752.227 691.083
5753.280 698.518
5754.333 678.710
5755.386 801.884
5756.439 735.916
5757.492 803.419
5758.545 782.070
5759.598 698.711
5760.651 711.872
5761.704 630.969
5762.757 567.502
5763.810 707.191
5764.863 618.471
5765.916 707.002
5766.969 765.741
5768.022 796.007
5769.075 707.121
5770.128 731.519
5771.181 693.582
5772.234 578.624
5773.287 663.777
5774.340 697.136
5775.393 656.893
5776.446 716.930
5777.499 666.885
5778.552 624.435
5779.605 634.973
5780.658 622.606
5781.711 662.523
5782.764 761.389
5783.817 716.361
5784.870 620.026
5785.923 581.222
5786.976 617.582
5788.029 767.504
5789.082 715.880
5790.135 641.035
5791.188 707.673
5792.241 658.250
5793.294 703.922
5794.347 706.873
5795.400 751.684
5796.453 688.605
5797.506 667.120
5798.559 617.849
5799.612 653.487
5800.665 744.289
5801.718 706.647
5802.771 796.008
5803.824 716.633
5804.877 725.183
5805.931 736.561
5806.984 701.826
5808.037 695.393
5809.090 783.017
5810.143 759.146
5811.196 729.537
5812.249 691.268
5813.302 707.617
5814.355 765.934
5815.408 705.028
5816.461 740.541
5817.514 730.415
5818.567 663.910
5819.620 803.410
5820.673 730.904
5821.726 803.684
5822.779 809.467
5823.832 728.907
5824.885 801.724
5825.938 682.213
5826.991 710.629
5828.044 676.411
5829.097 746.412
5830.150 634.736
5831.203 625.539
5832.256 756.462
5833.309 843.203
5834.362 667.501
5835.415 743.757
5836.468 719.104
5837.521 723.297
5838.574 647.767
5839.627 706.201
5840.680 703.965
5841.733 743.831
5842.786 752.287
5843.839 775.900
5844.892 714.729
5845.945 668.679
5846.998 731.047
5848.051 711.244
5849.104 697.388
5850.157 640.357
5851.210 684.212
5852.263 634.543
5853.316 669.009
5854.369 675.721
5855.422 600.207
5856.475 701.218
5857.528 736.748
5858.581 707.360
5859.634 637.238
5860.687 750.247
5861.740 692.421
5862.793 763.357
5863.846 826.678
5864.899 1013.012
5865.952 1202.306
5867.005 1315.970
5868.058 1281.264
5869.111 1225.676
5870.164 828.923
5871.217 735.529
5872.270 831.925
5873.323 855.955
5874.376 845.143
5875.429 868.943
5876.482 773.111
5877.535 1298.867
5878.588 2730.432
5879.641 2993.158
5880.694 1802.514
5881.747 771.704
5882.800 674.177
5883.853 712.495
5884.906 746.415
5885.959 803.231
5887.012 1066.036
5888.065 1939.249
5889.119 5085.533
5890.172 6621.257
5891.225 4864.859
5892.278 1054.758
5893.331 931.566
5894.384 1606.983
5895.437 3932.291
5896.490 4112.678
5897.543 2238.195
5898.596 628.292
5899.649 706.122
5900.702 704.929
5901.755 762.217
5902.808 769.106
5903.861 798.476
5904.914 797.219
5905.967 987.480
5907.020 977.082
5908.073 775.225
5909.126 734.459
5910.179 652.641
5911.232 816.404
5912.285 738.259
5913.338 730.529
5914.391 1163.616
5915.444 1485.386
5916.497 1163.483
5917.550 743.190
5918.603 671.810
5919.656 687.256
5920.709 705.404
5921.762 681.457
5922.815 819.199
5923.868 907.261
5924.921 1055.062
5925.974 869.845
5927.027 753.725
5928.080 789.088
5929.133 814.982
5930.186 716.337
5931.239 885.121
5932.292 1486.307
5933.345 1619.953
5934.398 1173.029
5935.451 709.344
5936.504 729.689
5937.557 722.593
5938.610 762.619
5939.663 653.600
5940.716 669.704
5941.769 757.488
5942.822 793.041
5943.875 663.452
5944.928 774.505
5945.981 965.488
5947.034 854.170
5948.087 726.345
5949.140 700.240
5950.193 709.188
5951.246 636.396
5952.299 931.161
5953.352 1357.411
5954.405 1256.296
5955.458 860.604
5956.511 708.736
5957.564 743.991
5958.617 749.851
5959.670 713.301
5960.723 820.391
5961.776 685.796
5962.829 731.216
5963.882 611.908
5964.935 753.805
5965.988 651.021
5967.041 672.201
5968.094 719.977
5969.147 764.327
5970.200 928.394
5971.254 821.066
5972.307 744.420
5973.360 620.563
5974.413 659.758
5975.466 695.305
5976.519 1110.145
5977.572 1095.535
5978.625 972.483
5979.678 710.151
5980.731 727.359
5981.784 614.746
5982.837 675.802
5983.890 628.041
5984.943 704.799
5985.996 656.921
5987.049 716.232
5988.102 627.760
5989.155 647.006
5990.208 613.578
5991.261 683.381
5992.314 653.197
5993.367 668.879
5994.420 614.035
5995.473 616.715
5996.526 636.823
5997.579 728.575
5998.632 699.656
5999.685 684.683
6000.738 678.580
6001.791 683.777
6002.844 769.914
6003.897 788.820
6004.950 782.107
6006.003 601.598
6007.056 597.327
6008.109 621.516
6009.162 583.237
6010.215 637.022
6011.268 610.361
6012.321 599.923
6013.374 593.162
6014.427 580.749
6015.480 580.799
6016.533 623.348
6017.586 631.895
6018.639 655.342
6019.692 631.961
6020.745 546.187
6021.798 545.457
6022.851 516.561
6023.904 564.028
6024.957 564.254
6026.010 616.683
6027.063 559.803
6028.116 617.097
6029.169 593.462
6030.222 519.928
6031.275 521.253
6032.328 539.954
6033.381 659.496
6034.434 738.095
6035.487 646.907
6036.540 545.165
6037.593 493.216
6038.646 543.233
6039.699 564.514
6040.752 591.124
6041.805 573.745
6042.858 493.364
6043.911 616.481
6044.964 543.139
6046.017 608.566
6047.070 621.432
6048.123 566.855
6049.176 545.507
6050.229 512.675
6051.282 584.476
6052.335 557.985
6053.388 564.381
6054.442 575.866
6055.495 550.711
6056.548 575.227
6057.601 510.045
6058.654 560.692
6059.707 512.914
6060.760 577.559
6061.813 586.059
6062.866 527.841
6063.919 529.094
6064.972 584.063
6066.025 528.565
6067.078 539.002
6068.131 637.427
6069.184 563.954
6070.237 485.496
6071.290 595.789
6072.343 569.947
6073.396 553.347
6074.449 527.430
6075.502 526.505
6076.555 477.358
6077.608 515.756
6078.661 602.558
6079.714 532.780
6080.767 583.253
6081.820 582.302
6082.873 467.164
6083.926 555.639
6084.979 491.910
6086.032 505.824
6087.085 498.239
6088.138 491.223
6089.191 559.338
6090.244 564.065
6091.297 559.369
6092.350 565.247
6093.403 477.567
6094.456 598.175
6095.509 540.455
6096.562 540.090
6097.615 576.839
6098.668 535.302
6099.721 582.274
6100.774 599.083
6101.827 482.937
6102.880 505.591
6103.933 558.707
6104.986 568.420
6106.039 541.464
6107.092 542.359
6108.145 502.794
6109.198 523.444
6110.251 548.041
6111.304 505.253
6112.357 539.547
6113.410 490.703
6114.463 600.334
6115.516 523.159
6116.569 543.027
6117.622 461.189
6118.675 550.966
6119.728 534.795
6120.781 512.633
6121.834 426.383
6122.887 578.631
6123.940 519.084
6124.993 533.160
6126.046 492.217
6127.099 460.506
6128.152 509.139
6129.205 518.974
6130.258 587.542
6131.311 455.955
6132.364 466.655
6133.417 528.482
6134.470 446.327
6135.523 525.666
6136.577 561.092
6137.630 609.948
6138.683 599.276
6139.736 617.828
6140.789 564.230
6141.842 500.474
6142.895 558.577
6143.948 676.547
6145.001 696.982
6146.054 559.119
6147.107 517.003
6148.160 500.201
6149.213 473.370
6150.266 531.773
6151.319 574.617
6152.372 533.470
6153.425 527.441
6154.478 578.787
6155.531 862.968
6156.584 1212.369
6157.637 1412.856
6158.690 1172.573
6159.743 795.943
6160.796 574.741
6161.849 484.302
6162.902 486.143
6163.955 465.241
6165.008 397.822
6166.061 435.155
6167.114 475.545
6168.167 528.932
6169.220 648.441
6170.273 801.592
6171.326 777.126
6172.379 655.026
6173.432 491.248
6174.485 481.613
6175.538 555.718
6176.591 571.698
6177.644 484.339
6178.697 443.831
6179.750 423.963
6180.803 381.524
6181.856 454.976
6182.909 573.853
6183.962 590.339
6185.015 565.091
6186.068 557.847
6187.121 452.910
6188.174 500.660
6189.227 492.718
6190.280 511.331
6191.333 490.348
6192.386 589.361
6193.439 570.911
6194.492 534.060
6195.545 502.004
6196.598 509.122
6197.651 467.498
6198.704 475.411
6199.757 489.245
6200.810 509.730
6201.863 654.103
6202.916 823.070
6203.969 732.582
6205.022 583.399
6206.075 521.302
6207.128 504.357
6208.181 437.529
6209.234 482.771
6210.287 482.083
6211.340 458.362
6212.393 543.326
6213.446 616.206
6214.499 526.426
6215.552 432.706
6216.605 498.388
6217.658 534.054
6218.711 526.107
6219.765 485.333
6220.818 628.250
6221.871 801.351
6222.924 699.119
6223.977 567.279
6225.030 470.724
6226.083 475.435
6227.136 458.406
6228.189 425.042
6229.242 437.463
6230.295 456.851
6231.348 449.785
6232.401 510.507
6233.454 764.451
6234.507 1195.263
6235.560 1569.867
6236.613 1509.232
6237.666 1072.116
6238.719 684.822
6239.772 644.888
6240.825 686.430
6241.878 822.117
6242.931 871.682
6243.984 811.558
6245.037 650.975
6246.090 447.999
6247.143 484.974
6248.196 633.068
6249.249 539.152
6250.302 494.923
6251.355 456.065
6252.408 508.677
6253.461 475.922
6254.514 466.309
6255.567 541.972
6256.620 1008.634
6257.673 1690.080
6258.726 1620.757
6259.779 966.560
6260.832 530.431
6261.885 591.766
6262.938 609.765
6263.991 674.836
6265.044 854.241
6266.097 842.020
6267.150 703.407
6268.203 628.657
6269.256 589.127
6270.309 548.610
6271.362 509.655
6272.415 524.504
6273.468 514.470
6274.521 606.098
6275.574 631.005
6276.627 565.561
6277.680 558.724
6278.733 528.306
6279.786 547.891
6280.839 448.964
6281.892 447.854
6282.945 427.621
6283.998 473.931
6285.051 481.513
6286.104 778.066
6287.157 1460.288
6288.210 1366.974
6289.263 852.907
6290.316 552.823
6291.369 547.484
6292.422 475.578
6293.475 477.682
6294.528 496.763
6295.581 577.566
6296.634 871.149
6297.687 1167.846
6298.740 9883.076
6299.793 46631.246
6300.846 53800.250
6301.899 27847.828
6302.953 1068.965
6304.006 990.708
6305.059 799.656
6306.112 1360.456
6307.165 1714.681
6308.218 1337.923
6309.271 533.611
6310.324 506.648
6311.377 533.510
6312.430 483.931
6313.483 542.030
6314.536 662.971
6315.589 845.150
6316.642 700.673
6317.695 628.523
6318.748 443.428
6319.801 536.910
6320.854 807.209
6321.907 797.099
6322.960 627.620
6324.013 472.340
6325.066 516.883
6326.119 503.624
6327.172 619.431
6328.225 581.506
6329.278 1208.605
6330.331 1522.870
6331.384 931.110
6332.437 434.923
6333.490 476.902
6334.543 490.123
6335.596 508.546
6336.649 452.555
6337.702 460.314
6338.755 471.041
6339.808 509.300
6340.861 532.300
6341.914 546.493
6342.967 531.432
6344.020 499.655
6345.073 497.028
6346.126 479.948
6347.179 551.389
6348.232 712.768
6349.285 709.059
6350.338 537.883
6351.391 468.033
6352.444 506.679
6353.497 492.351
6354.550 519.605
6355.603 887.863
6356.656 1137.156
6357.709 886.000
6358.762 522.116
6359.815 527.028
6360.868 474.733
6361.921 2010.283
6362.974 11781.208
6364.027 19232.918
6365.080 11780.500
6366.133 1975.276
6367.186 457.583
6368.239 630.088
6369.292 486.184
6370.345 372.004
6371.398 414.163
6372.451 496.036
6373.504 509.086
6374.557 446.713
6375.610 505.114
6376.663 476.465
6377.716 449.970
6378.769 506.674
6379.822 616.292
6380.875 542.143
6381.928 518.437
6382.981 478.382
6384.034 474.480
6385.088 548.827
6386.141 649.567
6387.194 750.855
6388.247 467.949
6389.300 395.081
6390.353 511.660
6391.406 409.551
6392.459 414.527
6393.512 470.219
6394.565 377.616
6395.618 452.516
6396.671 431.382
6397.724 454.743
6398.777 412.643
6399.830 405.543
6400.883 484.290
6401.936 407.003
6402.989 395.055
6404.042 450.434
6405.095 471.810
6406.148 382.500
6407.201 450.978
6408.254 397.510
6409.307 386.465
6410.360 392.627
6411.413 370.591
6412.466 449.644
6413.519 479.459
6414.572 540.551
6415.625 407.230
6416.678 371.207
6417.731 463.466
6418.784 373.414
6419.837 487.687
6420.890 543.878
6421.943 464.932
6422.996 425.410
6424.049 434.181
6425.102 394.171
6426.155 437.965
6427.208 400.933
6428.261 390.441
6429.314 437.632
6430.367 373.688
6431.420 345.049
6432.473 380.609
6433.526 394.941
6434.579 414.124
6435.632 431.097
6436.685 452.165
6437.738 395.691
6438.791 369.069
6439.844 343.613
6440.897 391.571
6441.950 375.624
6443.003 366.055
6444.056 319.350
6445.109 417.351
6446.162 380.467
6447.215 376.118
6448.268 329.900
6449.321 399.263
6450.374 377.585
6451.427 444.960
6452.480 486.384
6453.533 490.913
6454.586 549.708
6455.639 617.073
6456.692 537.290
6457.745 474.894
6458.798 492.027
6459.851 432.330
6460.904 361.981
6461.957 422.275
6463.010 574.037
6464.063 699.737
6465.116 925.654
6466.169 891.031
6467.222 727.119
6468.276 405.950
6469.329 468.877
6470.382 837.289
6471.435 956.632
6472.488 611.177
6473.541 422.650
6474.594 358.213
6475.647 361.861
6476.700 399.912
6477.753 538.217
6478.806 512.027
6479.859 368.143
6480.912 355.867
6481.965 349.445
6483.018 340.924
6484.071 409.284
6485.124 392.615
6486.177 345.656
6487.230 399.138
6488.283 361.538
6489.336 340.649
6490.389 383.300
6491.442 334.246
6492.495 394.273
6493.548 403.590
6494.601 417.994
6495.654 358.512
6496.707 486.628
6497.760 1078.780
6498.813 1731.664
6499.866 1396.270
6500.919 532.489
6501.972 411.966
6503.025 420.919
6504.078 595.109
6505.131 739.420
6506.184 665.328
6507.237 324.783
6508.290 374.757
6509.343 368.768
6510.396 369.985
6511.449 367.919
6512.502 438.426
6513.555 474.540
6514.608 476.956
6515.661 408.461
6516.714 389.398
6517.767 371.702
6518.820 402.418
6519.873 342.108
6520.926 444.353
6521.979 666.667
6523.032 656.425
6524.085 482.374
6525.138 384.875
6526.191 405.490
6527.244 350.208
6528.297 348.494
6529.350 390.570
6530.403 366.149
6531.456 576.710
6532.509 1089.462
6533.562 1391.570
6534.615 928.978
6535.668 364.543
6536.721 351.791
6537.774 328.384
6538.827 373.926
6539.880 372.545
6540.933 396.168
6541.986 408.330
6543.039 566.435
6544.092 749.315
6545.145 686.801
6546.198 441.282
6547.251 410.397
6548.304 331.774
6549.357 410.107
6550.411 469.649
6551.464 561.953
6552.517 1110.879
6553.570 1616.660
6554.623 1349.241
6555.676 576.793
6556.729 393.893
6557.782 370.641
6558.835 359.865
6559.888 292.115
6560.941 411.928
6561.994 613.195
6563.047 1093.315
6564.100 1560.210
6565.153 15685.821
6566.206 39627.739
6567.259 42403.273
6568.312 18076.152
6569.365 1733.488
6570.418 899.440
6571.471 429.504
6572.524 416.043
6573.577 346.844
6574.630 291.830
6575.683 523.022
6576.736 992.596
6577.789 1139.077
6578.842 769.314
6579.895 404.683
6580.948 364.495
6582.001 316.335
6583.054 378.005
6584.107 412.894
6585.160 530.297
6586.213 778.184
6587.266 1039.271
6588.319 843.609
6589.372 515.162
6590.425 351.476
6591.478 424.370
6592.531 326.805
6593.584 294.495
6594.637 408.595
6595.690 485.704
6596.743 472.708
6597.796 439.965
6598.849 347.552
6599.902 280.194
6600.955 340.181
6602.008 306.930
6603.061 536.105
6604.114 783.387
6605.167 712.827
6606.220 438.391
6607.273 310.090
6608.326 316.487
6609.379 362.936
6610.432 388.694
6611.485 321.031
6612.538 377.518
6613.591 351.991
6614.644 326.443
6615.697 295.927
6616.750 292.985
6617.803 305.475
6618.856 295.301
6619.909 309.157
6620.962 376.424
6622.015 336.893
6623.068 388.960
6624.121 377.008
6625.174 341.373
6626.227 236.037
6627.280 458.372
6628.333 474.017
6629.386 356.672
6630.439 346.488
6631.492 326.005
6632.545 364.228
6633.599 430.826
6634.652 519.702
6635.705 439.283
6636.758 324.861
6637.811 343.676
6638.864 379.476
6639.917 347.647
6640.970 316.970
6642.023 357.528
6643.076 362.787
6644.129 337.713
6645.182 335.813
6646.235 355.370
6647.288 348.909
6648.341 320.349
6649.394 318.663
6650.447 356.449
6651.500 357.349
6652.553 338.476
6653.606 320.265
6654.659 331.660
6655.712 329.837
6656.765 348.883
6657.818 397.855
6658.871 399.584
6659.924 323.224
6660.977 373.350
6662.030 368.019
6663.083 352.392
6664.136 306.620
6665.189 351.276
6666.242 364.458
6667.295 386.278
6668.348 333.972
6669.401 321.685
6670.454 336.942
6671.507 300.031
6672.560 362.765
6673.613 395.375
6674.666 332.931
6675.719 287.748
6676.772 325.465
6677.825 367.071
6678.878 353.096
6679.931 384.615
6680.984 541.307
6682.037 846.328
6683.090 681.607
6684.143 442.107
6685.196 355.959
6686.249 347.716
6687.302 350.006
6688.355 368.186
6689.408 326.953
6690.461 313.973
6691.514 346.557
6692.567 301.021
6693.620 278.771
6694.673 321.839
6695.726 338.832
6696.779 348.358
6697.832 331.037
6698.885 402.695
6699.938 405.127
6700.991 390.812
6702.044 374.982
6703.097 307.641
6704.150 345.089
6705.203 349.918
6706.256 353.843
6707.309 360.049
6708.362 306.003
6709.415 321.050
6710.468 425.940
6711.521 383.799
6712.574 311.244
6713.627 319.448
6714.680 313.623
6715.734 330.098
6716.787 299.115
6717.840 589.345
6718.893 1122.183
6719.946 1855.903
6720.999 1717.942
6722.052 917.686
6723.105 473.284
6724.158 330.935
6725.211 341.639
6726.264 327.307
6727.317 308.379
6728.370 349.484
6729.423 286.994
6730.476 296.350
6731.529 400.734
6732.582 533.224
6733.635 1042.705
6734.688 1353.213
6735.741 1095.863
6736.794 643.239
6737.847 392.038
6738.900 354.003
6739.953 343.765
6741.006 294.790
6742.059 302.251
6743.112 283.967
6744.165 296.857
6745.218 388.091
6746.271 300.647
6747.324 327.393
6748.377 358.611
6749.430 310.161
6750.483 339.094
6751.536 345.187
6752.589 312.354
6753.642 306.512
6754.695 299.166
6755.748 291.424
6756.801 306.053
6757.854 324.532
6758.907 322.474
6759.960 288.492
6761.013 283.118
6762.066 307.372
6763.119 321.984
6764.172 338.100
6765.225 324.970
6766.278 282.570
6767.331 347.275
6768.384 280.999
6769.437 316.903
6770.490 332.421
6771.543 303.933
6772.596 355.776
6773.649 316.304
6774.702 308.006
6775.755 330.470
6776.808 291.822
6777.861 310.500
6778.914 343.212
6779.967 316.167
6781.020 366.711
6782.073 308.535
6783.126 316.101
6784.179 362.424
6785.232 334.394
6786.285 354.229
6787.338 379.845
6788.391 343.853
6789.444 311.124
6790.497 296.485
6791.550 336.553
6792.603 317.146
6793.656 325.959
6794.709 310.045
6795.762 274.148
6796.815 251.498
6797.868 318.583
6798.922 328.288
6799.975 328.107
6801.028 335.356
6802.081 319.550
6803.134 307.126
6804.187 293.430
6805.240 306.585
6806.293 303.418
6807.346 301.753
6808.399 306.138
6809.452 326.026
6810.505 302.774
6811.558 326.145
6812.611 314.601
6813.664 289.150
6814.717 268.361
6815.770 288.807
6816.823 339.580
6817.876 322.652
6818.929 312.551
6819.982 270.973
6821.035 328.040
6822.088 361.960
6823.141 294.279
6824.194 330.269
6825.247 294.840
6826.300 480.247
6827.353 820.566
6828.406 1426.102
6829.459 1669.117
6830.512 1340.422
6831.565 648.013
6832.618 602.041
6833.671 1387.108
6834.724 1762.037
6835.777 1078.244
6836.830 414.681
6837.883 325.615
6838.936 315.753
6839.989 386.330
6841.042 546.299
6842.095 687.016
6843.148 597.701
6844.201 353.520
6845.254 279.306
6846.307 262.565
6847.360 266.740
6848.413 314.450
6849.466 358.473
6850.519 338.315
6851.572 339.457
6852.625 310.660
6853.678 222.064
6854.731 312.928
6855.784 313.484
6856.837 329.020
6857.890 331.213
6858.943 289.076
6859.996 340.262
6861.049 366.053
6862.102 742.161
6863.155 2167.752
6864.208 3180.733
6865.261 1973.324
6866.314 439.697
6867.367 259.998
6868.420 202.704
6869.473 265.535
6870.526 386.202
6871.579 490.460
6872.632 297.712
6873.685 219.454
6874.738 239.406
6875.791 213.641
6876.844 204.380
6877.897 224.392
6878.950 276.588
6880.003 416.599
6881.056 592.191
6882.110 553.543
6883.163 357.986
6884.216 268.983
6885.269 234.555
6886.322 192.405
6887.375 328.421
6888.428 554.098
6889.481 748.646
6890.534 630.397
6891.587 319.860
6892.640 226.505
6893.693 283.746
6894.746 330.956
6895.799 299.862
6896.852 246.023
6897.905 286.999
6898.958 276.474
6900.011 560.955
6901.064 786.599
6902.117 599.896
6903.170 322.590
6904.223 223.770
6905.276 295.972
6906.329 288.399
6907.382 253.658
6908.435 252.254
6909.488 241.067
6910.541 338.759
6911.594 665.278
6912.647 1090.614
6913.700 918.153
6914.753 318.191
6915.806 263.612
6916.859 281.610
6917.912 308.116
6918.965 243.422
6920.018 300.166
6921.071 338.909
6922.124 987.926
6923.177 1684.976
6924.230 1457.254
6925.283 574.793
6926.336 247.701
6927.389 280.060
6928.442 299.594
6929.495 316.563
6930.548 309.859
6931.601 325.858
6932.654 303.110
6933.707 320.339
6934.760 271.088
6935.813 286.328
6936.866 263.452
6937.919 407.040
6938.972 848.383
6940.025 956.895
6941.078 661.179
6942.131 268.639
6943.184 286.116
6944.237 317.760
6945.290 309.588
6946.343 296.352
6947.396 553.658
6948.449 1531.917
6949.502 1979.499
6950.555 1151.292
6951.608 373.498
6952.661 278.745
6953.714 319.844
6954.767 319.619
6955.820 266.937
6956.873 289.251
6957.926 306.917
6958.979 347.485
6960.032 299.875
6961.085 284.664
6962.138 272.809
6963.191 290.921
6964.245 282.835
6965.298 275.466
6966.351 319.900
6967.404 311.383
6968.457 410.031
6969.510 672.887
6970.563 749.780
6971.616 480.050
6972.669 278.618
6973.722 323.009
6974.775 325.595
6975.828 308.682
6976.881 518.243
6977.934 1046.314
6978.987 1218.630
6980.040 761.402
6981.093 348.523
6982.146 268.438
6983.199 268.156
6984.252 335.926
6985.305 299.038
6986.358 314.189
6987.411 348.182
6988.464 312.599
6989.517 272.087
6990.570 338.997
6991.623 306.645
6992.676 256.052
6993.729 278.804
6994.782 283.505
6995.835 336.873
6996.888 376.183
6997.941 284.271
6998.994 269.734
7000.047 352.521
7001.100 401.254
7002.153 569.569
7003.206 700.353
7004.259 543.396
7005.312 380.245
7006.365 299.545
7007.418 320.413
7008.471 285.009
7009.524 298.063
7010.577 566.129
7011.630 740.745
7012.683 492.777
7013.736 326.454
7014.789 290.434
7015.842 244.304
7016.895 269.325
7017.948 216.081
7019.001 267.620
7020.054 268.974
7021.107 235.319
7022.160 263.620
7023.213 306.902
7024.266 247.742
7025.319 308.695
7026.372 241.862
7027.425 261.776
7028.478 302.414
7029.531 294.295
7030.584 285.766
7031.637 239.744
7032.690 257.162
7033.743 255.633
7034.796 242.295
7035.849 280.991
7036.902 250.026
7037.955 257.918
7039.008 314.007
7040.061 262.077
7041.114 424.127
7042.167 391.674
7043.220 285.089
7044.273 259.921
7045.326 303.268
7046.379 383.965
7047.433 505.994
7048.486 590.231
7049.539 489.256
7050.592 457.080
7051.645 384.440
7052.698 326.969
7053.751 325.593
7054.804 343.680
7055.857 369.967
7056.910 269.273
7057.963 304.973
7059.016 281.605
7060.069 307.967
7061.122 289.622
7062.175 309.314
7063.228 363.568
7064.281 341.052
7065.334 318.788
7066.387 357.014
7067.440 370.789
7068.493 520.627
7069.546 604.381
7070.599 505.995
7071.652 399.596
7072.705 341.266
7073.758 314.925
7074.811 291.628
7075.864 308.082
7076.917 285.377
7077.970 322.378
7079.023 341.572
7080.076 280.945
7081.129 294.703
7082.182 452.350
7083.235 398.379
7084.288 316.322
7085.341 281.843
7086.394 334.415
7087.447 393.836
7088.500 445.261
7089.553 447.569
7090.606 349.012
7091.659 313.300
7092.712 324.486
7093.765 267.838
7094.818 280.229
7095.871 272.321
7096.924 290.587
7097.977 299.232
7099.030 218.494
7100.083 273.817
7101.136 324.013
7102.189 262.379
7103.242 283.425
7104.295 288.543
7105.348 270.634
7106.401 258.755
7107.454 291.645
7108.507 304.465
7109.560 257.346
7110.613 278.991
7111.666 328.320
7112.719 306.943
7113.772 306.814
7114.825 270.127
7115.878 279.764
7116.931 296.764
7117.984 274.452
7119.037 268.008
7120.090 220.484
7121.143 288.068
7122.196 262.806
7123.249 255.666
7124.302 264.600
7125.355 268.138
7126.408 308.452
7127.461 310.330
7128.514 321.016
7129.568 303.988
7130.621 284.147
7131.674 323.442
7132.727 334.051
7133.780 332.429
7134.833 306.257
7135.886 252.268
7136.939 247.774
7137.992 485.618
7139.045 873.724
7140.098 1205.110
7141.151 973.670
7142.204 520.016
7143.257 414.272
7144.310 412.826
7145.363 354.155
7146.416 346.006
7147.469 344.687
7148.522 348.487
7149.575 332.268
7150.628 337.967
7151.681 306.354
7152.734 302.191
7153.787 288.097
7154.840 250.610
7155.893 276.937
7156.946 327.351
7157.999 326.569
7159.052 268.014
7160.105 292.824
7161.158 335.564
7162.211 340.158
7163.264 271.287
7164.317 257.802
7165.370 295.175
7166.423 300.967
7167.476 298.964
7168.529 247.015
7169.582 349.512
7170.635 332.535
7171.688 268.417
7172.741 233.491
7173.794 306.499
7174.847 342.624
7175.900 318.884
7176.953 325.539
7178.006 298.421
7179.059 270.767
7180.112 312.212
7181.165 338.691
7182.218 335.734
7183.271 292.434
7184.324 239.882
7185.377 233.215
7186.430 234.623
7187.483 202.352
7188.536 253.351
7189.589 248.600
7190.642 277.531
7191.695 272.797
7192.748 232.787
7193.801 227.571
7194.854 242.660
7195.907 265.612
7196.960 272.064
7198.013 274.428
7199.066 268.167
7200.119 229.484
7201.172 249.654
7202.225 266.549
7203.278 253.990
7204.331 260.047
7205.384 273.518
7206.437 263.859
7207.490 232.352
7208.543 193.941
7209.596 279.738
7210.649 282.246
7211.702 256.347
7212.756 263.980
7213.809 292.214
7214.862 274.367
7215.915 274.866
7216.968 237.460
7218.021 213.699
7219.074 287.919
7220.127 291.378
7221.180 264.336
7222.233 300.140
7223.286 265.391
7224.339 287.203
7225.392 316.401
7226.445 284.007
7227.498 271.823
7228.551 285.228
7229.604 338.900
7230.657 286.510
7231.710 252.941
7232.763 292.270
7233.816 330.539
7234.869 335.723
7235.922 277.462
7236.975 437.322
7238.028 1092.172
7239.081 2048.387
7240.134 2833.766
7241.187 2555.462
7242.240 1608.111
7243.293 1236.974
7244.346 2343.136
7245.399 2864.316
7246.452 2067.867
7247.505 916.459
7248.558 420.739
7249.611 408.041
7250.664 364.582
7251.717 476.816
7252.770 778.431
7253.823 879.329
7254.876 723.467
7255.929 460.121
7256.982 375.430
7258.035 326.958
7259.088 280.862
7260.141 312.762
7261.194 241.420
7262.247 306.107
7263.300 267.059
7264.353 284.117
7265.406 321.944
7266.459 313.379
7267.512 355.736
7268.565 370.196
7269.618 383.384
7270.671 347.229
7271.724 279.603
7272.777 323.651
7273.830 652.045
7274.883 1935.500
7275.936 4215.276
7276.989 4479.616
7278.042 2374.491
7279.095 699.857
7280.148 341.479
7281.201 364.566
7282.254 505.451
7283.307 1113.905
7284.360 1845.710
7285.413 1730.126
7286.466 923.950
7287.519 409.427
7288.572 305.637
7289.625 286.521
7290.678 316.430
7291.731 365.453
7292.784 343.414
7293.837 341.009
7294.891 566.046
7295.944 793.075
7296.997 666.032
7298.050 408.402
7299.103 268.905
7300.156 280.800
7301.209 271.772
7302.262 580.301
7303.315 1116.795
7304.368 1143.377
7305.421 778.351
7306.474 395.179
7307.527 331.307
7308.580 275.615
7309.633 291.499
7310.686 369.210
7311.739 415.712
7312.792 309.430
7313.845 405.359
7314.898 1650.125
7315.951 3306.166
7317.004 3309.444
7318.057 1737.635
7319.110 514.343
7320.163 288.411
7321.216 317.886
7322.269 336.816
7323.322 360.505
7324.375 378.253
7325.428 375.839
7326.481 296.144
7327.534 668.323
7328.587 1366.227
7329.640 1606.014
7330.693 1078.941
7331.746 503.611
7332.799 386.730
7333.852 392.584
7334.905 382.929
7335.958 379.515
7337.011 244.185
7338.064 343.130
7339.117 1096.507
7340.170 3182.547
7341.223 4116.651
7342.276 2830.436
7343.329 997.074
7344.382 346.084
7345.435 315.934
7346.488 323.756
7347.541 322.094
7348.594 301.655
7349.647 296.484
7350.700 323.335
7351.753 389.479
7352.806 353.138
7353.859 250.073
7354.912 320.794
7355.965 319.327
7357.018 625.265
7358.071 1225.028
7359.124 1415.018
7360.177 985.777
7361.230 461.572
7362.283 274.333
7363.336 284.061
7364.389 266.735
7365.442 278.022
7366.495 374.940
7367.548 876.069
7368.601 2256.937
7369.654 3198.171
7370.707 2220.794
7371.760 835.488
7372.813 403.747
7373.866 324.406
7374.919 320.760
7375.972 270.380
7377.025 257.848
7378.079 275.771
7379.132 290.516
7380.185 253.979
7381.238 204.301
7382.291 275.493
7383.344 304.423
7384.397 249.204
7385.450 268.093
7386.503 286.791
7387.556 212.883
7388.609 277.229
7389.662 358.027
7390.715 545.393
7391.768 946.899
7392.821 1003.709
7393.874 700.910
7394.927 400.090
7395.980 292.639
7397.033 267.493
7398.086 206.378
7399.139 263.484
7400.192 714.778
7401.245 1589.293
7402.298 1890.643
7403.351 1324.002
7404.404 629.614
7405.457 338.588
7406.510 217.267
7407.563 218.840
7408.616 223.231
7409.669 239.815
7410.722 272.924
7411.775 312.713
7412.828 296.555
7413.881 265.418
7414.934 273.868
7415.987 261.969
7417.040 270.164
7418.093 252.010
7419.146 247.669
7420.199 289.730
7421.252 203.969
7422.305 266.676
7423.358 247.767
7424.411 262.384
7425.464 244.513
7426.517 211.227
7427.570 263.095
7428.623 437.019
7429.676 648.177
7430.729 632.460
7431.782 396.426
7432.835 310.478
7433.888 196.575
7434.941 138.261
7435.994 275.859
7437.047 542.718
7438.100 933.459
7439.153 1058.258
7440.206 705.932
7441.259 388.512
7442.312 257.500
7443.365 220.615
7444.418 241.733
7445.471 223.966
7446.524 213.273
7447.577 280.681
7448.630 308.848
7449.683 229.471
7450.736 228.741
7451.789 221.736
7452.842 277.313
7453.895 297.533
7454.948 250.048
7456.001 227.784
7457.054 221.657
7458.107 259.178
7459.160 207.797
7460.214 222.167
7461.267 305.631
7462.320 352.393
7463.373 342.630
7464.426 327.869
7465.479 383.082
7466.532 462.551
7467.585 498.502
7468.638 463.414
7469.691 360.714
7470.744 480.974
7471.797 573.238
7472.850 706.294
7473.903 876.514
7474.956 861.891
7476.009 618.401
7477.062 383.229
7478.115 314.025
7479.168 471.040
7480.221 772.150
7481.274 771.999
7482.327 771.836
7483.380 771.690
7484.433 771.525
7485.486 771.371
