5329.969 26144.770
5331.022 26310.136
5332.075 26214.433
5333.128 25465.706
5334.181 25264.348
5335.234 25698.091
5336.287 25596.570
5337.340 25594.738
5338.393 25221.408
5339.446 25646.223
5340.499 24886.947
5341.552 25293.414
5342.605 25610.124
5343.658 25415.435
5344.711 25302.748
5345.764 25268.205
5346.817 25468.561
5347.870 25325.635
5348.923 25393.316
5349.976 24827.173
5351.029 25441.284
5352.082 25118.715
5353.135 25487.229
5354.188 25124.831
5355.241 25005.772
5356.294 24825.639
5357.347 24973.125
5358.400 25207.151
5359.453 24900.458
5360.506 24878.189
5361.559 25175.549
5362.612 24706.921
5363.665 24695.903
5364.718 24515.258
5365.771 24957.015
5366.824 24581.852
5367.877 24967.457
5368.930 24735.625
5369.983 24490.816
5371.036 24814.877
5372.089 24165.050
5373.142 24708.881
5374.195 24824.467
5375.248 24749.136
5376.301 24299.431
5377.354 24439.459
5378.407 24738.651
5379.460 24330.735
5380.513 24836.400
5381.566 24838.211
5382.619 24601.734
5383.672 23916.128
5384.725 24201.618
5385.778 24781.910
5386.831 24180.031
5387.884 23868.244
5388.937 24564.378
5389.990 24418.277
5391.043 24026.045
5392.097 24140.224
5393.150 23827.713
5394.203 23874.168
5395.256 23781.683
5396.309 23565.109
5397.362 23902.916
5398.415 23883.523
5399.468 23589.978
5400.521 23746.415
5401.574 23856.673
5402.627 23564.342
5403.680 23603.020
5404.733 23488.415
5405.786 23328.505
5406.839 23272.587
5407.892 23220.932
5408.945 23424.378
5409.998 23501.606
5411.051 23420.905
5412.104 23806.019
5413.157 23330.508
5414.210 23314.887
5415.263 22911.212
5416.316 23288.847
5417.369 22985.904
5418.422 23101.255
5419.475 23097.866
5420.528 23481.063
5421.581 22803.021
5422.634 23072.230
5423.687 22447.421
5424.740 23095.693
5425.793 23111.995
5426.846 22747.850
5427.899 22803.724
5428.952 22654.150
5430.005 22529.486
5431.058 22394.977
5432.111 22561.835
5433.164 22173.012
5434.217 22820.282
5435.270 22853.185
5436.323 22625.317
5437.376 22527.930
5438.429 22850.883
5439.482 22699.753
5440.535 22388.627
5441.588 22139.854
5442.641 22032.579
5443.694 22410.321
5444.747 22327.425
5445.800 22266.734
5446.853 22219.767
5447.906 22094.421
5448.959 22332.710
5450.012 22362.629
5451.065 22244.273
5452.118 21810.657
5453.171 21775.922
5454.224 21959.060
5455.277 21845.456
5456.330 21621.765
5457.383 21717.618
5458.436 21787.557
5459.489 22030.491
5460.542 22223.624
5461.595 22006.517
5462.648 22086.451
5463.701 21760.472
5464.754 21713.697
5465.807 21993.625
5466.860 21532.796
5467.913 21784.872
5468.966 21885.072
5470.019 21374.378
5471.072 21670.949
5472.125 21416.870
5473.178 21224.570
5474.231 21459.042
5475.285 21501.065
5476.338 21721.475
5477.391 21328.369
5478.444 21076.530
5479.497 21526.723
5480.550 21225.755
5481.603 21350.446
5482.656 21468.525
5483.709 21533.819
5484.762 21670.437
5485.815 21659.484
5486.868 21220.986
5487.921 20941.814
5488.974 21131.122
5490.027 21728.166
5491.080 21217.397
5492.133 21274.996
5493.186 20800.868
5494.239 21030.404
5495.292 20873.435
5496.345 20871.005
5497.398 20978.314
5498.451 21370.712
5499.504 20859.914
5500.557 20788.453
5501.610 20557.482
5502.663 20764.822
5503.716 20997.485
5504.769 20685.815
5505.822 20747.842
5506.875 20994.542
5507.928 20771.484
5508.981 20643.127
5510.034 21033.588
5511.087 20904.754
5512.140 20572.840
5513.193 20812.356
5514.246 20612.140
5515.299 20606.877
5516.352 20601.229
5517.405 20522.640
5518.458 20383.697
5519.511 20406.015
5520.564 20592.064
5521.617 20415.992
5522.670 20889.006
5523.723 20700.964
5524.776 19883.911
5525.829 20499.794
5526.882 20162.043
5527.935 20273.586
5528.988 20419.952
5530.041 19988.200
5531.094 20162.572
5532.147 20505.305
5533.200 20130.016
5534.253 20112.399
5535.306 20427.894
5536.359 20264.968
5537.412 20213.577
5538.465 20049.624
5539.518 20378.836
5540.571 20502.106
5541.624 19995.985
5542.677 20162.058
5543.730 19938.706
5544.783 19923.923
5545.836 20005.753
5546.889 19750.694
5547.942 19489.851
5548.995 20012.215
5550.048 19893.995
5551.101 19543.476
5552.154 19878.217
5553.207 19971.095
5554.260 19984.320
5555.313 20045.637
5556.366 19644.971
5557.419 19549.924
5558.473 19955.487
5559.526 19764.825
5560.579 19712.965
5561.632 20041.505
5562.685 19628.873
5563.738 19675.581
5564.791 19992.298
5565.844 19774.987
5566.897 19320.343
5567.950 19430.856
5569.003 19534.971
5570.056 19408.860
5571.109 19379.190
5572.162 19324.108
5573.215 19489.536
5574.268 19760.092
5575.321 20914.972
5576.374 45584.903
5577.427 71194.877
5578.480 59135.229
5579.533 24274.391
5580.586 19932.343
5581.639 19619.318
5582.692 19484.283
5583.745 19256.641
5584.798 19172.929
5585.851 19258.563
5586.904 19395.307
5587.957 19146.717
5589.010 19453.034
5590.063 19225.464
5591.116 18845.756
5592.169 18977.397
5593.222 19217.886
5594.275 19107.437
5595.328 19065.104
5596.381 19187.754
5597.434 19214.581
5598.487 19218.074
5599.540 19010.229
5600.593 18910.068
5601.646 19143.962
5602.699 19118.441
5603.752 19064.092
5604.805 19093.517
5605.858 19257.640
5606.911 19019.533
5607.964 18959.611
5609.017 18952.549
5610.070 18659.486
5611.123 18743.562
5612.176 18701.113
5613.229 18685.414
5614.282 18710.093
5615.335 18722.957
5616.388 18723.859
5617.441 18817.005
5618.494 18658.079
5619.547 18555.412
5620.600 18860.107
5621.653 18543.329
5622.706 18591.720
5623.759 19129.397
5624.812 18950.118
5625.865 18551.930
5626.918 18478.643
5627.971 18676.734
5629.024 18669.512
5630.077 18538.490
5631.130 18441.467
5632.183 18444.370
5633.236 18417.449
5634.289 18276.666
5635.342 18221.603
5636.395 18405.937
5637.448 18181.285
5638.501 18435.422
5639.554 18617.682
5640.608 18470.943
5641.661 18232.751
5642.714 17912.184
5643.767 18313.914
5644.820 18116.895
5645.873 18294.791
5646.926 18301.463
5647.979 18536.597
5649.032 18581.785
5650.085 18104.633
5651.138 17791.382
5652.191 18216.685
5653.244 18198.342
5654.297 17958.468
5655.350 18176.458
5656.403 18108.803
5657.456 18305.663
5658.509 17994.343
5659.562 18161.494
5660.615 18147.813
5661.668 17962.828
5662.721 18141.629
5663.774 17909.301
5664.827 17939.815
5665.880 17549.273
5666.933 17938.999
5667.986 17876.403
5669.039 18038.146
5670.092 18238.415
5671.145 17943.161
5672.198 17986.373
5673.251 17764.372
5674.304 17690.914
5675.357 17612.366
5676.410 17711.419
5677.463 17944.929
5678.516 17723.533
5679.569 17836.080
5680.622 17767.899
5681.675 17528.232
5682.728 17705.878
5683.781 17587.113
5684.834 17611.100
5685.887 17539.969
5686.940 17617.821
5687.993 17582.798
5689.046 17611.927
5690.099 17545.648
5691.152 17935.596
5692.205 17712.478
5693.258 17619.451
5694.311 17584.643
5695.364 17457.508
5696.417 17807.358
5697.470 17705.062
5698.523 17707.417
5699.576 17534.946
5700.629 17270.052
5701.682 17313.237
5702.735 17405.631
5703.788 17230.806
5704.841 17456.283
5705.894 17492.299
5706.947 17604.926
5708.000 17087.053
5709.053 17411.568
5710.106 17376.400
5711.159 17406.705
5712.212 17115.118
5713.265 17195.936
5714.318 17206.142
5715.371 17212.155
5716.424 17092.574
5717.477 17034.468
5718.530 16968.085
5719.583 16994.126
5720.636 17226.064
5721.689 17021.757
5722.742 17220.890
5723.796 16957.618
5724.849 16925.719
5725.902 16786.200
5726.955 16913.530
5728.008 16946.907
5729.061 16848.374
5730.114 17055.032
5731.167 17065.700
5732.220 16771.955
5733.273 16918.883
5734.326 16728.226
5735.379 16682.900
5736.432 17151.746
5737.485 16936.108
5738.538 16878.792
5739.591 16809.059
5740.644 16953.173
5741.697 16893.558
5742.750 16418.266
5743.803 16342.673
5744.856 16649.906
5745.909 16610.680
5746.962 16546.431
5748.015 16631.615
5749.068 16287.883
5750.121 16532.513
5751.174 16701.401
5752.227 16557.024
5753.280 16560.197
5754.333 16851.790
5755.386 16351.116
5756.439 16531.908
5757.492 16605.464
5758.545 16504.861
5759.598 16372.543
5760.651 16664.729
5761.704 16418.639
5762.757 16294.425
5763.810 16412.566
5764.863 16525.304
5765.916 16363.585
5766.969 16550.367
5768.022 16350.441
5769.075 16284.897
5770.128 16271.012
5771.181 16155.188
5772.234 16311.185
5773.287 16152.611
5774.340 16007.889
5775.393 16405.619
5776.446 16253.610
5777.499 16096.168
5778.552 16071.680
5779.605 16069.897
5780.658 15951.730
5781.711 16035.890
5782.764 15862.218
5783.817 15810.801
5784.870 16058.470
5785.923 16022.463
5786.976 15902.948
5788.029 15900.456
5789.082 15969.177
5790.135 15928.901
5791.188 15823.915
5792.241 15903.512
5793.294 15639.955
5794.347 15586.827
5795.400 15820.111
5796.453 15987.972
5797.506 15796.709
5798.559 15475.503
5799.612 15558.604
5800.665 15845.845
5801.718 15857.572
5802.771 15632.635
5803.824 16041.957
5804.877 15636.083
5805.931 16011.703
5806.984 15627.595
5808.037 15696.300
5809.090 15644.208
5810.143 15606.214
5811.196 15513.857
5812.249 15371.787
5813.302 15826.573
5814.355 15858.506
5815.408 15755.122
5816.461 15788.997
5817.514 15609.511
5818.567 15711.430
5819.620 15587.626
5820.673 15458.481
5821.726 15597.072
5822.779 15480.534
5823.832 15668.486
5824.885 15217.350
5825.938 15563.903
5826.991 15566.951
5828.044 15430.729
5829.097 15209.401
5830.150 15391.559
5831.203 15454.967
5832.256 15419.091
5833.309 15513.759
5834.362 15353.314
5835.415 15204.152
5836.468 15353.003
5837.521 15344.297
5838.574 15506.322
5839.627 15221.573
5840.680 15086.346
5841.733 15100.477
5842.786 15263.283
5843.839 15050.484
5844.892 15203.752
5845.945 14885.376
5846.998 15224.929
5848.051 15358.057
5849.104 15082.268
5850.157 15083.525
5851.210 14834.070
5852.263 14916.320
5853.316 14982.053
5854.369 14769.068
5855.422 14994.302
5856.475 14986.230
5857.528 15218.490
5858.581 14903.922
5859.634 14715.638
5860.687 14999.244
5861.740 14765.339
5862.793 14854.470
5863.846 14841.844
5864.899 15448.883
5865.952 15289.303
5867.005 15237.931
5868.058 15285.812
5869.111 15040.308
5870.164 14839.299
5871.217 14472.661
5872.270 14537.539
5873.323 14900.291
5874.376 14642.391
5875.429 14495.420
5876.482 14836.241
5877.535 16211.014
5878.588 19751.900
5879.641 20253.043
5880.694 16403.153
5881.747 14819.705
5882.800 14518.535
5883.853 14254.440
5884.906 14330.391
5885.959 14488.313
5887.012 14840.606
5888.065 15463.546
5889.119 18404.413
5890.172 19048.231
5891.225 17357.771
5892.278 14170.460
5893.331 14072.466
5894.384 14868.023
5895.437 16740.307
5896.490 16818.250
5897.543 15101.909
5898.596 13944.384
5899.649 14205.016
5900.702 14255.580
5901.755 14220.685
5902.808 14403.830
5903.861 14177.707
5904.914 14314.210
5905.967 14298.224
5907.020 14129.157
5908.073 14227.975
5909.126 13950.555
5910.179 13799.337
5911.232 13974.231
5912.285 13974.290
5913.338 13779.655
5914.391 14221.618
5915.444 14765.422
5916.497 14455.428
5917.550 13971.507
5918.603 13809.566
5919.656 13805.040
5920.709 13746.045
5921.762 13825.031
5922.815 13703.332
5923.868 14018.244
5924.921 13938.690
5925.974 13856.772
5927.027 13679.403
5928.080 13651.244
5929.133 13816.816
5930.186 13757.280
5931.239 14017.369
5932.292 14123.641
5933.345 14229.465
5934.398 14100.893
5935.451 13455.731
5936.504 13605.184
5937.557 13446.437
5938.610 13238.693
5939.663 13387.396
5940.716 13255.564
5941.769 13102.360
5942.822 13366.934
5943.875 13453.642
5944.928 13485.028
5945.981 13589.538
5947.034 13441.368
5948.087 13428.377
5949.140 13314.533
5950.193 13318.430
5951.246 13150.188
5952.299 13549.279
5953.352 13758.452
5954.405 13501.611
5955.458 13292.995
5956.511 13041.824
5957.564 13129.217
5958.617 13216.773
5959.670 13168.845
5960.723 13144.626
5961.776 13101.650
5962.829 13142.158
5963.882 13114.281
5964.935 13023.696
5965.988 13087.245
5967.041 12959.781
5968.094 12900.286
5969.147 13256.561
5970.200 13142.156
5971.254 13043.184
5972.307 12919.307
5973.360 12772.210
5974.413 12725.292
5975.466 12781.192
5976.519 13229.553
5977.572 13230.819
5978.625 13151.349
5979.678 12885.942
5980.731 12731.453
5981.784 12922.895
5982.837 12845.280
5983.890 12540.792
5984.943 12584.188
5985.996 12597.415
5987.049 12712.065
5988.102 12834.135
5989.155 12864.099
5990.208 12845.847
5991.261 12606.783
5992.314 12516.799
5993.367 12728.593
5994.420 12448.935
5995.473 12345.294
5996.526 12477.883
5997.579 12592.409
5998.632 12724.192
5999.685 12453.873
6000.738 12380.673
6001.791 12510.786
6002.844 12580.469
6003.897 12498.991
6004.950 12650.984
6006.003 12665.494
6007.056 12256.050
6008.109 12430.673
6009.162 12525.157
6010.215 12301.396
6011.268 12113.501
6012.321 12163.910
6013.374 12148.499
6014.427 12109.714
6015.480 12096.952
6016.533 12097.551
6017.586 12289.784
6018.639 12325.282
6019.692 12303.011
6020.745 12068.038
6021.798 11961.084
6022.851 12029.572
6023.904 12103.072
6024.957 12062.153
6026.010 11880.755
6027.063 11837.763
6028.116 12131.304
6029.169 12220.222
6030.222 12011.026
6031.275 12023.430
6032.328 11784.583
6033.381 12034.011
6034.434 11912.467
6035.487 11877.310
6036.540 11878.081
6037.593 11889.141
6038.646 11747.903
6039.699 11769.967
6040.752 11787.303
6041.805 11796.447
6042.858 12009.178
6043.911 11749.198
6044.964 11621.285
6046.017 11817.322
6047.070 11702.536
6048.123 11737.177
6049.176 11588.561
6050.229 11718.220
6051.282 11775.782
6052.335 11712.115
6053.388 11612.895
6054.442 11500.121
6055.495 11758.428
6056.548 11633.517
6057.601 11502.586
6058.654 11397.370
6059.707 11551.799
6060.760 11533.573
6061.813 11473.815
6062.866 11577.587
6063.919 11427.705
6064.972 11518.711
6066.025 11584.743
6067.078 11521.115
6068.131 11415.217
6069.184 11559.631
6070.237 11510.294
6071.290 11449.829
6072.343 11339.545
6073.396 11357.084
6074.449 11520.233
6075.502 11291.749
6076.555 11213.060
6077.608 11499.324
6078.661 11349.305
6079.714 11245.720
6080.767 11373.183
6081.820 11365.024
6082.873 11353.876
6083.926 11478.685
6084.979 11218.287
6086.032 11147.853
6087.085 11281.160
6088.138 11428.016
6089.191 11240.501
6090.244 11150.822
6091.297 11391.486
6092.350 11198.991
6093.403 11248.021
6094.456 11193.753
6095.509 11133.493
6096.562 11147.250
6097.615 11178.753
6098.668 11124.389
6099.721 11196.649
6100.774 11174.653
6101.827 11022.919
6102.880 11003.553
6103.933 11063.528
6104.986 11166.463
6106.039 11182.440
6107.092 11161.473
6108.145 11089.164
6109.198 11135.679
6110.251 11008.188
6111.304 10996.201
6112.357 11092.273
6113.410 11068.293
6114.463 10964.519
6115.516 11030.753
6116.569 10850.031
6117.622 10878.623
6118.675 11027.149
6119.728 10869.027
6120.781 10953.432
6121.834 10997.092
6122.887 11030.299
6123.940 10699.197
6124.993 10916.290
6126.046 10837.865
6127.099 10824.478
6128.152 10941.132
6129.205 11001.944
6130.258 10985.791
6131.311 10727.113
6132.364 10914.402
6133.417 10666.141
6134.470 10998.628
6135.523 10777.799
6136.577 10950.510
6137.630 11130.750
6138.683 10772.631
6139.736 10922.521
6140.789 11003.009
6141.842 10588.570
6142.895 10924.915
6143.948 10790.301
6145.001 10622.756
6146.054 10763.268
6147.107 10588.626
6148.160 10702.185
6149.213 10581.913
6150.266 10656.971
6151.319 10821.103
6152.372 10743.110
6153.425 10780.827
6154.478 10762.206
6155.531 10907.281
6156.584 11112.651
6157.637 11494.022
6158.690 10930.530
6159.743 10652.988
6160.796 10729.600
6161.849 10708.614
6162.902 10292.361
6163.955 10257.108
6165.008 10279.803
6166.061 10372.683
6167.114 10481.756
6168.167 10327.877
6169.220 10674.686
6170.273 10898.262
6171.326 10705.226
6172.379 10462.240
6173.432 10334.172
6174.485 10481.012
6175.538 10390.722
6176.591 10271.388
6177.644 10532.853
6178.697 10305.861
6179.750 10682.368
6180.803 10471.329
6181.856 10473.226
6182.909 10274.067
6183.962 10321.878
6185.015 10404.109
6186.068 10308.793
6187.121 10201.380
6188.174 10230.827
6189.227 10257.707
6190.280 10116.479
6191.333 10300.193
6192.386 10199.808
6193.439 10071.837
6194.492 10217.580
6195.545 10127.929
6196.598 10241.411
6197.651 10098.809
6198.704 10151.999
6199.757 10212.428
6200.810 10047.439
6201.863 10285.514
6202.916 10187.301
6203.969 10365.161
6205.022 10144.187
6206.075 10054.844
6207.128 10029.775
6208.181 9977.894
6209.234 10018.298
6210.287 10085.175
6211.340 9934.059
6212.393 10095.218
6213.446 10131.505
6214.499 10119.218
6215.552 9947.293
6216.605 9952.337
6217.658 10019.770
6218.711 9867.576
6219.765 9864.297
6220.818 10088.096
6221.871 10268.767
6222.924 10063.543
6223.977 10075.042
6225.030 9958.751
6226.083 9854.371
6227.136 9762.639
6228.189 9723.708
6229.242 9745.566
6230.295 9781.787
6231.348 9860.755
6232.401 9790.656
6233.454 9996.333
6234.507 10331.678
6235.560 10975.924
6236.613 10910.464
6237.666 10283.961
6238.719 10054.802
6239.772 10013.126
6240.825 10119.940
6241.878 10066.951
6242.931 9985.998
6243.984 9963.652
6245.037 9758.433
6246.090 9628.129
6247.143 9724.030
6248.196 9741.788
6249.249 9761.060
6250.302 9628.968
6251.355 9816.978
6252.408 9633.371
6253.461 9600.345
6254.514 9709.541
6255.567 9555.805
6256.620 9988.236
6257.673 10678.982
6258.726 10720.311
6259.779 9779.259
6260.832 9541.970
6261.885 9741.396
6262.938 9534.363
6263.991 9630.865
6265.044 9972.464
6266.097 9934.296
6267.150 9699.387
6268.203 9689.156
6269.256 9787.108
6270.309 9426.278
6271.362 9298.495
6272.415 9336.529
6273.468 9491.909
6274.521 9456.692
6275.574 9401.145
6276.627 9085.689
6277.680 8613.636
6278.733 8605.272
6279.786 8849.715
6280.839 8898.681
6281.892 8946.219
6282.945 9047.461
6283.998 8972.752
6285.051 9175.063
6286.104 9595.582
6287.157 9943.088
6288.210 10068.189
6289.263 9550.616
6290.316 9083.743
6291.369 9332.693
6292.422 9261.305
6293.475 8988.405
6294.528 9212.948
6295.581 9163.281
6296.634 9788.150
6297.687 9535.339
6298.740 21959.721
6299.793 50566.137
6300.846 60710.954
6301.899 34230.061
6302.953 9700.184
6304.006 10243.928
6305.059 9617.284
6306.112 10031.442
6307.165 10498.340
6308.218 9822.925
6309.271 9243.946
6310.324 8984.967
6311.377 9119.672
6312.430 9219.435
6313.483 9089.414
6314.536 9333.505
6315.589 9746.889
6316.642 9640.661
6317.695 9279.382
6318.748 9150.154
6319.801 9095.460
6320.854 9245.608
6321.907 9384.956
6322.960 9218.167
6324.013 8981.528
6325.066 9009.026
6326.119 8985.954
6327.172 8949.407
6328.225 9197.752
6329.278 9748.466
6330.331 9935.489
6331.384 9428.953
6332.437 8880.957
6333.490 8945.130
6334.543 9005.691
6335.596 9117.686
6336.649 8917.689
6337.702 8848.406
6338.755 8899.486
6339.808 8786.473
6340.861 8867.445
6341.914 8822.419
6342.967 8703.746
6344.020 8826.719
6345.073 8890.673
6346.126 8766.079
6347.179 8819.491
6348.232 8963.429
6349.285 8978.444
6350.338 8805.923
6351.391 8788.809
6352.444 8945.358
6353.497 8733.682
6354.550 8791.873
6355.603 9188.753
6356.656 9278.432
6357.709 9303.959
6358.762 8888.007
6359.815 8727.074
6360.868 8901.166
6361.921 10139.309
6362.974 20694.049
6364.027 25750.556
6365.080 19016.741
6366.133 10401.192
6367.186 8798.733
6368.239 8937.879
6369.292 8801.716
6370.345 8681.613
6371.398 8615.976
6372.451 8574.130
6373.504 8554.985
6374.557 8611.488
6375.610 8591.176
6376.663 8572.685
6377.716 8566.283
6378.769 8575.596
6379.822 8614.135
6380.875 8533.564
6381.928 8570.980
6382.981 8560.464
6384.034 8474.934
6385.088 8679.623
6386.141 8794.874
6387.194 8795.415
6388.247 8571.018
6389.300 8486.985
6390.353 8540.008
6391.406 8384.537
6392.459 8361.871
6393.512 8409.022
6394.565 8561.386
6395.618 8425.414
6396.671 8561.356
6397.724 8511.555
6398.777 8482.929
6399.830 8316.078
6400.883 8286.483
6401.936 8321.740
6402.989 8461.263
6404.042 8419.681
6405.095 8448.840
6406.148 8262.631
6407.201 8431.005
6408.254 8259.462
6409.307 8301.006
6410.360 8352.898
6411.413 8186.940
6412.466 8393.994
6413.519 8526.821
6414.572 8113.218
6415.625 8417.367
6416.678 8296.976
6417.731 8218.858
6418.784 8269.090
6419.837 8487.978
6420.890 8385.907
6421.943 8462.781
6422.996 8379.976
6424.049 8097.921
6425.102 8050.051
6426.155 8294.521
6427.208 8310.056
6428.261 8209.034
6429.314 8033.591
6430.367 8120.239
6431.420 8066.413
6432.473 8028.268
6433.526 8111.293
6434.579 8162.781
6435.632 8179.769
6436.685 8258.961
6437.738 8202.159
6438.791 8077.421
6439.844 8138.835
6440.897 8119.649
6441.950 7999.659
6443.003 8079.069
6444.056 8102.256
6445.109 8032.261
6446.162 8087.797
6447.215 8033.131
6448.268 7915.171
6449.321 7981.085
6450.374 8155.738
6451.427 7985.631
6452.480 8060.569
6453.533 8322.868
6454.586 8338.656
6455.639 8288.819
6456.692 8044.877
6457.745 8148.043
6458.798 7814.705
6459.851 7855.872
6460.904 7958.422
6461.957 7891.609
6463.010 8191.749
6464.063 8177.135
6465.116 8292.631
6466.169 8397.152
6467.222 8098.512
6468.276 8097.740
6469.329 8087.575
6470.382 8279.421
6471.435 8238.233
6472.488 7917.215
6473.541 7699.966
6474.594 7883.632
6475.647 7816.295
6476.700 7750.995
6477.753 7910.185
6478.806 7836.412
6479.859 7853.308
6480.912 7768.354
6481.965 7857.108
6483.018 7798.727
6484.071 7814.801
6485.124 7753.548
6486.177 7682.093
6487.230 7753.633
6488.283 7667.952
6489.336 7648.762
6490.389 7452.663
6491.442 7467.489
6492.495 7657.691
6493.548 7553.368
6494.601 7718.073
6495.654 7687.676
6496.707 7661.022
6497.760 8320.238
6498.813 8779.309
6499.866 8315.294
6500.919 7865.826
6501.972 7708.899
6503.025 7706.525
6504.078 7911.706
6505.131 8020.519
6506.184 7917.375
6507.237 7636.387
6508.290 7438.869
6509.343 7448.674
6510.396 7356.195
6511.449 7599.429
6512.502 7615.553
6513.555 7545.458
6514.608 7472.426
6515.661 7606.104
6516.714 7480.601
6517.767 7349.133
6518.820 7427.255
6519.873 7535.084
6520.926 7591.879
6521.979 7738.942
6523.032 7746.238
6524.085 7561.248
6525.138 7620.980
6526.191 7533.603
6527.244 7469.168
6528.297 7470.994
6529.350 7324.128
6530.403 7451.781
6531.456 7678.509
6532.509 8155.335
6533.562 8467.539
6534.615 7873.467
6535.668 7449.286
6536.721 7380.465
6537.774 7220.035
6538.827 7326.949
6539.880 7401.462
6540.933 7446.289
6541.986 7444.408
6543.039 7511.513
6544.092 7687.823
6545.145 7484.225
6546.198 7474.082
6547.251 7236.186
6548.304 7397.215
6549.357 7282.878
6550.411 7424.649
6551.464 7713.110
6552.517 8200.391
6553.570 8507.154
6554.623 8244.809
6555.676 7501.994
6556.729 7164.024
6557.782 7261.084
6558.835 7083.199
6559.888 7065.968
6560.941 7150.259
6561.994 7375.135
6563.047 9924.193
6564.100 10692.744
6565.153 62851.821
6566.206 149527.987
6567.259 158846.722
6568.312 69987.751
6569.365 12915.929
6570.418 12017.035
6571.471 7995.849
6572.524 7139.624
6573.577 7073.305
6574.630 6963.784
6575.683 7106.487
6576.736 7729.212
6577.789 7907.911
6578.842 7418.077
6579.895 7050.328
6580.948 6951.795
6582.001 6903.345
6583.054 7020.680
6584.107 7232.904
6585.160 7374.784
6586.213 7708.428
6587.266 7994.585
6588.319 7755.979
6589.372 7526.524
6590.425 7373.418
6591.478 7322.427
6592.531 7059.587
6593.584 7097.683
6594.637 7121.082
6595.690 7110.388
6596.743 7190.297
6597.796 7169.526
6598.849 7081.671
6599.902 7005.667
6600.955 7046.145
6602.008 7076.390
6603.061 7209.250
6604.114 7320.886
6605.167 7213.341
6606.220 7152.139
6607.273 6939.919
6608.326 6823.752
6609.379 7056.438
6610.432 6936.831
6611.485 6837.495
6612.538 6913.561
6613.591 6779.342
6614.644 6893.105
6615.697 6854.822
6616.750 6964.634
6617.803 6972.029
6618.856 6844.344
6619.909 7000.064
6620.962 6955.897
6622.015 6975.750
6623.068 6878.828
6624.121 6658.565
6625.174 6854.379
6626.227 6892.519
6627.280 6890.322
6628.333 6818.039
6629.386 6798.531
6630.439 6731.720
6631.492 6806.216
6632.545 6711.058
6633.599 6865.982
6634.652 7040.296
6635.705 6895.718
6636.758 6850.325
6637.811 6830.577
6638.864 6782.415
6639.917 6768.544
6640.970 6716.437
6642.023 6724.390
6643.076 6799.437
6644.129 6844.755
6645.182 6748.054
6646.235 6748.485
6647.288 6757.086
6648.341 6763.655
6649.394 6753.972
6650.447 6712.663
6651.500 6719.584
6652.553 6711.791
6653.606 6778.474
6654.659 6800.925
6655.712 6531.888
6656.765 6674.360
6657.818 6738.810
6658.871 6590.716
6659.924 6661.058
6660.977 6780.414
6662.030 6683.933
6663.083 6713.741
6664.136 6571.083
6665.189 6601.071
6666.242 6705.524
6667.295 6674.567
6668.348 6677.369
6669.401 6681.750
6670.454 6673.727
6671.507 6622.679
6672.560 6562.186
6673.613 6523.464
6674.666 6552.022
6675.719 6605.241
6676.772 6574.482
6677.825 6635.382
6678.878 6577.093
6679.931 6670.267
6680.984 6924.331
6682.037 7100.471
6683.090 6774.931
6684.143 6538.812
6685.196 6467.076
6686.249 6445.301
6687.302 6552.842
6688.355 6474.933
6689.408 6565.975
6690.461 6611.502
6691.514 6571.561
6692.567 6609.318
6693.620 6548.949
6694.673 6446.083
6695.726 6460.467
6696.779 6534.315
6697.832 6583.256
6698.885 6562.039
6699.938 6572.746
6700.991 6466.699
6702.044 6470.566
6703.097 6634.272
6704.150 6450.763
6705.203 6477.810
6706.256 6435.633
6707.309 6415.716
6708.362 6423.147
6709.415 6548.405
6710.468 6527.253
6711.521 6317.936
6712.574 6611.268
6713.627 6529.363
6714.680 6485.313
6715.734 6566.012
6716.787 6698.364
6717.840 7432.091
6718.893 8394.305
6719.946 9054.702
6720.999 8403.049
6722.052 7493.003
6723.105 7439.764
6724.158 7339.818
6725.211 6697.087
6726.264 6344.807
6727.317 6324.761
6728.370 6281.063
6729.423 6368.920
6730.476 6367.679
6731.529 6521.832
6732.582 7334.651
6733.635 8148.047
6734.688 8206.790
6735.741 7426.942
6736.794 7003.003
6737.847 7218.973
6738.900 6797.272
6739.953 6432.268
6741.006 6310.006
6742.059 6184.690
6743.112 6254.717
6744.165 6372.943
6745.218 6191.900
6746.271 6331.772
6747.324 6252.763
6748.377 6272.012
6749.430 6280.198
6750.483 6186.368
6751.536 6228.898
6752.589 6297.128
6753.642 6315.169
6754.695 6317.247
6755.748 6232.732
6756.801 6229.071
6757.854 6322.153
6758.907 6236.845
6759.960 6286.160
6761.013 6278.408
6762.066 6252.603
6763.119 6222.622
6764.172 6195.488
6765.225 6279.835
6766.278 6316.275
6767.331 6207.241
6768.384 6218.512
6769.437 6203.460
6770.490 6190.864
6771.543 6222.541
6772.596 6293.325
6773.649 6313.522
6774.702 6053.240
6775.755 6128.147
6776.808 6234.511
6777.861 6225.018
6778.914 6172.800
6779.967 6170.517
6781.020 6199.477
6782.073 6177.311
6783.126 6219.255
6784.179 6082.162
6785.232 6122.817
6786.285 6104.433
6787.338 6118.450
6788.391 6068.150
6789.444 6050.278
6790.497 6145.209
6791.550 6025.846
6792.603 6238.922
6793.656 6045.003
6794.709 6202.557
6795.762 6073.043
6796.815 6072.329
6797.868 6095.736
6798.922 6062.580
6799.975 6070.603
6801.028 6145.943
6802.081 6117.368
6803.134 6051.740
6804.187 6013.322
6805.240 5980.270
6806.293 5958.331
6807.346 5930.400
6808.399 5962.223
6809.452 5992.074
6810.505 6035.329
6811.558 6052.031
6812.611 6048.032
6813.664 5988.082
6814.717 6098.786
6815.770 5961.242
6816.823 6123.183
6817.876 6107.616
6818.929 5952.022
6819.982 6071.541
6821.035 5902.024
6822.088 5920.110
6823.141 5837.095
6824.194 5919.279
6825.247 6095.325
6826.300 6117.992
6827.353 6441.744
6828.406 7039.134
6829.459 7325.481
6830.512 6884.492
6831.565 6144.621
6832.618 6266.956
6833.671 7066.332
6834.724 7288.308
6835.777 6721.074
6836.830 6031.446
6837.883 5958.397
6838.936 5943.988
6839.989 5975.183
6841.042 6271.258
6842.095 6230.415
6843.148 6098.594
6844.201 5927.080
6845.254 5849.474
6846.307 5917.030
6847.360 5858.249
6848.413 5832.592
6849.466 5887.776
6850.519 5941.863
6851.572 5889.585
6852.625 5879.623
6853.678 5916.129
6854.731 5889.607
6855.784 5989.077
6856.837 5973.355
6857.890 5842.301
6858.943 5774.724
6859.996 5778.349
6861.049 5880.034
6862.102 6180.816
6863.155 7794.476
6864.208 8401.766
6865.261 7356.035
6866.314 5816.085
6867.367 4636.491
6868.420 3627.744
6869.473 3538.315
6870.526 4001.004
6871.579 4172.321
6872.632 4165.387
6873.685 4235.241
6874.738 4291.369
6875.791 4335.095
6876.844 4522.314
6877.897 4728.614
6878.950 4892.282
6880.003 5261.993
6881.056 5716.653
6882.110 5939.860
6883.163 5537.397
6884.216 5306.627
6885.269 5149.216
6886.322 4914.930
6887.375 4910.201
6888.428 5350.427
6889.481 5298.423
6890.534 5183.988
6891.587 5164.781
6892.640 4649.893
6893.693 4650.187
6894.746 5302.814
6895.799 5152.858
6896.852 4619.620
6897.905 4999.946
6898.958 5402.854
6900.011 5176.894
6901.064 5253.049
6902.117 5436.718
6903.170 5294.184
6904.223 4974.747
6905.276 4895.184
6906.329 5314.782
6907.382 5491.380
6908.435 5215.333
6909.488 4873.755
6910.541 5166.795
6911.594 6035.005
6912.647 6076.097
6913.700 5576.684
6914.753 5235.746
6915.806 5393.429
6916.859 5549.243
6917.912 5311.995
6918.965 5118.570
6920.018 5292.417
6921.071 5644.341
6922.124 6180.633
6923.177 6759.376
6924.230 6372.619
6925.283 5506.421
6926.336 5517.451
6927.389 5503.391
6928.442 5451.580
6929.495 5226.216
6930.548 5395.509
6931.601 5583.881
6932.654 5480.889
6933.707 5611.098
6934.760 5447.558
6935.813 5373.148
6936.866 5499.478
6937.919 5584.337
6938.972 5933.305
6940.025 6087.408
6941.078 5620.768
6942.131 5403.916
6943.184 5564.821
6944.237 5477.120
6945.290 5470.612
6946.343 5427.827
6947.396 5590.719
6948.449 6814.559
6949.502 6998.387
6950.555 6270.896
6951.608 5437.185
6952.661 5377.414
6953.714 5447.812
6954.767 5424.309
6955.820 5458.686
6956.873 5325.384
6957.926 5405.388
6958.979 5559.666
6960.032 5389.646
6961.085 5447.737
6962.138 5494.421
6963.191 5312.078
6964.245 5433.336
6965.298 5447.927
6966.351 5504.335
6967.404 5455.179
6968.457 5575.137
6969.510 5786.338
6970.563 5851.168
6971.616 5505.349
6972.669 5404.461
6973.722 5414.958
6974.775 5531.279
6975.828 5364.701
6976.881 5554.072
6977.934 6079.313
6978.987 6284.803
6980.040 5792.478
6981.093 5355.604
6982.146 5458.795
6983.199 5514.700
6984.252 5407.106
6985.305 5355.665
6986.358 5343.966
6987.411 5277.189
6988.464 5315.554
6989.517 5289.962
6990.570 5281.756
6991.623 5337.556
6992.676 5363.785
6993.729 5354.941
6994.782 5250.251
6995.835 5368.948
6996.888 5278.617
6997.941 5332.902
6998.994 5329.995
7000.047 5283.105
7001.100 5453.881
7002.153 5586.063
7003.206 5532.221
7004.259 5470.418
7005.312 5346.585
7006.365 5098.475
7007.418 5271.156
7008.471 5198.545
7009.524 5292.946
7010.577 5576.433
7011.630 5589.517
7012.683 5393.405
7013.736 5301.922
7014.789 5138.478
7015.842 5178.189
7016.895 5171.146
7017.948 5126.732
7019.001 5130.551
7020.054 5204.422
7021.107 5274.306
7022.160 5308.911
7023.213 5219.313
7024.266 5086.352
7025.319 5256.182
7026.372 5223.918
7027.425 5087.705
7028.478 5135.910
7029.531 5150.382
7030.584 5233.791
7031.637 5212.579
7032.690 5161.161
7033.743 5205.055
7034.796 5134.917
7035.849 5168.039
7036.902 5140.300
7037.955 5155.571
7039.008 5186.622
7040.061 5180.727
7041.114 5230.037
7042.167 5174.850
7043.220 5102.505
7044.273 5199.444
7045.326 5195.798
7046.379 5148.628
7047.433 5382.141
7048.486 5500.147
7049.539 5290.107
7050.592 5192.441
7051.645 5303.245
7052.698 5227.092
7053.751 5255.513
7054.804 5260.182
7055.857 5162.450
7056.910 5167.590
7057.963 5065.378
7059.016 4976.757
7060.069 5126.572
7061.122 5165.073
7062.175 5053.854
7063.228 5068.903
7064.281 5122.057
7065.334 5135.367
7066.387 5079.748
7067.440 5213.990
7068.493 5489.482
7069.546 5564.410
7070.599 5326.403
7071.652 5055.604
7072.705 5061.536
7073.758 5066.727
7074.811 5045.969
7075.864 5028.438
7076.917 4936.649
7077.970 4986.943
7079.023 5080.257
7080.076 4994.923
7081.129 5050.854
7082.182 5209.328
7083.235 5106.937
7084.288 4979.870
7085.341 5067.232
7086.394 5066.246
7087.447 4986.860
7088.500 5166.729
7089.553 5138.144
7090.606 4932.500
7091.659 5003.703
7092.712 4979.740
7093.765 4858.077
7094.818 4905.654
7095.871 4946.539
7096.924 4931.285
7097.977 4979.640
7099.030 4958.673
7100.083 4805.829
7101.136 4779.435
7102.189 4960.418
7103.242 4894.197
7104.295 4962.434
7105.348 4930.083
7106.401 4798.631
7107.454 4789.182
7108.507 4866.369
7109.560 4930.785
7110.613 4856.302
7111.666 4919.782
7112.719 4874.168
7113.772 4854.778
7114.825 4862.113
7115.878 4886.223
7116.931 4945.525
7117.984 4841.881
7119.037 4911.678
7120.090 4826.302
7121.143 4851.151
7122.196 4796.112
7123.249 4838.819
7124.302 4727.994
7125.355 4759.175
7126.408 4850.435
7127.461 4869.341
7128.514 4801.648
7129.568 4708.255
7130.621 4737.462
7131.674 4755.107
7132.727 4805.789
7133.780 4802.991
7134.833 4713.105
7135.886 4820.194
7136.939 4723.741
7137.992 4962.941
7139.045 6679.562
7140.098 7744.853
7141.151 6851.994
7142.204 5253.750
7143.257 4878.226
7144.310 4864.240
7145.363 4765.777
7146.416 4764.633
7147.469 4725.680
7148.522 4803.165
7149.575 4838.225
7150.628 4755.425
7151.681 4713.991
7152.734 4701.005
7153.787 4742.711
7154.840 4711.641
7155.893 4742.217
7156.946 4785.399
7157.999 4700.611
7159.052 4736.011
7160.105 4730.681
7161.158 4725.763
7162.211 4737.000
7163.264 4750.080
7164.317 4715.575
7165.370 4701.566
7166.423 4588.312
7167.476 4507.758
7168.529 4555.283
7169.582 4636.975
7170.635 4634.290
7171.688 4470.923
7172.741 4444.081
7173.794 4467.627
7174.847 4675.804
7175.900 4621.338
7176.953 4319.185
7178.006 4412.992
7179.059 4670.888
7180.112 4549.267
7181.165 4496.118
7182.218 4494.803
7183.271 4465.805
7184.324 4320.364
7185.377 4158.109
7186.430 4126.562
7187.483 4167.627
7188.536 4375.384
7189.589 4534.380
7190.642 4402.019
7191.695 4290.519
7192.748 4236.264
7193.801 4224.399
7194.854 4375.261
7195.907 4427.613
7196.960 4490.603
7198.013 4461.253
7199.066 4328.033
7200.119 4216.245
7201.172 4106.946
7202.225 4260.466
7203.278 4308.168
7204.331 4201.335
7205.384 4326.305
7206.437 4176.048
7207.490 4330.980
7208.543 4495.106
7209.596 4425.904
7210.649 4400.229
7211.702 4400.202
7212.756 4441.893
7213.809 4450.519
7214.862 4457.628
7215.915 4347.274
7216.968 4339.221
7218.021 4372.026
7219.074 4383.812
7220.127 4448.433
7221.180 4470.893
7222.233 4467.497
7223.286 4440.795
7224.339 4402.382
7225.392 4467.797
7226.445 4426.206
7227.498 4344.416
7228.551 4407.775
7229.604 4507.634
7230.657 4376.931
7231.710 4328.174
7232.763 4212.897
7233.816 4156.358
7234.869 4163.656
7235.922 4156.980
7236.975 4443.395
7238.028 5196.448
7239.081 6184.019
7240.134 6784.358
7241.187 6414.491
7242.240 5438.031
7243.293 5028.540
7244.346 6216.357
7245.399 6997.550
7246.452 5952.461
7247.505 4792.544
7248.558 4489.746
7249.611 4476.600
7250.664 4302.242
7251.717 4437.475
7252.770 4620.598
7253.823 4611.853
7254.876 4641.137
7255.929 4450.871
7256.982 4384.652
7258.035 4273.531
7259.088 4153.568
7260.141 4300.914
7261.194 4344.216
7262.247 4345.073
7263.300 4309.119
7264.353 4168.662
7265.406 4119.645
7266.459 4173.171
7267.512 4366.911
7268.565 4484.327
7269.618 4342.718
7270.671 4302.968
7271.724 4305.415
7272.777 4129.646
7273.830 4436.422
7274.883 5737.070
7275.936 8229.042
7276.989 8281.373
7278.042 5908.255
7279.095 4468.922
7280.148 4349.680
7281.201 4400.202
7282.254 4349.810
7283.307 5077.711
7284.360 5869.729
7285.413 5514.489
7286.466 4668.139
7287.519 4295.382
7288.572 4218.562
7289.625 4100.453
7290.678 4142.366
7291.731 4105.727
7292.784 4108.257
7293.837 4301.860
7294.891 4457.281
7295.944 4593.637
7296.997 4565.712
7298.050 4401.598
7299.103 4227.476
7300.156 4210.217
7301.209 4130.328
7302.262 4347.611
7303.315 4971.955
7304.368 4953.633
7305.421 4520.211
7306.474 4341.371
7307.527 4138.044
7308.580 4124.077
7309.633 4168.952
7310.686 4255.488
7311.739 4278.995
7312.792 4075.211
7313.845 4064.041
7314.898 5334.654
7315.951 7137.902
7317.004 7110.399
7318.057 5375.202
7319.110 4248.801
7320.163 4149.773
7321.216 4119.994
7322.269 4211.178
7323.322 4349.601
7324.375 4206.809
7325.428 4232.588
7326.481 4260.037
7327.534 4628.070
7328.587 5265.447
7329.640 5500.684
7330.693 4812.642
7331.746 4247.494
7332.799 4222.532
7333.852 4192.340
7334.905 4275.626
7335.958 4285.874
7337.011 4104.766
7338.064 4268.576
7339.117 4751.280
7340.170 6983.385
7341.223 8002.809
7342.276 6409.690
7343.329 4683.092
7344.382 4036.591
7345.435 4095.424
7346.488 4122.728
7347.541 4060.880
7348.594 4072.955
7349.647 4063.781
7350.700 4089.574
7351.753 4141.413
7352.806 4089.572
7353.859 4087.737
7354.912 3999.970
7355.965 4008.140
7357.018 4408.255
7358.071 4947.590
7359.124 5116.186
7360.177 4678.372
7361.230 4100.460
7362.283 3936.846
7363.336 4003.893
7364.389 4053.565
7365.442 3975.231
7366.495 3926.080
7367.548 4580.399
7368.601 5898.461
7369.654 6737.135
7370.707 5781.791
7371.760 4596.284
7372.813 4075.067
7373.866 4007.382
7374.919 4040.766
7375.972 3975.998
7377.025 4021.828
7378.079 3998.016
7379.132 4008.697
7380.185 4010.105
7381.238 3906.775
7382.291 3962.347
7383.344 3945.231
7384.397 3967.085
7385.450 3853.553
7386.503 3966.196
7387.556 3959.434
7388.609 3959.108
7389.662 3908.733
7390.715 4167.759
7391.768 4530.257
7392.821 4599.039
7393.874 4286.374
7394.927 3912.516
7395.980 3843.540
7397.033 3928.115
7398.086 3881.239
7399.139 3825.399
7400.192 4164.362
7401.245 5240.468
7402.298 5563.559
7403.351 4875.600
7404.404 4193.448
7405.457 3832.638
7406.510 3750.179
7407.563 3814.997
7408.616 3816.843
7409.669 3734.162
7410.722 3771.190
7411.775 3893.314
7412.828 3883.820
7413.881 3882.701
7414.934 3948.960
7415.987 3845.737
7417.040 3777.266
7418.093 3826.669
7419.146 3829.921
7420.199 3797.404
7421.252 3765.492
7422.305 3688.906
7423.358 3812.973
7424.411 3799.456
7425.464 3681.620
7426.517 3781.272
7427.570 3815.345
7428.623 3959.880
7429.676 4170.514
7430.729 4067.919
7431.782 3861.272
7432.835 3751.649
7433.888 3803.138
7434.941 3720.969
7435.994 3700.854
7437.047 3922.971
7438.100 4403.439
7439.153 4576.450
7440.206 4143.261
7441.259 3775.378
7442.312 3697.799
7443.365 3604.555
7444.418 3747.265
7445.471 3734.712
7446.524 3712.170
7447.577 3654.488
7448.630 3575.884
7449.683 3636.061
7450.736 3754.929
7451.789 3748.389
7452.842 3718.661
7453.895 3801.695
7454.948 3809.672
7456.001 3704.654
7457.054 3619.103
7458.107 3736.988
7459.160 3778.133
7460.214 3716.803
7461.267 3699.363
7462.320 3763.502
7463.373 3818.743
7464.426 3789.572
7465.479 3776.392
7466.532 3852.501
7467.585 4015.663
7468.638 3883.402
7469.691 3721.367
7470.744 3820.595
7471.797 3951.778
7472.850 4098.716
7473.903 4278.055
7474.956 4229.364
7476.009 4064.599
7477.062 3833.298
7478.115 3872.283
7479.168 3895.172
7480.221 3896.853
7481.274 3898.554
7482.327 3900.199
7483.380 3901.861
7484.433 3903.557
7485.486 3905.232
