5329.969 2439.216
5331.022 2321.510
5332.075 2166.250
5333.128 2009.495
5334.181 1920.958
5335.234 1962.998
5336.287 2037.015
5337.340 1988.558
5338.393 1981.387
5339.446 1973.251
5340.499 1906.812
5341.552 1884.712
5342.605 1866.278
5343.658 1903.124
5344.711 1905.400
5345.764 1939.780
5346.817 2070.452
5347.870 1929.049
5348.923 1907.607
5349.976 1953.940
5351.029 1900.002
5352.082 1844.440
5353.135 2141.177
5354.188 1961.404
5355.241 1819.134
5356.294 1956.493
5357.347 1879.990
5358.400 2004.964
5359.453 1925.567
5360.506 1926.591
5361.559 1948.155
5362.612 1880.907
5363.665 1830.709
5364.718 2066.684
5365.771 1959.062
5366.824 1900.571
5367.877 1866.962
5368.930 1838.660
5369.983 1864.682
5371.036 1905.637
5372.089 1776.873
5373.142 1833.486
5374.195 1955.467
5375.248 1840.868
5376.301 1900.608
5377.354 1893.865
5378.407 1908.755
5379.460 1858.094
5380.513 1882.570
5381.566 1922.910
5382.619 1807.511
5383.672 1857.095
5384.725 1919.551
5385.778 1935.408
5386.831 1904.830
5387.884 1942.333
5388.937 1818.621
5389.990 1894.547
5391.043 1776.709
5392.097 1795.432
5393.150 1792.904
5394.203 1814.724
5395.256 1734.314
5396.309 1913.405
5397.362 1675.491
5398.415 1707.800
5399.468 1759.744
5400.521 1773.138
5401.574 1812.173
5402.627 1729.206
5403.680 1766.922
5404.733 1787.693
5405.786 1834.896
5406.839 1863.683
5407.892 1768.185
5408.945 1764.760
5409.998 1793.778
5411.051 1755.440
5412.104 1716.019
5413.157 1792.601
5414.210 1808.704
5415.263 1805.647
5416.316 1776.859
5417.369 1754.680
5418.422 1805.160
5419.475 1791.029
5420.528 1836.787
5421.581 1698.612
5422.634 1840.285
5423.687 1758.531
5424.740 1776.365
5425.793 1725.145
5426.846 1856.512
5427.899 1766.554
5428.952 1706.240
5430.005 1654.025
5431.058 1747.975
5432.111 1740.960
5433.164 1833.242
5434.217 1852.843
5435.270 1854.718
5436.323 1824.030
5437.376 1923.715
5438.429 1744.270
5439.482 1807.796
5440.535 1791.602
5441.588 1632.124
5442.641 1719.880
5443.694 1879.437
5444.747 1831.882
5445.800 1713.541
5446.853 1757.502
5447.906 1668.920
5448.959 1700.795
5450.012 1706.859
5451.065 1651.164
5452.118 1718.224
5453.171 1711.649
5454.224 1644.524
5455.277 1697.882
5456.330 1739.345
5457.383 1794.888
5458.436 1713.640
5459.489 1763.065
5460.542 1838.314
5461.595 1749.055
5462.648 1690.236
5463.701 1652.778
5464.754 1650.084
5465.807 1682.089
5466.860 1669.310
5467.913 1697.688
5468.966 1697.246
5470.019 1837.677
5471.072 1645.011
5472.125 1712.978
5473.178 1732.761
5474.231 1672.786
5475.285 1769.045
5476.338 1750.243
5477.391 1723.433
5478.444 1771.005
5479.497 1694.452
5480.550 1588.320
5481.603 1724.509
5482.656 1819.139
5483.709 1640.681
5484.762 1594.517
5485.815 1651.740
5486.868 1680.934
5487.921 1661.249
5488.974 1625.800
5490.027 1745.124
5491.080 1725.545
5492.133 1741.052
5493.186 1704.068
5494.239 1669.745
5495.292 1644.838
5496.345 1612.841
5497.398 1620.289
5498.451 1736.596
5499.504 1644.270
5500.557 1679.350
5501.610 1600.420
5502.663 1636.635
5503.716 1740.698
5504.769 1753.748
5505.822 1663.373
5506.875 1610.067
5507.928 1657.314
5508.981 1654.768
5510.034 1660.939
5511.087 1669.420
5512.140 1583.667
5513.193 1788.857
5514.246 1650.928
5515.299 1670.918
5516.352 1529.448
5517.405 1646.666
5518.458 1689.839
5519.511 1748.192
5520.564 2085.279
5521.617 2031.865
5522.670 1733.358
5523.723 1663.023
5524.776 1707.455
5525.829 1602.299
5526.882 1577.053
5527.935 1551.189
5528.988 1659.827
5530.041 1574.528
5531.094 1660.498
5532.147 1640.038
5533.200 1612.573
5534.253 1709.391
5535.306 1570.600
5536.359 1503.586
5537.412 1595.682
5538.465 1659.578
5539.518 1640.820
5540.571 1914.932
5541.624 1805.385
5542.677 1958.800
5543.730 1740.606
5544.783 1734.151
5545.836 1725.103
5546.889 1556.223
5547.942 1596.182
5548.995 1708.497
5550.048 1726.762
5551.101 1751.210
5552.154 1516.612
5553.207 1630.130
5554.260 1646.953
5555.313 1620.195
5556.366 1658.811
5557.419 1555.571
5558.473 1589.872
5559.526 1578.815
5560.579 1597.091
5561.632 1548.139
5562.685 1697.966
5563.738 1824.805
5564.791 1811.050
5565.844 1601.458
5566.897 1605.944
5567.950 1625.379
5569.003 1700.254
5570.056 1647.942
5571.109 1697.119
5572.162 1665.598
5573.215 1553.229
5574.268 1820.270
5575.321 3295.653
5576.374 23756.309
5577.427 45013.469
5578.480 32491.744
5579.533 7534.373
5580.586 985.103
5581.639 1867.430
5582.692 1595.938
5583.745 1490.073
5584.798 1631.355
5585.851 1594.411
5586.904 1484.014
5587.957 1650.604
5589.010 1789.945
5590.063 1764.711
5591.116 1661.865
5592.169 1517.614
5593.222 1543.834
5594.275 1486.041
5595.328 1529.240
5596.381 1565.698
5597.434 1644.333
5598.487 1674.781
5599.540 1486.188
5600.593 1526.253
5601.646 1578.347
5602.699 1572.087
5603.752 1623.979
5604.805 1733.704
5605.858 1797.057
5606.911 1655.301
5607.964 1572.392
5609.017 1619.941
5610.070 1574.507
5611.123 1549.662
5612.176 1532.945
5613.229 1471.410
5614.282 1626.754
5615.335 1565.240
5616.388 1561.254
5617.441 1599.448
5618.494 1451.175
5619.547 1542.010
5620.600 1387.912
5621.653 1444.489
5622.706 1542.509
5623.759 1756.278
5624.812 1644.842
5625.865 1558.472
5626.918 1548.929
5627.971 1486.426
5629.024 1449.206
5630.077 1496.019
5631.130 1484.962
5632.183 1519.420
5633.236 1582.816
5634.289 1519.983
5635.342 1515.515
5636.395 1485.475
5637.448 1487.742
5638.501 1563.542
5639.554 1475.268
5640.608 1508.921
5641.661 1409.707
5642.714 1465.701
5643.767 1524.712
5644.820 1608.212
5645.873 1636.133
5646.926 1534.404
5647.979 1512.561
5649.032 1556.319
5650.085 1521.852
5651.138 1525.865
5652.191 1430.930
5653.244 1506.673
5654.297 1415.756
5655.350 1434.584
5656.403 1480.267
5657.456 1426.757
5658.509 1471.772
5659.562 1463.978
5660.615 1399.961
5661.668 1504.337
5662.721 1478.516
5663.774 1562.307
5664.827 1481.034
5665.880 1459.115
5666.933 1577.364
5667.986 1493.943
5669.039 1705.135
5670.092 1457.510
5671.145 1604.104
5672.198 1507.228
5673.251 1532.658
5674.304 1502.250
5675.357 1588.583
5676.410 1471.005
5677.463 1509.712
5678.516 1582.581
5679.569 1516.638
5680.622 1662.558
5681.675 1596.385
5682.728 1520.827
5683.781 1446.224
5684.834 1489.788
5685.887 1535.657
5686.940 1588.940
5687.993 1480.295
5689.046 1503.322
5690.099 1505.320
5691.152 1427.833
5692.205 1643.451
5693.258 1484.820
5694.311 1474.397
5695.364 1511.766
5696.417 1549.334
5697.470 1513.403
5698.523 1415.998
5699.576 1486.243
5700.629 1453.916
5701.682 1458.434
5702.735 1493.159
5703.788 1476.525
5704.841 1481.518
5705.894 1440.809
5706.947 1426.425
5708.000 1407.862
5709.053 1411.742
5710.106 1439.091
5711.159 1381.248
5712.212 1406.020
5713.265 1492.911
5714.318 1562.457
5715.371 1437.734
5716.424 1431.884
5717.477 1461.900
5718.530 1508.879
5719.583 1478.914
5720.636 1448.991
5721.689 1450.547
5722.742 1449.578
5723.796 1562.072
5724.849 1485.773
5725.902 1439.538
5726.955 1482.493
5728.008 1506.460
5729.061 1455.801
5730.114 1441.315
5731.167 1435.812
5732.220 1486.768
5733.273 1351.917
5734.326 1475.432
5735.379 1378.567
5736.432 1463.806
5737.485 1485.705
5738.538 1425.777
5739.591 1412.265
5740.644 1512.122
5741.697 1412.120
5742.750 1398.125
5743.803 1364.970
5744.856 1406.584
5745.909 1476.529
5746.962 1383.156
5748.015 1439.419
5749.068 1428.533
5750.121 1441.485
5751.174 1376.848
5752.227 1463.740
5753.280 1420.202
5754.333 1305.249
5755.386 1387.876
5756.439 1436.576
5757.492 1461.227
5758.545 1455.587
5759.598 1384.074
5760.651 1462.584
5761.704 1353.321
5762.757 1358.702
5763.810 1376.486
5764.863 1386.081
5765.916 1502.870
5766.969 1499.693
5768.022 1358.705
5769.075 1301.314
5770.128 1470.251
5771.181 1465.771
5772.234 1437.761
5773.287 1424.380
5774.340 1392.171
5775.393 1341.936
5776.446 1404.929
5777.499 1483.293
5778.552 1364.543
5779.605 1348.070
5780.658 1377.308
5781.711 1382.247
5782.764 1373.325
5783.817 1434.871
5784.870 1384.026
5785.923 1437.108
5786.976 1416.596
5788.029 1417.833
5789.082 1320.955
5790.135 1419.062
5791.188 1411.723
5792.241 1454.652
5793.294 1374.610
5794.347 1392.939
5795.400 1442.772
5796.453 1347.259
5797.506 1309.246
5798.559 1295.281
5799.612 1378.553
5800.665 1438.959
5801.718 1372.753
5802.771 1398.485
5803.824 1460.978
5804.877 1345.773
5805.931 1339.123
5806.984 1405.567
5808.037 1414.068
5809.090 1363.479
5810.143 1384.946
5811.196 1429.824
5812.249 1448.728
5813.302 1399.766
5814.355 1345.128
5815.408 1354.894
5816.461 1370.862
5817.514 1346.488
5818.567 1374.944
5819.620 1362.454
5820.673 1438.317
5821.726 1425.367
5822.779 1369.648
5823.832 1322.472
5824.885 1290.740
5825.938 1374.466
5826.991 1366.692
5828.044 1422.496
5829.097 1318.994
5830.150 1348.187
5831.203 1320.501
5832.256 1388.215
5833.309 1342.994
5834.362 1325.958
5835.415 1417.933
5836.468 1316.302
5837.521 1387.727
5838.574 1333.673
5839.627 1329.808
5840.680 1364.116
5841.733 1350.124
5842.786 1398.298
5843.839 1390.462
5844.892 1372.572
5845.945 1321.176
5846.998 1325.407
5848.051 1296.283
5849.104 1317.358
5850.157 1310.704
5851.210 1256.236
5852.263 1290.702
5853.316 1288.788
5854.369 1333.022
5855.422 1390.285
5856.475 1378.185
5857.528 1389.850
5858.581 1393.495
5859.634 1425.690
5860.687 1302.700
5861.740 1302.025
5862.793 1398.692
5863.846 1322.928
5864.899 1587.516
5865.952 1772.692
5867.005 1813.736
5868.058 1819.120
5869.111 1639.530
5870.164 1454.018
5871.217 1388.449
5872.270 1433.413
5873.323 1459.601
5874.376 1378.581
5875.429 1459.911
5876.482 1478.165
5877.535 3975.404
5878.588 10173.996
5879.641 10471.406
5880.694 5276.184
5881.747 1185.723
5882.800 1477.671
5883.853 1399.083
5884.906 1311.480
5885.959 1368.525
5887.012 1740.296
5888.065 2338.913
5889.119 4778.920
5890.172 6157.659
5891.225 4159.061
5892.278 1767.434
5893.331 1379.792
5894.384 2106.988
5895.437 3733.188
5896.490 4105.836
5897.543 2370.572
5898.596 1361.025
5899.649 1296.692
5900.702 1292.613
5901.755 1274.230
5902.808 1327.682
5903.861 1382.456
5904.914 1396.853
5905.967 1459.439
5907.020 1392.687
5908.073 1485.496
5909.126 1304.775
5910.179 1331.679
5911.232 1264.127
5912.285 1327.717
5913.338 1318.684
5914.391 1608.803
5915.444 1943.202
5916.497 1693.396
5917.550 1389.479
5918.603 1291.388
5919.656 1315.848
5920.709 1321.385
5921.762 1243.407
5922.815 1298.579
5923.868 1438.640
5924.921 1524.312
5925.974 1404.837
5927.027 1242.806
5928.080 1355.585
5929.133 1290.491
5930.186 1311.009
5931.239 1408.492
5932.292 1877.997
5933.345 1951.036
5934.398 1581.360
5935.451 1312.007
5936.504 1334.566
5937.557 1343.866
5938.610 1240.275
5939.663 1262.957
5940.716 1281.993
5941.769 1265.534
5942.822 1335.957
5943.875 1317.450
5944.928 1269.144
5945.981 1481.712
5947.034 1543.565
5948.087 1251.567
5949.140 1263.626
5950.193 1296.263
5951.246 1265.485
5952.299 1476.358
5953.352 1832.090
5954.405 1724.460
5955.458 1366.217
5956.511 1238.761
5957.564 1330.532
5958.617 1309.002
5959.670 1384.516
5960.723 1265.281
5961.776 1185.744
5962.829 1285.386
5963.882 1249.462
5964.935 1189.011
5965.988 1169.361
5967.041 1248.823
5968.094 1246.924
5969.147 1298.351
5970.200 1336.036
5971.254 1297.318
5972.307 1237.090
5973.360 1203.096
5974.413 1273.066
5975.466 1253.477
5976.519 1386.486
5977.572 1435.142
5978.625 1406.332
5979.678 1211.613
5980.731 1259.834
5981.784 1280.381
5982.837 1153.335
5983.890 1216.762
5984.943 1246.578
5985.996 1194.470
5987.049 1099.769
5988.102 1160.793
5989.155 1175.635
5990.208 1151.661
5991.261 1247.416
5992.314 1140.612
5993.367 1149.577
5994.420 1154.637
5995.473 1165.847
5996.526 1208.900
5997.579 1279.143
5998.632 1188.074
5999.685 1236.677
6000.738 1119.127
6001.791 1160.230
6002.844 1236.429
6003.897 1366.117
6004.950 1299.572
6006.003 1099.793
6007.056 1071.059
6008.109 1184.758
6009.162 1168.033
6010.215 1235.364
6011.268 1178.873
6012.321 1183.262
6013.374 1189.718
6014.427 1144.519
6015.480 1053.139
6016.533 1117.420
6017.586 1105.763
6018.639 1042.269
6019.692 1095.224
6020.745 1105.258
6021.798 1131.504
6022.851 1095.691
6023.904 1117.581
6024.957 1100.851
6026.010 1134.229
6027.063 1101.158
6028.116 1075.236
6029.169 1119.453
6030.222 1144.734
6031.275 1076.459
6032.328 1110.081
6033.381 1158.188
6034.434 1147.511
6035.487 1134.038
6036.540 1094.868
6037.593 1034.029
6038.646 1107.472
6039.699 1071.091
6040.752 1066.959
6041.805 1094.504
6042.858 1067.873
6043.911 1018.759
6044.964 1093.748
6046.017 1110.620
6047.070 1097.318
6048.123 1102.596
6049.176 1067.695
6050.229 1044.648
6051.282 1112.276
6052.335 1071.250
6053.388 1050.513
6054.442 1063.105
6055.495 1088.677
6056.548 1041.311
6057.601 1076.422
6058.654 1008.540
6059.707 1005.225
6060.760 1023.804
6061.813 1041.843
6062.866 1056.073
6063.919 1088.457
6064.972 1052.841
6066.025 1070.429
6067.078 1052.145
6068.131 1103.728
6069.184 1029.326
6070.237 977.949
6071.290 1022.802
6072.343 997.880
6073.396 1009.529
6074.449 996.525
6075.502 1046.713
6076.555 1033.401
6077.608 1000.697
6078.661 1025.037
6079.714 946.073
6080.767 1105.179
6081.820 1033.836
6082.873 945.086
6083.926 1044.640
6084.979 992.239
6086.032 1004.834
6087.085 1122.862
6088.138 1080.887
6089.191 1078.957
6090.244 1017.462
6091.297 1000.701
6092.350 1012.716
6093.403 1038.902
6094.456 971.221
6095.509 1009.302
6096.562 1052.496
6097.615 1014.708
6098.668 1053.158
6099.721 1086.735
6100.774 1000.358
6101.827 988.692
6102.880 1020.653
6103.933 1038.897
6104.986 1082.603
6106.039 1095.135
6107.092 1048.832
6108.145 1061.389
6109.198 977.000
6110.251 997.568
6111.304 1001.394
6112.357 1041.122
6113.410 1036.289
6114.463 1028.001
6115.516 977.736
6116.569 958.345
6117.622 1010.246
6118.675 987.000
6119.728 1008.292
6120.781 1030.569
6121.834 1003.489
6122.887 1037.371
6123.940 982.590
6124.993 1017.460
6126.046 1015.523
6127.099 985.225
6128.152 929.618
6129.205 923.761
6130.258 956.209
6131.311 949.983
6132.364 956.855
6133.417 1020.652
6134.470 951.208
6135.523 973.596
6136.577 1007.178
6137.630 929.563
6138.683 1059.842
6139.736 1121.118
6140.789 1041.759
6141.842 972.254
6142.895 960.687
6143.948 1065.311
6145.001 1150.033
6146.054 1099.592
6147.107 977.937
6148.160 934.019
6149.213 999.747
6150.266 980.277
6151.319 1002.180
6152.372 929.082
6153.425 970.994
6154.478 993.000
6155.531 1259.638
6156.584 1473.271
6157.637 1561.568
6158.690 1404.881
6159.743 1235.030
6160.796 983.796
6161.849 956.657
6162.902 962.309
6163.955 939.416
6165.008 944.636
6166.061 913.290
6167.114 939.026
6168.167 921.908
6169.220 1075.295
6170.273 1253.465
6171.326 1227.840
6172.379 995.549
6173.432 936.179
6174.485 957.168
6175.538 1022.546
6176.591 1010.175
6177.644 979.768
6178.697 908.334
6179.750 915.941
6180.803 961.184
6181.856 947.422
6182.909 1002.091
6183.962 922.944
6185.015 900.719
6186.068 967.573
6187.121 940.813
6188.174 955.098
6189.227 978.946
6190.280 922.658
6191.333 939.406
6192.386 1002.965
6193.439 1027.040
6194.492 1038.578
6195.545 830.223
6196.598 918.768
6197.651 883.221
6198.704 986.367
6199.757 967.843
6200.810 871.815
6201.863 1161.609
6202.916 1245.575
6203.969 1118.643
6205.022 939.454
6206.075 897.943
6207.128 969.860
6208.181 949.227
6209.234 904.774
6210.287 958.120
6211.340 917.926
6212.393 968.356
6213.446 1057.102
6214.499 951.623
6215.552 893.436
6216.605 893.809
6217.658 901.027
6218.711 914.139
6219.765 972.252
6220.818 1045.416
6221.871 1148.758
6222.924 1075.500
6223.977 892.447
6225.030 942.945
6226.083 868.423
6227.136 798.181
6228.189 874.287
6229.242 950.228
6230.295 942.998
6231.348 888.717
6232.401 911.555
6233.454 1131.406
6234.507 1537.568
6235.560 1774.384
6236.613 1731.412
6237.666 1346.500
6238.719 1055.276
6239.772 999.747
6240.825 1201.414
6241.878 1094.374
6242.931 1117.348
6243.984 1102.934
6245.037 976.255
6246.090 1032.789
6247.143 1010.648
6248.196 1021.336
6249.249 1003.200
6250.302 925.721
6251.355 894.105
6252.408 944.515
6253.461 913.284
6254.514 888.392
6255.567 886.225
6256.620 1255.991
6257.673 1742.098
6258.726 1755.778
6259.779 1233.427
6260.832 883.437
6261.885 980.145
6262.938 940.129
6263.991 1088.670
6265.044 1246.595
6266.097 1203.097
6267.150 1056.810
6268.203 1004.592
6269.256 1037.853
6270.309 861.944
6271.362 884.346
6272.415 896.765
6273.468 898.160
6274.521 964.218
6275.574 1006.104
6276.627 964.177
6277.680 920.442
6278.733 943.364
6279.786 889.154
6280.839 857.407
6281.892 885.229
6282.945 851.728
6283.998 887.223
6285.051 908.399
6286.104 1174.303
6287.157 1604.297
6288.210 1605.208
6289.263 1154.332
6290.316 901.257
6291.369 930.134
6292.422 877.227
6293.475 890.393
6294.528 928.275
6295.581 884.435
6296.634 1381.296
6297.687 927.219
6298.740 11562.718
6299.793 36706.388
6300.846 43679.361
6301.899 22003.751
6302.953 565.917
6304.006 2106.617
6305.059 1473.040
6306.112 1680.666
6307.165 1900.203
6308.218 1495.228
6309.271 996.746
6310.324 960.395
6311.377 873.478
6312.430 938.543
6313.483 904.368
6314.536 1461.183
6315.589 2115.167
6316.642 1831.507
6317.695 1099.719
6318.748 841.013
6319.801 940.699
6320.854 1152.016
6321.907 1173.473
6322.960 1041.345
6324.013 879.178
6325.066 867.201
6326.119 906.041
6327.172 902.876
6328.225 1027.149
6329.278 1431.962
6330.331 1624.388
6331.384 1245.593
6332.437 958.895
6333.490 847.983
6334.543 912.973
6335.596 839.568
6336.649 824.738
6337.702 877.300
6338.755 830.958
6339.808 829.172
6340.861 911.342
6341.914 868.821
6342.967 863.198
6344.020 855.131
6345.073 860.208
6346.126 839.597
6347.179 962.513
6348.232 999.608
6349.285 1107.264
6350.338 987.545
6351.391 878.091
6352.444 821.937
6353.497 880.116
6354.550 939.246
6355.603 1219.325
6356.656 1357.832
6357.709 1108.134
6358.762 929.994
6359.815 851.915
6360.868 1035.895
6361.921 2036.319
6362.974 10778.878
6364.027 15206.723
6365.080 9461.314
6366.133 2334.098
6367.186 818.687
6368.239 1128.989
6369.292 952.044
6370.345 902.580
6371.398 873.087
6372.451 888.688
6373.504 897.093
6374.557 873.999
6375.610 876.245
6376.663 810.683
6377.716 826.008
6378.769 963.691
6379.822 940.353
6380.875 860.162
6381.928 832.727
6382.981 839.964
6384.034 842.341
6385.088 929.184
6386.141 1039.985
6387.194 1014.986
6388.247 893.778
6389.300 801.385
6390.353 832.655
6391.406 832.318
6392.459 815.174
6393.512 823.418
6394.565 779.864
6395.618 804.639
6396.671 841.017
6397.724 854.607
6398.777 774.124
6399.830 784.055
6400.883 855.232
6401.936 793.611
6402.989 846.316
6404.042 845.131
6405.095 772.310
6406.148 846.945
6407.201 864.603
6408.254 815.154
6409.307 774.387
6410.360 776.785
6411.413 765.064
6412.466 782.502
6413.519 881.921
6414.572 854.678
6415.625 829.528
6416.678 774.830
6417.731 793.844
6418.784 887.602
6419.837 916.152
6420.890 882.349
6421.943 800.044
6422.996 795.175
6424.049 774.261
6425.102 775.959
6426.155 770.800
6427.208 795.023
6428.261 829.451
6429.314 779.022
6430.367 763.114
6431.420 769.348
6432.473 717.698
6433.526 760.098
6434.579 771.094
6435.632 757.029
6436.685 722.836
6437.738 759.972
6438.791 786.606
6439.844 743.797
6440.897 732.859
6441.950 688.199
6443.003 727.884
6444.056 808.525
6445.109 768.325
6446.162 784.524
6447.215 788.425
6448.268 769.962
6449.321 788.845
6450.374 831.824
6451.427 811.513
6452.480 767.834
6453.533 924.886
6454.586 950.154
6455.639 922.748
6456.692 875.083
6457.745 871.537
6458.798 834.953
6459.851 803.843
6460.904 780.342
6461.957 771.174
6463.010 952.548
6464.063 989.233
6465.116 1071.602
6466.169 1173.131
6467.222 1049.084
6468.276 810.631
6469.329 949.231
6470.382 1214.887
6471.435 1177.641
6472.488 921.469
6473.541 746.944
6474.594 721.468
6475.647 706.279
6476.700 821.399
6477.753 909.247
6478.806 889.328
6479.859 803.451
6480.912 744.374
6481.965 758.553
6483.018 729.189
6484.071 756.830
6485.124 767.791
6486.177 778.677
6487.230 789.302
6488.283 762.814
6489.336 758.016
6490.389 758.361
6491.442 776.174
6492.495 723.504
6493.548 758.929
6494.601 760.910
6495.654 722.629
6496.707 874.538
6497.760 1315.611
6498.813 1815.354
6499.866 1464.336
6500.919 869.703
6501.972 841.787
6503.025 836.235
6504.078 1042.031
6505.131 1101.775
6506.184 988.717
6507.237 753.367
6508.290 744.862
6509.343 767.192
6510.396 749.789
6511.449 757.454
6512.502 774.314
6513.555 819.693
6514.608 952.917
6515.661 811.676
6516.714 740.254
6517.767 780.014
6518.820 724.112
6519.873 768.042
6520.926 853.481
6521.979 990.994
6523.032 996.739
6524.085 797.845
6525.138 826.431
6526.191 852.310
6527.244 776.267
6528.297 779.773
6529.350 844.184
6530.403 813.803
6531.456 941.688
6532.509 1417.493
6533.562 1561.010
6534.615 1127.479
6535.668 784.785
6536.721 789.433
6537.774 782.108
6538.827 742.102
6539.880 780.046
6540.933 833.938
6541.986 863.237
6543.039 957.748
6544.092 1124.369
6545.145 1081.292
6546.198 871.661
6547.251 845.793
6548.304 905.721
6549.357 847.897
6550.411 956.565
6551.464 1485.344
6552.517 1871.413
6553.570 1994.948
6554.623 1591.961
6555.676 1009.915
6556.729 881.798
6557.782 893.341
6558.835 942.933
6559.888 1007.463
6560.941 1263.786
6561.994 1210.632
6563.047 3206.852
6564.100 974.742
6565.153 68986.386
6566.206 166759.584
6567.259 168639.552
6568.312 57907.234
6569.365 -284.949
6570.418 2524.187
6571.471 940.063
6572.524 1215.979
6573.577 1013.571
6574.630 988.340
6575.683 1074.238
6576.736 1427.441
6577.789 1486.098
6578.842 1135.820
6579.895 816.074
6580.948 873.393
6582.001 821.853
6583.054 866.608
6584.107 874.423
6585.160 929.233
6586.213 1681.245
6587.266 2706.231
6588.319 2234.761
6589.372 1030.665
6590.425 829.923
6591.478 800.603
6592.531 764.653
6593.584 791.316
6594.637 763.186
6595.690 856.477
6596.743 873.583
6597.796 892.448
6598.849 792.547
6599.902 730.439
6600.955 764.135
6602.008 737.484
6603.061 920.547
6604.114 1062.502
6605.167 998.951
6606.220 828.423
6607.273 699.378
6608.326 697.730
6609.379 715.674
6610.432 711.572
6611.485 712.056
6612.538 718.347
6613.591 725.665
6614.644 674.059
6615.697 688.385
6616.750 721.900
6617.803 706.814
6618.856 744.098
6619.909 739.982
6620.962 697.993
6622.015 648.150
6623.068 715.324
6624.121 680.694
6625.174 706.086
6626.227 720.087
6627.280 804.662
6628.333 789.163
6629.386 739.531
6630.439 744.111
6631.492 680.728
6632.545 741.154
6633.599 789.833
6634.652 825.812
6635.705 752.245
6636.758 683.718
6637.811 681.018
6638.864 719.319
6639.917 759.365
6640.970 703.167
6642.023 690.127
6643.076 699.727
6644.129 664.598
6645.182 704.755
6646.235 721.552
6647.288 658.074
6648.341 679.232
6649.394 728.619
6650.447 722.380
6651.500 709.351
6652.553 750.866
6653.606 669.519
6654.659 677.669
6655.712 655.061
6656.765 680.508
6657.818 646.469
6658.871 671.444
6659.924 685.618
6660.977 698.030
6662.030 728.717
6663.083 686.496
6664.136 657.400
6665.189 755.197
6666.242 712.633
6667.295 711.762
6668.348 784.333
6669.401 726.571
6670.454 669.606
6671.507 678.763
6672.560 671.981
6673.613 649.208
6674.666 642.575
6675.719 592.643
6676.772 655.633
6677.825 751.217
6678.878 632.593
6679.931 811.033
6680.984 1696.779
6682.037 2585.170
6683.090 2093.383
6684.143 801.928
6685.196 641.992
6686.249 695.150
6687.302 624.897
6688.355 657.538
6689.408 673.466
6690.461 636.418
6691.514 649.837
6692.567 653.277
6693.620 701.843
6694.673 675.813
6695.726 618.551
6696.779 639.231
6697.832 667.738
6698.885 726.191
6699.938 718.289
6700.991 690.945
6702.044 712.469
6703.097 669.746
6704.150 628.565
6705.203 632.344
6706.256 649.292
6707.309 652.215
6708.362 631.919
6709.415 620.459
6710.468 663.404
6711.521 668.002
6712.574 646.211
6713.627 630.861
6714.680 603.791
6715.734 654.745
6716.787 652.864
6717.840 739.489
6718.893 1445.486
6719.946 3913.656
6720.999 4224.454
6722.052 1806.949
6723.105 672.123
6724.158 651.182
6725.211 651.775
6726.264 585.298
6727.317 637.342
6728.370 681.637
6729.423 643.057
6730.476 634.487
6731.529 659.792
6732.582 679.401
6733.635 1802.769
6734.688 3342.877
6735.741 2637.198
6736.794 1038.623
6737.847 619.801
6738.900 632.961
6739.953 635.835
6741.006 622.727
6742.059 604.577
6743.112 607.292
6744.165 646.004
6745.218 601.859
6746.271 615.530
6747.324 541.575
6748.377 646.431
6749.430 643.783
6750.483 592.036
6751.536 614.585
6752.589 628.309
6753.642 612.339
6754.695 620.781
6755.748 610.833
6756.801 616.179
6757.854 613.798
6758.907 619.585
6759.960 651.851
6761.013 626.865
6762.066 580.258
6763.119 591.764
6764.172 617.392
6765.225 601.202
6766.278 609.730
6767.331 570.704
6768.384 574.217
6769.437 562.142
6770.490 541.583
6771.543 635.742
6772.596 579.644
6773.649 546.530
6774.702 611.403
6775.755 583.113
6776.808 621.217
6777.861 638.684
6778.914 626.058
6779.967 581.901
6781.020 650.286
6782.073 646.891
6783.126 586.398
6784.179 606.707
6785.232 650.457
6786.285 641.040
6787.338 635.774
6788.391 648.526
6789.444 577.131
6790.497 579.999
6791.550 628.715
6792.603 593.928
6793.656 579.063
6794.709 574.904
6795.762 603.181
6796.815 604.346
6797.868 590.205
6798.922 615.101
6799.975 602.718
6801.028 609.643
6802.081 636.581
6803.134 569.958
6804.187 604.550
6805.240 582.767
6806.293 581.701
6807.346 592.784
6808.399 572.737
6809.452 563.651
6810.505 635.654
6811.558 644.090
6812.611 569.092
6813.664 589.016
6814.717 586.290
6815.770 609.835
6816.823 628.252
6817.876 535.808
6818.929 566.416
6819.982 607.892
6821.035 628.301
6822.088 540.971
6823.141 534.280
6824.194 548.526
6825.247 593.625
6826.300 759.261
6827.353 1027.872
6828.406 1466.384
6829.459 1695.842
6830.512 1412.960
6831.565 863.516
6832.618 869.515
6833.671 1474.864
6834.724 1750.624
6835.777 1211.377
6836.830 617.338
6837.883 619.206
6838.936 603.431
6839.989 663.641
6841.042 773.818
6842.095 919.072
6843.148 822.880
6844.201 540.753
6845.254 592.475
6846.307 602.506
6847.360 565.423
6848.413 587.862
6849.466 596.831
6850.519 648.542
6851.572 640.177
6852.625 584.124
6853.678 560.275
6854.731 595.402
6855.784 594.679
6856.837 546.800
6857.890 561.035
6858.943 582.649
6859.996 600.048
6861.049 559.081
6862.102 925.804
6863.155 2098.268
6864.208 2741.257
6865.261 1970.691
6866.314 620.994
6867.367 463.740
6868.420 368.788
6869.473 377.248
6870.526 545.864
6871.579 603.028
6872.632 477.912
6873.685 399.169
6874.738 394.519
6875.791 402.180
6876.844 427.919
6877.897 472.027
6878.950 518.564
6880.003 642.831
6881.056 769.947
6882.110 739.508
6883.163 646.045
6884.216 542.178
6885.269 458.152
6886.322 490.415
6887.375 553.435
6888.428 749.650
6889.481 883.931
6890.534 789.156
6891.587 507.008
6892.640 454.042
6893.693 505.132
6894.746 538.375
6895.799 502.953
6896.852 489.335
6897.905 483.722
6898.958 545.622
6900.011 755.717
6901.064 869.879
6902.117 769.200
6903.170 611.735
6904.223 502.154
6905.276 489.139
6906.329 522.033
6907.382 526.475
6908.435 537.259
6909.488 452.259
6910.541 536.347
6911.594 878.663
6912.647 1131.737
6913.700 1056.735
6914.753 604.211
6915.806 549.859
6916.859 586.278
6917.912 517.526
6918.965 529.371
6920.018 568.933
6921.071 567.164
6922.124 1094.842
6923.177 1671.662
6924.230 1413.981
6925.283 774.303
6926.336 566.002
6927.389 604.153
6928.442 552.704
6929.495 564.164
6930.548 562.540
6931.601 544.867
6932.654 573.347
6933.707 580.560
6934.760 548.883
6935.813 522.980
6936.866 500.893
6937.919 675.773
6938.972 994.832
6940.025 1122.794
6941.078 815.229
6942.131 570.468
6943.184 561.767
6944.237 568.003
6945.290 564.348
6946.343 496.095
6947.396 817.089
6948.449 1665.066
6949.502 1986.568
6950.555 1348.034
6951.608 575.610
6952.661 585.603
6953.714 598.042
6954.767 570.391
6955.820 569.340
6956.873 569.772
6957.926 569.759
6958.979 601.285
6960.032 572.400
6961.085 523.972
6962.138 538.382
6963.191 573.773
6964.245 568.525
6965.298 597.776
6966.351 572.753
6967.404 523.192
6968.457 642.675
6969.510 852.535
6970.563 886.027
6971.616 719.531
6972.669 540.806
6973.722 502.169
6974.775 511.389
6975.828 558.905
6976.881 701.277
6977.934 1277.281
6978.987 1328.820
6980.040 872.724
6981.093 588.300
6982.146 552.052
6983.199 546.960
6984.252 530.044
6985.305 536.705
6986.358 533.240
6987.411 558.625
6988.464 570.216
6989.517 534.129
6990.570 514.565
6991.623 531.755
6992.676 543.007
6993.729 505.522
6994.782 552.137
6995.835 567.709
6996.888 571.418
6997.941 547.387
6998.994 506.100
7000.047 579.081
7001.100 667.819
7002.153 777.334
7003.206 848.236
7004.259 756.719
7005.312 600.058
7006.365 517.831
7007.418 497.280
7008.471 489.458
7009.524 583.007
7010.577 772.092
7011.630 879.244
7012.683 798.357
7013.736 552.210
7014.789 518.500
7015.842 510.242
7016.895 490.436
7017.948 511.867
7019.001 545.728
7020.054 543.096
7021.107 505.943
7022.160 509.180
7023.213 522.999
7024.266 522.334
7025.319 506.757
7026.372 521.679
7027.425 545.851
7028.478 533.794
7029.531 543.610
7030.584 537.295
7031.637 499.313
7032.690 532.842
7033.743 521.655
7034.796 504.539
7035.849 470.213
7036.902 499.379
7037.955 509.073
7039.008 480.039
7040.061 552.608
7041.114 627.890
7042.167 636.754
7043.220 566.523
7044.273 539.488
7045.326 547.216
7046.379 592.754
7047.433 707.709
7048.486 766.712
7049.539 702.023
7050.592 610.862
7051.645 621.400
7052.698 550.327
7053.751 572.337
7054.804 567.823
7055.857 550.251
7056.910 529.600
7057.963 522.323
7059.016 514.230
7060.069 531.549
7061.122 527.055
7062.175 543.845
7063.228 538.621
7064.281 551.962
7065.334 596.097
7066.387 555.207
7067.440 720.563
7068.493 1332.192
7069.546 1714.797
7070.599 1300.207
7071.652 615.418
7072.705 532.203
7073.758 551.283
7074.811 576.166
7075.864 551.909
7076.917 549.852
7077.970 558.916
7079.023 557.719
7080.076 496.247
7081.129 543.439
7082.182 574.419
7083.235 567.827
7084.288 529.202
7085.341 489.034
7086.394 549.712
7087.447 601.121
7088.500 557.806
7089.553 555.788
7090.606 560.677
7091.659 493.846
7092.712 563.743
7093.765 539.478
7094.818 496.070
7095.871 472.827
7096.924 479.165
7097.977 508.890
7099.030 533.379
7100.083 540.753
7101.136 546.154
7102.189 511.945
7103.242 522.254
7104.295 569.821
7105.348 520.085
7106.401 487.993
7107.454 533.847
7108.507 499.042
7109.560 508.772
7110.613 495.962
7111.666 501.803
7112.719 497.749
7113.772 518.822
7114.825 457.207
7115.878 474.439
7116.931 514.962
7117.984 520.837
7119.037 494.681
7120.090 469.674
7121.143 458.198
7122.196 518.994
7123.249 556.616
7124.302 508.650
7125.355 511.213
7126.408 509.095
7127.461 576.472
7128.514 560.086
7129.568 521.180
7130.621 501.607
7131.674 499.411
7132.727 587.939
7133.780 547.361
7134.833 492.043
7135.886 467.792
7136.939 398.944
7137.992 1166.925
7139.045 3401.729
7140.098 4851.234
7141.151 3214.460
7142.204 922.899
7143.257 631.616
7144.310 627.034
7145.363 593.501
7146.416 580.201
7147.469 575.953
7148.522 563.313
7149.575 522.706
7150.628 519.895
7151.681 484.720
7152.734 506.353
7153.787 488.572
7154.840 450.037
7155.893 467.701
7156.946 492.078
7157.999 540.437
7159.052 548.672
7160.105 480.768
7161.158 518.136
7162.211 527.303
7163.264 491.681
7164.317 517.707
7165.370 555.117
7166.423 502.327
7167.476 533.290
7168.529 451.300
7169.582 481.570
7170.635 522.752
7171.688 478.024
7172.741 496.516
7173.794 495.502
7174.847 521.107
7175.900 562.954
7176.953 476.377
7178.006 472.757
7179.059 501.265
7180.112 499.807
7181.165 535.135
7182.218 471.037
7183.271 504.356
7184.324 461.261
7185.377 446.858
7186.430 433.821
7187.483 411.652
7188.536 495.918
7189.589 498.332
7190.642 458.778
7191.695 487.848
7192.748 447.105
7193.801 397.192
7194.854 444.916
7195.907 472.937
7196.960 466.515
7198.013 478.072
7199.066 449.327
7200.119 459.877
7201.172 447.956
7202.225 475.646
7203.278 460.723
7204.331 418.273
7205.384 460.834
7206.437 478.061
7207.490 444.668
7208.543 436.786
7209.596 477.740
7210.649 495.651
7211.702 452.202
7212.756 444.625
7213.809 438.376
7214.862 468.057
7215.915 519.162
7216.968 463.756
7218.021 461.679
7219.074 473.504
7220.127 474.178
7221.180 506.384
7222.233 496.378
7223.286 496.605
7224.339 487.854
7225.392 508.951
7226.445 511.126
7227.498 462.587
7228.551 471.909
7229.604 484.897
7230.657 515.251
7231.710 457.354
7232.763 454.936
7233.816 503.869
7234.869 478.818
7235.922 464.469
7236.975 598.055
7238.028 1084.107
7239.081 1987.201
7240.134 2560.309
7241.187 2343.866
7242.240 1465.404
7243.293 1231.815
7244.346 2150.287
7245.399 2583.173
7246.452 1916.729
7247.505 974.900
7248.558 566.254
7249.611 538.878
7250.664 505.420
7251.717 652.689
7252.770 882.603
7253.823 979.875
7254.876 815.145
7255.929 663.759
7256.982 577.874
7258.035 473.190
7259.088 483.066
7260.141 516.453
7261.194 463.406
7262.247 470.100
7263.300 499.705
7264.353 477.398
7265.406 491.917
7266.459 533.097
7267.512 588.348
7268.565 538.836
7269.618 514.555
7270.671 495.826
7271.724 528.260
7272.777 547.483
7273.830 623.698
7274.883 1896.509
7275.936 3682.937
7276.989 3742.404
7278.042 2109.227
7279.095 748.047
7280.148 549.370
7281.201 578.504
7282.254 641.394
7283.307 1196.390
7284.360 1906.025
7285.413 1906.812
7286.466 1169.060
7287.519 686.338
7288.572 497.530
7289.625 452.059
7290.678 482.887
7291.731 494.924
7292.784 485.194
7293.837 541.566
7294.891 745.935
7295.944 899.404
7296.997 804.987
7298.050 579.597
7299.103 450.541
7300.156 485.024
7301.209 447.182
7302.262 741.622
7303.315 1108.423
7304.368 1249.528
7305.421 820.190
7306.474 535.803
7307.527 521.622
7308.580 449.020
7309.633 471.876
7310.686 543.314
7311.739 577.587
7312.792 487.961
7313.845 525.857
7314.898 1487.557
7315.951 2958.003
7317.004 3086.871
7318.057 1605.952
7319.110 648.353
7320.163 492.859
7321.216 475.537
7322.269 572.216
7323.322 839.789
7324.375 960.358
7325.428 801.663
7326.481 592.314
7327.534 739.492
7328.587 1368.493
7329.640 1596.197
7330.693 1135.929
7331.746 650.638
7332.799 572.741
7333.852 743.751
7334.905 829.393
7335.958 695.392
7337.011 545.693
7338.064 398.863
7339.117 1172.943
7340.170 2832.392
7341.223 3651.789
7342.276 2619.335
7343.329 978.129
7344.382 534.217
7345.435 510.576
7346.488 514.728
7347.541 490.822
7348.594 509.809
7349.647 479.669
7350.700 514.412
7351.753 527.325
7352.806 528.380
7353.859 519.063
7354.912 495.228
7355.965 437.395
7357.018 694.667
7358.071 1261.689
7359.124 1417.696
7360.177 1083.567
7361.230 638.483
7362.283 482.789
7363.336 472.894
7364.389 471.141
7365.442 440.076
7366.495 484.562
7367.548 951.668
7368.601 2148.844
7369.654 2819.962
7370.707 1959.229
7371.760 849.645
7372.813 559.355
7373.866 555.234
7374.919 529.139
7375.972 488.405
7377.025 471.478
7378.079 445.658
7379.132 459.449
7380.185 488.733
7381.238 439.021
7382.291 480.864
7383.344 480.206
7384.397 431.096
7385.450 425.217
7386.503 443.691
7387.556 472.454
7388.609 468.010
7389.662 458.324
7390.715 691.040
7391.768 1034.546
7392.821 1127.146
7393.874 799.681
7394.927 545.455
7395.980 425.588
7397.033 433.838
7398.086 464.734
7399.139 430.992
7400.192 814.897
7401.245 1497.855
7402.298 1759.726
7403.351 1277.860
7404.404 679.686
7405.457 524.983
7406.510 438.387
7407.563 439.070
7408.616 421.561
7409.669 428.034
7410.722 433.865
7411.775 490.999
7412.828 510.881
7413.881 453.321
7414.934 474.077
7415.987 463.557
7417.040 434.118
7418.093 462.787
7419.146 442.336
7420.199 403.004
7421.252 410.830
7422.305 443.685
7423.358 455.549
7424.411 447.369
7425.464 490.926
7426.517 405.368
7427.570 401.098
7428.623 619.143
7429.676 775.422
7430.729 705.692
7431.782 548.876
7432.835 464.544
7433.888 437.287
7434.941 393.461
7435.994 430.732
7437.047 678.970
7438.100 949.739
7439.153 1030.487
7440.206 742.311
7441.259 490.624
7442.312 403.126
7443.365 426.270
7444.418 425.910
7445.471 421.348
7446.524 437.958
7447.577 440.560
7448.630 432.747
7449.683 392.317
7450.736 390.030
7451.789 443.277
7452.842 409.000
7453.895 422.075
7454.948 435.609
7456.001 403.432
7457.054 415.201
7458.107 439.785
7459.160 438.210
7460.214 423.971
7461.267 422.668
7462.320 494.245
7463.373 511.848
7464.426 517.282
7465.479 514.849
7466.532 586.280
7467.585 646.529
7468.638 589.153
7469.691 538.488
7470.744 582.434
7471.797 698.621
7472.850 842.394
7473.903 945.532
7474.956 922.977
7476.009 713.670
7477.062 523.057
7478.115 544.653
7479.168 641.965
7480.221 641.936
7481.274 641.913
7482.327 641.893
7483.380 641.877
7484.433 641.863
7485.486 641.854
