3561.035 883.667
3562.213 930.749
3563.392 1117.716
3564.571 1422.971
3565.750 1276.809
3566.929 700.650
3568.108 846.251
3569.286 850.110
3570.465 1307.567
3571.644 815.088
3572.823 1044.589
3574.002 1037.103
3575.180 867.004
3576.359 558.764
3577.538 844.198
3578.717 522.186
3579.896 1116.144
3581.075 992.204
3582.253 891.805
3583.432 486.233
3584.611 574.259
3585.790 771.340
3586.969 791.111
3588.147 659.248
3589.326 867.200
3590.505 599.366
3591.684 1018.214
3592.863 1106.705
3594.042 1178.244
3595.220 750.062
3596.399 1070.297
3597.578 611.724
3598.757 452.142
3599.936 1280.118
3601.114 1385.259
3602.293 753.867
3603.472 568.127
3604.651 1280.190
3605.830 760.975
3607.009 837.893
3608.187 590.015
3609.366 877.125
3610.545 930.559
3611.724 936.658
3612.903 1169.590
3614.081 828.725
3615.260 1239.299
3616.439 1275.906
3617.618 1668.376
3618.797 1026.184
3619.976 1283.985
3621.154 1150.154
3622.333 1161.217
3623.512 1629.354
3624.691 1191.181
3625.870 1191.092
3627.048 1324.314
3628.227 1089.752
3629.406 1512.432
3630.585 947.182
3631.764 1108.799
3632.943 1227.424
3634.121 1501.954
3635.300 1251.616
3636.479 1856.189
3637.658 1576.341
3638.837 1292.260
3640.015 1231.000
3641.194 1044.151
3642.373 1002.442
3643.552 1529.092
3644.731 1436.540
3645.910 1299.395
3647.088 1217.065
3648.267 1190.223
3649.446 842.609
3650.625 1150.573
3651.804 986.604
3652.982 1090.367
3654.161 999.459
3655.340 1223.969
3656.519 1068.068
3657.698 758.505
3658.877 1124.734
3660.055 1090.525
3661.234 1194.340
3662.413 1152.120
3663.592 965.458
3664.771 1184.526
3665.949 832.917
3667.128 1093.332
3668.307 873.399
3669.486 746.971
3670.665 690.025
3671.844 805.073
3673.022 1111.182
3674.201 975.654
3675.380 949.752
3676.559 1359.742
3677.738 1123.133
3678.916 899.834
3680.095 787.889
3681.274 935.860
3682.453 883.500
3683.632 885.413
3684.811 703.527
3685.989 957.274
3687.168 748.972
3688.347 977.549
3689.526 1234.272
3690.705 529.878
3691.883 774.673
3693.062 891.078
3694.241 1062.607
3695.420 922.207
3696.599 842.367
3697.777 887.700
3698.956 1281.240
3700.135 1461.725
3701.314 1161.790
3702.493 1029.393
3703.672 1078.111
3704.850 735.224
3706.029 1556.818
3707.208 1467.641
3708.387 1015.329
3709.566 1130.868
3710.744 804.947
3711.923 724.625
3713.102 1204.414
3714.281 1447.165
3715.460 1177.003
3716.639 891.132
3717.817 874.995
3718.996 967.871
3720.175 620.139
3721.354 710.770
3722.533 998.205
3723.711 1563.746
3724.890 1762.932
3726.069 1780.146
3727.248 5550.829
3728.427 9688.484
3729.606 11564.061
3730.784 14036.949
3731.963 12191.145
3733.142 5414.904
3734.321 1422.022
3735.500 1615.472
3736.678 1982.876
3737.857 1819.598
3739.036 1118.342
3740.215 1037.786
3741.394 808.293
3742.573 1152.111
3743.751 1100.272
3744.930 847.450
3746.109 751.409
3747.288 888.867
3748.467 820.527
3749.645 857.972
3750.824 1058.855
3752.003 1701.851
3753.182 1876.578
3754.361 1299.789
3755.540 832.640
3756.718 902.463
3757.897 801.944
3759.076 737.886
3760.255 831.803
3761.434 852.471
3762.612 662.298
3763.791 626.545
3764.970 805.822
3766.149 905.502
3767.328 678.983
3768.507 596.425
3769.685 968.122
3770.864 801.299
3772.043 1568.902
3773.222 2101.670
3774.401 1664.321
3775.579 889.755
3776.758 985.716
3777.937 825.704
3779.116 756.016
3780.295 745.162
3781.474 1045.033
3782.652 821.883
3783.831 677.233
3785.010 813.774
3786.189 943.750
3787.368 654.474
3788.546 652.517
3789.725 947.764
3790.904 825.460
3792.083 698.329
3793.262 559.299
3794.441 627.755
3795.619 841.686
3796.798 729.619
3797.977 900.014
3799.156 1647.068
3800.335 2329.019
3801.513 1862.287
3802.692 788.857
3803.871 687.202
3805.050 681.876
3806.229 765.592
3807.408 577.672
3808.586 639.902
3809.765 759.161
3810.944 805.338
3812.123 869.198
3813.302 893.210
3814.480 981.584
3815.659 952.259
3816.838 885.479
3818.017 681.152
3819.196 665.224
3820.375 897.737
3821.553 1049.012
3822.732 1056.308
3823.911 753.848
3825.090 757.622
3826.269 644.563
3827.447 608.344
3828.626 981.443
3829.805 862.023
3830.984 997.160
3832.163 927.038
3833.342 740.762
3834.520 751.498
3835.699 1036.105
3836.878 2431.190
3838.057 3203.919
3839.236 1953.885
3840.414 849.294
3841.593 672.190
3842.772 653.667
3843.951 761.196
3845.130 893.610
3846.309 742.109
3847.487 618.053
3848.666 590.853
3849.845 811.073
3851.024 729.255
3852.203 632.593
3853.381 665.843
3854.560 667.480
3855.739 775.566
3856.918 678.498
3858.097 619.372
3859.275 625.015
3860.454 745.845
3861.633 593.121
3862.812 589.830
3863.991 734.004
3865.170 694.121
3866.348 671.295
3867.527 880.937
3868.706 1443.839
3869.885 6957.264
3871.064 14722.863
3872.242 11254.846
3873.421 3371.706
3874.600 541.693
3875.779 708.720
3876.958 689.359
3878.137 556.770
3879.315 558.996
3880.494 766.989
3881.673 660.117
3882.852 578.820
3884.031 551.671
3885.209 538.864
3886.388 618.674
3887.567 596.104
3888.746 969.433
3889.925 2954.100
3891.104 6305.799
3892.282 5228.424
3893.461 2026.568
3894.640 532.981
3895.819 634.617
3896.998 610.985
3898.176 653.797
3899.355 440.323
3900.534 555.195
3901.713 639.132
3902.892 612.089
3904.071 751.577
3905.249 729.918
3906.428 735.662
3907.607 748.855
3908.786 813.236
3909.965 802.407
3911.143 758.920
3912.322 735.956
3913.501 795.432
3914.680 872.319
3915.859 715.537
3917.038 663.924
3918.216 606.940
3919.395 564.880
3920.574 521.376
3921.753 635.348
3922.932 572.146
3924.110 562.885
3925.289 582.871
3926.468 551.731
3927.647 631.415
3928.826 485.832
3930.005 438.360
3931.183 431.979
3932.362 522.354
3933.541 518.744
3934.720 514.072
3935.899 556.148
3937.077 464.786
3938.256 467.590
3939.435 611.066
3940.614 622.072
3941.793 701.412
3942.972 611.765
3944.150 667.163
3945.329 544.583
3946.508 811.498
3947.687 832.805
3948.866 759.976
3950.044 655.823
3951.223 617.738
3952.402 656.113
3953.581 588.258
3954.760 487.458
3955.939 554.543
3957.117 544.738
3958.296 533.328
3959.475 653.276
3960.654 532.938
3961.833 527.234
3963.011 447.299
3964.190 453.058
3965.369 490.080
3966.548 788.746
3967.727 1076.526
3968.906 2512.914
3970.084 3929.604
3971.263 4512.813
3972.442 4817.450
3973.621 3599.697
3974.800 1408.391
3975.978 453.322
3977.157 596.845
3978.336 665.916
3979.515 682.786
3980.694 599.026
3981.873 579.332
3983.051 534.973
3984.230 613.038
3985.409 604.712
3986.588 527.542
3987.767 520.008
3988.945 449.463
3990.124 664.590
3991.303 482.767
3992.482 529.212
3993.661 529.224
3994.840 527.461
3996.018 540.396
3997.197 549.668
3998.376 552.910
3999.555 594.519
4000.734 594.838
4001.912 522.056
4003.091 603.151
4004.270 562.726
4005.449 485.253
4006.628 596.520
4007.807 643.893
4008.985 553.486
4010.164 623.209
4011.343 689.714
4012.522 729.133
4013.701 585.307
4014.879 592.375
4016.058 489.026
4017.237 555.001
4018.416 547.984
4019.595 570.525
4020.773 518.194
4021.952 506.844
4023.131 581.688
4024.310 636.842
4025.489 571.625
4026.668 574.531
4027.846 885.016
4029.025 1046.985
4030.204 880.534
4031.383 578.380
4032.562 518.495
4033.740 464.149
4034.919 499.154
4036.098 449.815
4037.277 528.019
4038.456 531.910
4039.635 609.055
4040.813 536.735
4041.992 646.594
4043.171 624.736
4044.350 576.436
4045.529 501.032
4046.707 568.416
4047.886 622.348
4049.065 632.020
4050.244 516.087
4051.423 602.748
4052.602 523.847
4053.780 527.422
4054.959 574.869
4056.138 496.664
4057.317 529.513
4058.496 522.395
4059.674 524.268
4060.853 549.057
4062.032 482.516
4063.211 594.763
4064.390 588.549
4065.569 600.221
4066.747 579.087
4067.926 529.894
4069.105 579.968
4070.284 606.697
4071.463 720.638
4072.641 732.308
4073.820 463.073
4074.999 535.627
4076.178 632.347
4077.357 597.531
4078.536 575.357
4079.714 576.962
4080.893 582.767
4082.072 544.883
4083.251 467.063
4084.430 540.814
4085.608 583.237
4086.787 483.821
4087.966 456.172
4089.145 539.401
4090.324 484.522
4091.503 470.545
4092.681 514.428
4093.860 520.364
4095.039 520.104
4096.218 434.805
4097.397 525.760
4098.575 492.914
4099.754 495.727
4100.933 497.477
4102.112 944.666
4103.291 3851.636
4104.470 5865.443
4105.648 4199.176
4106.827 883.235
4108.006 447.099
4109.185 470.502
4110.364 404.296
4111.542 524.634
4112.721 426.902
4113.900 375.790
4115.079 499.958
4116.258 526.692
4117.437 522.768
4118.615 453.760
4119.794 422.395
4120.973 469.585
4122.152 492.404
4123.331 482.757
4124.509 498.640
4125.688 496.129
4126.867 419.787
4128.046 413.262
4129.225 447.922
4130.404 517.689
4131.582 397.191
4132.761 437.741
4133.940 484.081
4135.119 421.933
4136.298 484.704
4137.476 539.948
4138.655 408.742
4139.834 507.837
4141.013 466.029
4142.192 350.364
4143.371 423.592
4144.549 417.398
4145.728 501.204
4146.907 471.303
4148.086 471.419
4149.265 382.049
4150.443 443.818
4151.622 401.968
4152.801 457.755
4153.980 453.174
4155.159 515.454
4156.338 525.702
4157.516 494.564
4158.695 513.084
4159.874 427.272
4161.053 444.195
4162.232 468.683
4163.410 503.085
4164.589 523.436
4165.768 447.683
4166.947 501.498
4168.126 449.837
4169.305 540.335
4170.483 538.440
4171.662 479.989
4172.841 555.351
4174.020 471.705
4175.199 405.785
4176.377 404.529
4177.556 445.287
4178.735 415.647
4179.914 477.214
4181.093 368.085
4182.271 450.168
4183.450 405.998
4184.629 486.758
4185.808 427.673
4186.987 381.378
4188.166 406.923
4189.344 448.455
4190.523 427.409
4191.702 447.270
4192.881 400.045
4194.060 438.831
4195.238 382.336
4196.417 456.917
4197.596 452.666
4198.775 378.177
4199.954 365.897
4201.133 356.106
4202.311 370.747
4203.490 366.995
4204.669 370.573
4205.848 360.711
4207.027 393.308
4208.205 402.191
4209.384 422.610
4210.563 407.070
4211.742 442.786
4212.921 433.472
4214.100 384.119
4215.278 432.841
4216.457 423.364
4217.636 467.699
4218.815 326.106
4219.994 350.351
4221.172 352.399
4222.351 417.885
4223.530 328.512
4224.709 410.213
4225.888 333.134
4227.067 388.597
4228.245 418.942
4229.424 350.893
4230.603 462.643
4231.782 360.074
4232.961 409.742
4234.139 362.235
4235.318 480.986
4236.497 453.499
4237.676 448.198
4238.855 392.541
4240.034 406.670
4241.212 355.718
4242.391 337.447
4243.570 358.697
4244.749 350.553
4245.928 388.552
4247.106 447.539
4248.285 397.626
4249.464 405.011
4250.643 397.463
4251.822 387.617
4253.001 380.296
4254.179 387.836
4255.358 342.890
4256.537 328.128
4257.716 365.366
4258.895 386.751
4260.073 356.119
4261.252 322.220
4262.431 352.667
4263.610 415.475
4264.789 407.227
4265.968 439.629
4267.146 438.971
4268.325 371.506
4269.504 394.738
4270.683 365.678
4271.862 350.944
4273.040 343.924
4274.219 334.161
4275.398 348.108
4276.577 344.232
4277.756 385.512
4278.935 353.654
4280.113 377.657
4281.292 405.408
4282.471 345.718
4283.650 339.010
4284.829 317.257
4286.007 354.406
4287.186 363.259
4288.365 356.374
4289.544 344.234
4290.723 355.262
4291.902 373.101
4293.080 345.951
4294.259 337.676
4295.438 349.430
4296.617 338.675
4297.796 305.686
4298.974 274.376
4300.153 307.638
4301.332 286.896
4302.511 315.744
4303.690 305.817
4304.869 341.482
4306.047 348.727
4307.226 326.644
4308.405 309.781
4309.584 344.694
4310.763 335.411
4311.941 338.945
4313.120 358.073
4314.299 347.554
4315.478 385.011
4316.657 359.050
4317.836 365.924
4319.014 361.422
4320.193 356.473
4321.372 338.772
4322.551 306.162
4323.730 277.823
4324.908 359.790
4326.087 321.557
4327.266 291.693
4328.445 331.765
4329.624 354.405
4330.803 349.368
4331.981 335.943
4333.160 312.325
4334.339 313.174
4335.518 344.866
4336.697 300.555
4337.875 356.958
4339.054 378.447
4340.233 359.871
4341.412 2059.710
4342.591 6227.152
4343.769 7443.649
4344.948 3506.240
4346.127 611.658
4347.306 336.207
4348.485 333.514
4349.664 366.237
4350.842 300.296
4352.021 343.252
4353.200 327.972
4354.379 286.729
4355.558 339.734
4356.736 342.990
4357.915 304.080
4359.094 266.351
4360.273 314.101
4361.452 348.741
4362.631 345.318
4363.809 432.520
4364.988 1251.961
4366.167 1610.469
4367.346 1264.768
4368.525 567.595
4369.703 406.305
4370.882 349.509
4372.061 270.562
4373.240 312.923
4374.419 333.782
4375.598 312.263
4376.776 316.331
4377.955 321.635
4379.134 296.072
4380.313 310.428
4381.492 351.993
4382.670 293.369
4383.849 310.086
4385.028 307.229
4386.207 321.124
4387.386 326.163
4388.565 275.672
4389.743 383.332
4390.922 368.660
4392.101 324.650
4393.280 352.933
4394.459 308.339
4395.637 302.093
4396.816 293.200
4397.995 299.160
4399.174 293.098
4400.353 326.352
4401.532 323.942
4402.710 324.170
4403.889 291.934
4405.068 308.042
4406.247 357.532
4407.426 385.207
4408.604 316.532
4409.783 352.892
4410.962 319.495
4412.141 358.756
4413.320 328.247
4414.499 335.330
4415.677 345.451
4416.856 408.075
4418.035 379.327
4419.214 356.497
4420.393 355.900
4421.571 336.174
4422.750 350.222
4423.929 370.403
4425.108 332.487
4426.287 302.836
4427.466 341.536
4428.644 333.448
4429.823 327.539
4431.002 333.940
4432.181 356.003
4433.360 333.177
4434.538 312.499
4435.717 307.752
4436.896 319.155
4438.075 313.246
4439.254 319.373
4440.433 347.728
4441.611 321.585
4442.790 322.899
4443.969 283.935
4445.148 300.338
4446.327 306.889
4447.505 297.791
4448.684 321.529
4449.863 263.309
4451.042 309.241
4452.221 285.371
4453.400 306.091
4454.578 321.572
4455.757 275.959
4456.936 293.913
4458.115 306.606
4459.294 249.414
4460.472 293.457
4461.651 245.084
4462.830 245.940
4464.009 249.645
4465.188 295.192
4466.367 307.736
4467.545 322.937
4468.724 314.428
4469.903 267.813
4471.082 267.254
4472.261 334.227
4473.439 677.109
4474.618 819.660
4475.797 631.215
4476.976 326.383
4478.155 284.874
4479.334 274.434
4480.512 280.681
4481.691 276.612
4482.870 305.962
4484.049 311.982
4485.228 295.763
4486.406 319.360
4487.585 290.507
4488.764 283.656
4489.943 297.941
4491.122 283.958
4492.301 276.141
4493.479 273.043
4494.658 282.571
4495.837 303.817
4497.016 297.054
4498.195 259.801
4499.373 290.582
4500.552 285.246
4501.731 281.260
4502.910 307.494
4504.089 300.335
4505.267 285.317
4506.446 281.238
4507.625 277.002
4508.804 298.048
4509.983 277.696
4511.162 311.057
4512.340 277.639
4513.519 286.864
4514.698 281.052
4515.877 296.835
4517.056 260.086
4518.234 250.265
4519.413 293.923
4520.592 331.347
4521.771 276.812
4522.950 321.510
4524.129 309.258
4525.307 263.277
4526.486 293.377
4527.665 293.786
4528.844 297.040
4530.023 287.129
4531.201 284.985
4532.380 291.232
4533.559 323.330
4534.738 335.373
4535.917 271.656
4537.096 298.380
4538.274 319.724
4539.453 331.377
4540.632 275.945
4541.811 321.968
4542.990 340.883
4544.168 297.856
4545.347 291.403
4546.526 298.579
4547.705 281.705
4548.884 300.733
4550.063 299.277
4551.241 277.744
4552.420 274.056
4553.599 296.748
4554.778 300.807
4555.957 267.254
4557.135 309.922
4558.314 277.988
4559.493 286.525
4560.672 273.613
4561.851 350.213
4563.030 303.043
4564.208 283.523
4565.387 279.643
4566.566 325.509
4567.745 272.317
4568.924 311.135
4570.102 312.963
4571.281 290.209
4572.460 286.320
4573.639 281.391
4574.818 282.762
4575.997 296.677
4577.175 290.941
4578.354 284.454
4579.533 319.038
4580.712 288.374
4581.891 258.199
4583.069 271.449
4584.248 275.103
4585.427 278.982
4586.606 334.242
4587.785 301.988
4588.964 266.397
4590.142 296.723
4591.321 295.608
4592.500 275.789
4593.679 306.859
4594.858 270.577
4596.036 255.520
4597.215 263.653
4598.394 251.816
4599.573 259.105
4600.752 255.306
4601.931 270.476
4603.109 280.245
4604.288 265.972
4605.467 296.489
4606.646 279.943
4607.825 288.355
4609.003 306.560
4610.182 282.170
4611.361 290.314
4612.540 282.981
4613.719 264.776
4614.898 240.091
4616.076 249.636
4617.255 292.000
4618.434 296.635
4619.613 269.606
4620.792 276.795
4621.970 290.110
4623.149 304.413
4624.328 302.842
4625.507 286.019
4626.686 265.122
4627.865 269.262
4629.043 300.607
4630.222 289.644
4631.401 265.337
4632.580 242.314
4633.759 282.290
4634.937 311.194
4636.116 265.417
4637.295 271.159
4638.474 299.499
4639.653 290.031
4640.832 286.135
4642.010 279.279
4643.189 293.203
4644.368 288.875
4645.547 310.994
4646.726 284.651
4647.904 249.241
4649.083 272.743
4650.262 262.437
4651.441 271.246
4652.620 282.384
4653.799 284.016
4654.977 318.165
4656.156 330.871
4657.335 296.614
4658.514 305.284
4659.693 318.359
4660.871 321.081
4662.050 310.915
4663.229 297.985
4664.408 320.555
4665.587 327.559
4666.765 289.266
4667.944 255.616
4669.123 320.706
4670.302 302.688
4671.481 322.073
4672.660 322.269
4673.838 329.524
4675.017 344.513
4676.196 346.429
4677.375 360.149
4678.554 350.651
4679.732 352.380
4680.911 397.954
4682.090 363.427
4683.269 380.504
4684.448 421.331
4685.627 466.071
4686.805 449.208
4687.984 455.376
4689.163 479.670
4690.342 426.465
4691.521 393.984
4692.699 412.972
4693.878 399.330
4695.057 386.656
4696.236 392.041
4697.415 356.059
4698.594 315.520
4699.772 323.614
4700.951 319.918
4702.130 296.358
4703.309 305.713
4704.488 325.217
4705.666 329.088
4706.845 295.331
4708.024 285.203
4709.203 283.655
4710.382 334.634
4711.561 307.751
4712.739 331.366
4713.918 497.999
4715.097 498.712
4716.276 387.336
4717.455 331.229
4718.633 274.557
4719.812 284.579
4720.991 272.820
4722.170 281.437
4723.349 279.824
4724.528 243.739
4725.706 298.777
4726.885 294.683
4728.064 252.471
4729.243 293.328
4730.422 259.472
4731.600 277.824
4732.779 293.953
4733.958 292.332
4735.137 251.050
4736.316 271.009
4737.495 317.056
4738.673 296.209
4739.852 271.354
4741.031 293.838
4742.210 374.878
4743.389 400.774
4744.567 383.273
4745.746 312.247
4746.925 299.159
4748.104 270.199
4749.283 269.842
4750.462 266.961
4751.640 289.322
4752.819 270.653
4753.998 252.789
4755.177 266.346
4756.356 287.225
4757.534 299.915
4758.713 265.902
4759.892 264.531
4761.071 279.101
4762.250 258.380
4763.429 269.373
4764.607 257.335
4765.786 255.889
4766.965 271.097
4768.144 265.730
4769.323 257.882
4770.501 253.505
4771.680 265.430
4772.859 301.047
4774.038 308.934
4775.217 281.272
4776.396 275.404
4777.574 277.324
4778.753 279.921
4779.932 273.382
4781.111 237.678
4782.290 270.755
4783.468 271.676
4784.647 226.418
4785.826 295.752
4787.005 249.598
4788.184 286.625
4789.363 278.525
4790.541 236.174
4791.720 303.045
4792.899 264.786
4794.078 283.127
4795.257 328.508
4796.435 280.437
4797.614 258.824
4798.793 271.947
4799.972 240.375
4801.151 267.466
4802.330 282.918
4803.508 296.493
4804.687 281.651
4805.866 271.489
4807.045 250.472
4808.224 261.703
4809.402 265.527
4810.581 264.326
4811.760 282.329
4812.939 257.463
4814.118 259.343
4815.296 288.420
4816.475 293.069
4817.654 290.785
4818.833 299.376
4820.012 299.484
4821.191 290.414
4822.369 263.949
4823.548 279.316
4824.727 319.768
4825.906 275.109
4827.085 309.581
4828.263 277.664
4829.442 271.157
4830.621 270.259
4831.800 296.097
4832.979 274.909
4834.158 321.789
4835.336 306.308
4836.515 328.275
4837.694 298.675
4838.873 293.059
4840.052 276.409
4841.230 294.071
4842.409 276.999
4843.588 278.276
4844.767 272.047
4845.946 305.668
4847.125 257.367
4848.303 278.351
4849.482 279.699
4850.661 273.669
4851.840 298.957
4853.019 270.017
4854.197 291.261
4855.376 295.340
4856.555 271.092
4857.734 262.412
4858.913 247.823
4860.092 379.744
4861.270 150.366
4862.449 3566.676
4863.628 11059.833
4864.807 13374.442
4865.986 6707.161
4867.164 625.860
4868.343 396.018
4869.522 283.379
4870.701 263.076
4871.880 265.084
4873.059 279.890
4874.237 262.286
4875.416 267.900
4876.595 261.062
4877.774 236.348
4878.953 271.146
4880.131 273.948
4881.310 285.859
4882.489 293.626
4883.668 304.174
4884.847 287.118
4886.026 292.680
4887.204 280.009
4888.383 244.996
4889.562 281.878
4890.741 285.678
4891.920 234.148
4893.098 257.474
4894.277 305.198
4895.456 276.025
4896.635 264.418
4897.814 281.135
4898.993 273.961
4900.171 246.681
4901.350 277.171
4902.529 291.135
4903.708 257.392
4904.887 260.735
4906.065 280.919
4907.244 280.360
4908.423 272.005
4909.602 262.530
4910.781 277.598
4911.960 308.672
4913.138 257.192
4914.317 257.756
4915.496 252.259
4916.675 300.918
4917.854 260.821
4919.032 253.899
4920.211 242.173
4921.390 255.013
4922.569 277.213
4923.748 354.917
4924.927 403.678
4926.105 380.148
4927.284 293.136
4928.463 265.311
4929.642 224.048
4930.821 254.442
4931.999 287.288
4933.178 283.423
4934.357 278.352
4935.536 247.754
4936.715 261.063
4937.894 282.111
4939.072 251.083
4940.251 251.804
4941.430 267.712
4942.609 273.014
4943.788 286.673
4944.966 297.562
4946.145 277.472
4947.324 259.861
4948.503 258.178
4949.682 246.265
4950.861 263.651
4952.039 278.742
4953.218 300.883
4954.397 290.404
4955.576 291.085
4956.755 279.197
4957.933 286.532
4959.112 609.496
4960.291 7898.497
4961.470 25945.176
4962.649 26609.510
4963.828 9744.434
4965.006 898.598
4966.185 266.799
4967.364 399.117
4968.543 370.688
4969.722 368.963
4970.900 337.964
4972.079 331.211
4973.258 277.710
4974.437 317.947
4975.616 298.310
4976.794 274.992
4977.973 285.335
4979.152 260.208
4980.331 274.696
4981.510 284.998
4982.689 259.011
4983.867 265.821
4985.046 302.726
4986.225 280.789
4987.404 306.189
4988.583 320.041
4989.761 325.461
4990.940 337.595
4992.119 316.893
4993.298 297.831
4994.477 295.239
4995.656 265.416
4996.834 269.643
4998.013 286.824
4999.192 298.625
5000.371 299.831
5001.550 317.439
5002.728 328.091
5003.907 348.680
5005.086 192.545
5006.265 1009.028
5007.444 906.562
5008.623 43516.335
5009.801 82531.200
5010.980 64300.097
5012.159 18208.592
5013.338 -1370.626
5014.517 994.973
5015.695 164.717
5016.874 428.763
5018.053 508.215
5019.232 563.276
5020.411 439.175
5021.590 291.282
5022.768 283.300
5023.947 276.285
5025.126 270.523
5026.305 269.038
5027.484 249.142
5028.662 272.625
5029.841 256.231
5031.020 260.328
5032.199 272.254
5033.378 268.418
5034.557 274.370
5035.735 263.534
5036.914 288.019
5038.093 247.032
5039.272 246.292
5040.451 253.841
5041.629 260.720
5042.808 269.449
5043.987 277.023
5045.166 281.023
5046.345 267.873
5047.524 270.764
5048.702 295.709
5049.881 285.980
5051.060 271.948
5052.239 271.318
5053.418 257.147
5054.596 240.530
5055.775 237.714
5056.954 258.902
5058.133 260.616
5059.312 243.486
5060.491 212.651
5061.669 242.487
5062.848 248.715
5064.027 257.223
5065.206 224.371
5066.385 235.471
5067.563 235.873
5068.742 215.563
5069.921 242.583
5071.100 257.683
5072.279 236.380
5073.458 234.591
5074.636 218.645
5075.815 216.810
5076.994 245.498
5078.173 237.458
5079.352 228.072
5080.530 207.552
5081.709 214.360
5082.888 244.970
5084.067 217.239
5085.246 238.096
5086.425 252.703
5087.603 276.748
5088.782 240.100
5089.961 261.168
5091.140 218.573
5092.319 241.126
5093.497 246.075
5094.676 240.359
5095.855 242.392
5097.034 240.933
5098.213 219.087
5099.392 214.800
5100.570 230.848
5101.749 225.695
5102.928 206.590
5104.107 255.287
5105.286 249.039
5106.464 230.941
5107.643 221.275
5108.822 197.848
5110.001 229.293
5111.180 233.762
5112.359 202.196
5113.537 212.497
5114.716 226.666
5115.895 226.841
5117.074 245.959
5118.253 232.064
5119.431 253.108
5120.610 254.231
5121.789 229.558
5122.968 225.654
5124.147 201.586
5125.326 217.497
5126.504 227.624
5127.683 205.198
5128.862 235.568
5130.041 209.274
5131.220 218.801
5132.398 234.342
5133.577 235.838
5134.756 227.034
5135.935 256.560
5137.114 269.727
5138.292 233.612
5139.471 217.871
5140.650 240.769
5141.829 242.282
5143.008 204.257
5144.187 229.653
5145.365 249.713
5146.544 250.851
5147.723 223.626
5148.902 238.306
5150.081 252.704
5151.259 241.386
5152.438 224.156
5153.617 256.255
5154.796 246.747
5155.975 245.016
5157.154 215.989
5158.332 230.075
5159.511 251.313
5160.690 253.320
5161.869 244.327
5163.048 262.168
5164.226 228.391
5165.405 196.712
5166.584 230.846
5167.763 216.680
5168.942 209.562
5170.121 222.166
5171.299 204.578
5172.478 210.669
5173.657 203.153
5174.836 227.543
5176.015 245.852
5177.193 202.519
5178.372 228.762
5179.551 231.744
5180.730 196.966
5181.909 206.394
5183.088 218.681
5184.266 199.586
5185.445 193.160
5186.624 245.598
5187.803 253.979
5188.982 238.771
5190.160 236.598
5191.339 214.704
5192.518 231.400
5193.697 242.789
5194.876 214.638
5196.055 304.686
5197.233 567.476
5198.412 780.937
5199.591 748.951
5200.770 567.756
5201.949 463.003
5203.127 302.526
5204.306 285.501
5205.485 230.062
5206.664 229.062
5207.843 219.400
5209.022 217.864
5210.200 255.458
5211.379 226.761
5212.558 221.776
5213.737 216.374
5214.916 245.242
5216.094 223.580
5217.273 228.032
5218.452 207.976
5219.631 202.212
5220.810 228.382
5221.989 222.855
5223.167 229.174
5224.346 251.563
5225.525 238.859
5226.704 214.866
5227.883 228.193
5229.061 225.484
5230.240 201.797
5231.419 216.761
5232.598 242.103
5233.777 232.592
5234.956 214.324
5236.134 208.026
5237.313 238.363
5238.492 262.523
5239.671 253.732
5240.850 216.509
5242.028 219.130
5243.207 229.378
5244.386 216.326
5245.565 204.539
5246.744 241.463
5247.923 224.740
5249.101 194.712
5250.280 237.424
5251.459 187.500
5252.638 184.927
5253.817 215.065
5254.995 207.385
5256.174 257.956
5257.353 270.183
5258.532 222.011
5259.711 203.339
5260.890 220.942
5262.068 205.219
5263.247 203.400
5264.426 203.433
5265.605 209.765
5266.784 201.922
5267.962 224.952
5269.141 228.257
5270.320 218.230
5271.499 219.748
5272.678 215.168
5273.857 224.456
5275.035 250.075
5276.214 255.930
5277.393 219.409
5278.572 193.214
5279.751 202.863
5280.929 190.658
5282.108 188.614
5283.287 230.900
5284.466 192.186
5285.645 215.765
5286.824 222.452
5288.002 184.655
5289.181 222.524
5290.360 220.649
5291.539 214.453
5292.718 224.246
5293.896 211.960
5295.075 225.575
5296.254 206.370
5297.433 196.980
5298.612 226.900
5299.790 231.383
5300.969 251.741
5302.148 239.536
5303.327 229.286
5304.506 205.760
5305.685 202.707
5306.863 238.283
5308.042 224.828
5309.221 220.221
5310.400 204.469
5311.579 215.471
5312.757 226.272
5313.936 246.529
5315.115 215.503
5316.294 191.728
5317.473 176.737
5318.652 158.386
5319.830 220.240
5321.009 246.241
5322.188 194.714
5323.367 211.328
5324.546 235.018
5325.724 214.734
5326.903 245.636
5328.082 243.024
5329.261 299.806
5330.440 384.088
5331.619 327.621
5332.797 256.412
5333.976 196.562
5335.155 228.126
5336.334 239.563
5337.513 228.878
5338.691 198.204
5339.870 213.182
5341.049 221.353
5342.228 206.152
5343.407 207.585
5344.586 216.762
5345.764 206.547
5346.943 207.277
5348.122 209.192
5349.301 190.359
5350.480 216.647
5351.658 218.096
5352.837 192.982
5354.016 188.962
5355.195 192.700
5356.374 219.088
5357.553 215.367
5358.731 221.664
5359.910 207.861
5361.089 216.265
5362.268 192.927
5363.447 191.741
5364.625 210.587
5365.804 209.847
5366.983 200.392
5368.162 204.714
5369.341 199.297
5370.520 203.919
5371.698 201.824
5372.877 191.781
5374.056 204.498
5375.235 199.770
5376.414 232.017
5377.592 221.037
5378.771 206.679
5379.950 189.504
5381.129 206.828
5382.308 216.673
5383.487 200.766
5384.665 167.608
5385.844 177.885
5387.023 218.113
5388.202 195.964
5389.381 202.337
5390.559 236.293
5391.738 232.422
5392.917 213.601
5394.096 206.543
5395.275 184.702
5396.454 173.062
5397.632 183.092
5398.811 185.501
5399.990 208.643
5401.169 195.984
5402.348 198.139
5403.526 191.602
5404.705 196.666
5405.884 199.544
5407.063 187.635
5408.242 178.351
5409.421 189.958
5410.599 191.038
5411.778 195.361
5412.957 197.782
5414.136 192.201
5415.315 186.232
5416.493 204.326
5417.672 217.046
5418.851 203.985
5420.030 205.489
5421.209 213.032
5422.388 212.254
5423.566 193.621
5424.745 179.811
5425.924 192.053
5427.103 200.447
5428.282 187.926
5429.460 201.901
5430.639 180.381
5431.818 166.305
5432.997 201.546
5434.176 201.044
5435.355 205.588
5436.533 235.092
5437.712 210.628
5438.891 193.454
5440.070 202.347
5441.249 190.130
5442.427 190.272
5443.606 177.681
5444.785 220.305
5445.964 192.116
5447.143 186.342
5448.322 209.246
5449.500 190.345
5450.679 209.951
5451.858 191.345
5453.037 190.496
5454.216 176.651
5455.394 177.043
5456.573 178.033
5457.752 186.549
5458.931 195.418
5460.110 187.742
5461.288 194.591
5462.467 209.273
5463.646 193.808
5464.825 183.332
5466.004 202.881
5467.183 203.442
5468.361 199.682
5469.540 196.635
5470.719 194.183
5471.898 173.117
5473.077 210.743
5474.255 194.093
5475.434 198.375
5476.613 178.527
5477.792 195.748
5478.971 187.869
5480.150 167.852
5481.328 187.454
5482.507 183.869
5483.686 171.823
5484.865 188.587
5486.044 199.419
5487.222 183.998
5488.401 172.964
5489.580 184.691
5490.759 164.940
5491.938 208.262
5493.117 187.395
5494.295 197.436
5495.474 163.433
5496.653 174.544
5497.832 183.878
5499.011 183.107
5500.189 193.656
5501.368 178.051
5502.547 183.593
5503.726 195.395
5504.905 186.978
5506.084 192.460
5507.262 207.441
5508.441 204.606
5509.620 178.228
5510.799 200.589
5511.978 202.698
5513.156 183.254
5514.335 194.361
5515.514 184.102
5516.693 185.267
5517.872 178.717
5519.051 203.775
5520.229 214.122
5521.408 235.586
5522.587 197.390
5523.766 166.272
5524.945 177.021
5526.123 177.873
5527.302 184.632
5528.481 191.252
5529.660 185.268
5530.839 191.612
5532.018 181.933
5533.196 193.102
5534.375 195.948
5535.554 182.557
5536.733 177.127
5537.912 199.133
5539.090 195.654
5540.269 197.589
5541.448 232.340
5542.627 248.804
5543.806 238.996
5544.985 228.604
5546.163 209.016
5547.342 192.660
5548.521 184.275
5549.700 188.697
5550.879 202.694
5552.057 196.842
5553.236 207.175
5554.415 198.382
5555.594 186.676
5556.773 190.704
5557.952 178.018
5559.130 184.971
5560.309 183.658
5561.488 198.448
5562.667 211.453
5563.846 250.668
5565.024 237.797
5566.203 207.758
5567.382 195.081
5568.561 195.546
5569.740 221.287
5570.919 207.336
5572.097 193.989
5573.276 233.363
5574.455 189.896
5575.634 2031.947
5576.813 9205.914
5577.991 11283.104
5579.170 6204.700
5580.349 969.435
5581.528 131.264
5582.707 247.196
5583.886 175.817
5585.064 178.499
5586.243 173.056
5587.422 206.363
5588.601 226.208
5589.780 229.883
5590.958 222.457
5592.137 191.968
5593.316 167.958
5594.495 151.143
5595.674 209.153
5596.853 177.096
5598.031 200.162
5599.210 211.258
5600.389 185.802
5601.568 172.424
5602.747 169.832
5603.925 208.225
5605.104 242.800
5606.283 245.880
5607.462 223.833
5608.641 191.996
5609.820 190.756
5610.998 202.876
5612.177 189.260
5613.356 196.148
5614.535 204.247
5615.714 184.299
5616.892 204.253
5618.071 214.893
5619.250 198.344
5620.429 189.140
5621.608 179.153
5622.786 216.082
5623.965 233.930
5625.144 212.495
5626.323 195.656
5627.502 161.048
5628.681 180.432
5629.859 217.616
5631.038 177.715
5632.217 165.066
5633.396 185.927
5634.575 186.720
5635.753 196.833
5636.932 195.278
5638.111 191.216
5639.290 213.440
5640.469 194.571
5641.648 169.935
5642.826 185.772
5644.005 197.052
5645.184 232.190
5646.363 205.540
5647.542 188.560
5648.720 204.406
5649.899 197.568
5651.078 173.156
5652.257 183.709
5653.436 204.477
5654.615 169.663
5655.793 175.413
5656.972 162.481
5658.151 199.468
5659.330 179.483
5660.509 170.992
5661.687 182.038
5662.866 178.407
5664.045 180.020
5665.224 200.257
5666.403 201.935
5667.582 192.736
5668.760 192.694
5669.939 194.159
5671.118 183.565
5672.297 187.814
5673.476 190.496
5674.654 163.214
5675.833 185.181
5677.012 184.869
5678.191 188.213
5679.370 207.101
5680.549 196.895
5681.727 198.627
5682.906 198.597
5684.085 213.666
5685.264 191.177
5686.443 211.381
5687.621 213.705
5688.800 188.194
5689.979 202.907
5691.158 217.322
5692.337 196.730
5693.516 188.280
5694.694 225.455
5695.873 206.247
5697.052 199.729
5698.231 212.933
5699.410 192.771
5700.588 207.682
5701.767 201.190
5702.946 220.351
5704.125 186.826
5705.304 167.880
5706.483 189.926
5707.661 184.130
5708.840 171.524
5710.019 183.646
5711.198 183.519
5712.377 189.540
5713.555 203.660
5714.734 174.630
5715.913 191.649
5717.092 190.437
5718.271 198.473
5719.450 200.740
5720.628 189.390
5721.807 207.716
5722.986 206.166
5724.165 219.422
5725.344 203.435
5726.522 198.859
5727.701 210.441
5728.880 213.417
5730.059 209.998
5731.238 187.172
5732.417 173.969
5733.595 183.861
5734.774 182.885
5735.953 197.372
5737.132 186.647
5738.311 188.355
5739.489 200.752
5740.668 210.077
5741.847 209.444
5743.026 180.894
5744.205 181.956
5745.384 191.573
5746.562 187.300
5747.741 200.872
5748.920 173.493
5750.099 165.277
5751.278 196.629
5752.456 165.123
5753.635 158.087
5754.814 178.329
5755.993 202.013
5757.172 188.069
5758.351 182.594
5759.529 187.353
5760.708 191.072
5761.887 191.903
5763.066 188.317
5764.245 195.687
5765.423 198.224
5766.602 191.866
5767.781 204.590
5768.960 186.007
5770.139 170.561
5771.318 186.728
5772.496 182.854
5773.675 200.850
5774.854 165.101
5776.033 186.291
5777.212 169.446
5778.390 184.606
5779.569 173.822
5780.748 175.936
5781.927 173.888
5783.106 176.704
5784.284 174.925
5785.463 171.107
5786.642 188.770
5787.821 194.761
5789.000 181.091
5790.179 177.305
5791.357 173.750
5792.536 173.535
5793.715 180.065
5794.894 161.725
5796.073 176.673
5797.251 200.446
5798.430 188.615
5799.609 183.162
5800.788 183.324
5801.967 193.539
5803.146 196.290
5804.324 181.145
5805.503 176.556
5806.682 197.785
5807.861 204.117
5809.040 188.856
5810.218 176.592
5811.397 161.903
5812.576 181.030
5813.755 166.719
5814.934 214.621
5816.113 184.784
5817.291 192.283
5818.470 174.494
5819.649 192.644
5820.828 189.134
5822.007 180.380
5823.185 171.393
5824.364 178.813
5825.543 192.222
5826.722 188.524
5827.901 179.270
5829.080 180.397
5830.258 196.717
5831.437 186.292
5832.616 179.047
5833.795 191.418
5834.974 185.323
5836.152 186.897
5837.331 182.782
5838.510 183.287
5839.689 200.155
5840.868 189.117
5842.047 171.921
5843.225 178.423
5844.404 179.982
5845.583 176.965
5846.762 179.719
5847.941 177.873
5849.119 172.364
5850.298 175.528
5851.477 189.868
5852.656 193.796
5853.835 185.464
5855.014 182.982
5856.192 198.760
5857.371 179.463
5858.550 185.977
5859.729 176.848
5860.908 185.045
5862.086 193.056
5863.265 205.504
5864.444 241.326
5865.623 272.835
5866.802 301.145
5867.981 303.180
5869.159 277.060
5870.338 236.766
5871.517 208.778
5872.696 226.903
5873.875 216.157
5875.053 200.934
5876.232 202.347
5877.411 529.300
5878.590 982.861
5879.769 1075.076
5880.948 664.660
5882.126 285.027
5883.305 197.481
5884.484 178.902
5885.663 222.133
5886.842 295.457
5888.020 560.156
5889.199 1221.031
5890.378 1369.608
5891.557 890.080
5892.736 380.574
5893.915 359.564
5895.093 709.789
5896.272 919.951
5897.451 647.663
5898.630 295.382
5899.809 186.362
5900.987 200.923
5902.166 193.418
5903.345 186.347
5904.524 206.859
5905.703 219.453
5906.882 237.289
5908.060 211.022
5909.239 211.051
5910.418 205.225
5911.597 208.797
5912.776 174.862
5913.954 246.008
5915.133 349.192
5916.312 322.307
5917.491 255.534
5918.670 199.351
5919.849 181.078
5921.027 189.349
5922.206 184.890
5923.385 206.370
5924.564 236.874
5925.743 233.402
5926.921 197.965
5928.100 193.968
5929.279 174.901
5930.458 197.872
5931.637 268.151
5932.815 324.210
5933.994 332.394
5935.173 249.267
5936.352 186.883
5937.531 173.577
5938.710 164.232
5939.888 174.681
5941.067 180.315
5942.246 180.403
5943.425 191.455
5944.604 207.797
5945.782 218.220
5946.961 208.189
5948.140 211.835
5949.319 199.018
5950.498 209.118
5951.677 232.628
5952.855 267.648
5954.034 298.562
5955.213 253.890
5956.392 197.868
5957.571 213.536
5958.749 211.406
5959.928 190.612
5961.107 159.311
5962.286 160.836
5963.465 195.820
5964.644 183.945
5965.822 169.972
5967.001 180.522
5968.180 182.055
5969.359 204.139
5970.538 222.676
5971.716 221.976
5972.895 221.991
5974.074 222.004
