3561.035 3979.738
3562.213 4396.049
3563.392 4737.528
3564.571 4024.407
3565.750 4044.998
3566.929 4214.619
3568.108 4871.035
3569.286 5231.308
3570.465 3914.887
3571.644 4063.614
3572.823 3608.826
3574.002 4256.989
3575.180 4262.093
3576.359 4194.613
3577.538 3892.817
3578.717 4168.861
3579.896 3738.552
3581.075 4049.101
3582.253 3850.811
3583.432 4534.191
3584.611 4034.475
3585.790 3894.674
3586.969 4234.725
3588.147 3770.493
3589.326 4109.752
3590.505 4099.081
3591.684 4124.110
3592.863 4414.957
3594.042 4163.053
3595.220 4554.606
3596.399 4233.074
3597.578 4706.188
3598.757 4379.190
3599.936 4715.637
3601.114 4517.031
3602.293 4099.926
3603.472 3978.343
3604.651 4713.669
3605.830 4116.711
3607.009 4288.122
3608.187 4545.877
3609.366 4446.628
3610.545 4351.760
3611.724 4445.661
3612.903 4307.758
3614.081 6554.493
3615.260 4822.426
3616.439 4363.776
3617.618 4856.300
3618.797 4666.321
3619.976 4319.923
3621.154 4432.674
3622.333 4440.998
3623.512 4496.671
3624.691 4509.625
3625.870 4919.020
3627.048 4548.524
3628.227 4565.776
3629.406 4372.328
3630.585 4635.636
3631.764 4287.315
3632.943 4295.904
3634.121 4681.317
3635.300 4801.988
3636.479 5152.755
3637.658 4838.724
3638.837 4313.754
3640.015 4501.196
3641.194 4328.333
3642.373 4432.373
3643.552 4435.885
3644.731 4661.522
3645.910 4425.143
3647.088 4635.948
3648.267 4314.819
3649.446 4187.093
3650.625 4369.937
3651.804 4416.121
3652.982 4164.313
3654.161 4407.654
3655.340 4627.609
3656.519 4134.185
3657.698 4336.921
3658.877 4086.772
3660.055 4464.615
3661.234 4659.235
3662.413 4494.550
3663.592 4136.734
3664.771 4496.493
3665.949 4091.241
3667.128 4374.740
3668.307 4357.245
3669.486 3782.699
3670.665 3771.453
3671.844 3874.000
3673.022 4502.602
3674.201 4939.796
3675.380 4314.576
3676.559 3977.080
3677.738 4116.692
3678.916 4154.397
3680.095 4119.779
3681.274 4165.471
3682.453 3999.215
3683.632 4475.180
3684.811 4267.013
3685.989 4229.168
3687.168 3834.517
3688.347 4195.801
3689.526 4095.551
3690.705 3959.793
3691.883 3981.645
3693.062 4312.421
3694.241 4102.654
3695.420 3992.313
3696.599 3758.186
3697.777 4255.145
3698.956 4250.637
3700.135 4983.368
3701.314 4466.086
3702.493 4219.823
3703.672 4008.228
3704.850 4297.311
3706.029 4747.878
3707.208 4964.129
3708.387 3980.101
3709.566 4015.972
3710.744 3799.446
3711.923 4139.810
3713.102 4232.510
3714.281 4837.549
3715.460 4329.310
3716.639 3651.206
3717.817 3821.901
3718.996 3327.196
3720.175 3601.158
3721.354 3720.896
3722.533 4017.146
3723.711 4360.165
3724.890 4644.731
3726.069 4894.476
3727.248 8555.085
3728.427 13532.964
3729.606 16804.976
3730.784 19775.476
3731.963 19463.828
3733.142 12847.382
3734.321 7318.369
3735.500 4803.726
3736.678 4795.823
3737.857 4668.447
3739.036 4099.418
3740.215 3762.116
3741.394 4093.780
3742.573 4477.320
3743.751 4491.363
3744.930 4013.338
3746.109 3755.748
3747.288 3963.323
3748.467 3373.600
3749.645 3736.544
3750.824 4257.034
3752.003 4764.900
3753.182 4633.168
3754.361 4085.399
3755.540 3428.289
3756.718 3734.748
3757.897 3814.704
3759.076 3555.964
3760.255 3691.770
3761.434 3612.230
3762.612 3352.435
3763.791 3494.323
3764.970 3479.229
3766.149 3620.664
3767.328 3510.404
3768.507 3488.871
3769.685 3370.770
3770.864 3186.132
3772.043 4422.428
3773.222 5107.136
3774.401 4732.734
3775.579 3947.514
3776.758 3378.646
3777.937 3693.833
3779.116 3406.133
3780.295 3519.886
3781.474 3725.920
3782.652 3479.558
3783.831 3545.762
3785.010 3432.863
3786.189 3581.325
3787.368 3301.427
3788.546 3384.423
3789.725 3204.903
3790.904 3452.351
3792.083 3451.449
3793.262 3628.683
3794.441 3456.451
3795.619 3158.798
3796.798 3226.669
3797.977 3157.811
3799.156 4296.231
3800.335 5319.761
3801.513 4711.982
3802.692 3481.661
3803.871 3059.316
3805.050 3145.478
3806.229 3227.078
3807.408 3400.834
3808.586 3283.549
3809.765 3231.282
3810.944 3282.926
3812.123 3285.264
3813.302 3301.544
3814.480 3369.605
3815.659 3307.585
3816.838 3341.930
3818.017 3226.586
3819.196 3208.931
3820.375 3725.309
3821.553 3805.490
3822.732 3527.234
3823.911 3402.538
3825.090 2932.557
3826.269 3063.162
3827.447 3210.301
3828.626 3345.539
3829.805 3264.170
3830.984 3382.607
3832.163 3375.148
3833.342 3259.822
3834.520 3180.843
3835.699 3482.040
3836.878 5070.231
3838.057 6481.613
3839.236 4956.794
3840.414 3289.423
3841.593 3159.855
3842.772 3238.329
3843.951 3092.650
3845.130 3091.950
3846.309 2991.095
3847.487 3046.653
3848.666 2927.987
3849.845 3024.440
3851.024 3135.293
3852.203 2824.740
3853.381 3124.417
3854.560 2778.301
3855.739 2986.191
3856.918 3084.663
3858.097 2900.017
3859.275 2902.320
3860.454 2831.846
3861.633 2793.884
3862.812 2998.590
3863.991 3044.540
3865.170 2930.987
3866.348 2957.466
3867.527 2875.163
3868.706 3798.734
3869.885 11996.439
3871.064 20161.961
3872.242 17594.212
3873.421 5829.193
3874.600 3071.355
3875.779 2847.392
3876.958 2822.082
3878.137 3079.204
3879.315 2782.301
3880.494 2668.347
3881.673 2681.357
3882.852 2790.075
3884.031 2626.030
3885.209 2758.848
3886.388 2885.123
3887.567 3004.345
3888.746 3108.457
3889.925 6047.147
3891.104 9591.148
3892.282 8778.777
3893.461 4458.547
3894.640 2911.413
3895.819 2850.336
3896.998 2740.743
3898.176 2878.547
3899.355 2860.360
3900.534 2717.376
3901.713 2663.528
3902.892 2712.915
3904.071 2681.340
3905.249 2686.019
3906.428 2761.877
3907.607 2721.527
3908.786 2674.631
3909.965 2743.202
3911.143 2980.366
3912.322 2683.597
3913.501 2565.147
3914.680 2600.963
3915.859 2842.138
3917.038 3463.689
3918.216 3026.649
3919.395 2526.193
3920.574 2588.265
3921.753 2462.097
3922.932 2485.029
3924.110 2543.285
3925.289 2462.693
3926.468 2509.493
3927.647 2574.098
3928.826 2546.332
3930.005 2621.727
3931.183 2423.619
3932.362 2323.781
3933.541 2240.989
3934.720 2059.289
3935.899 2074.548
3937.077 2142.447
3938.256 2261.406
3939.435 2335.449
3940.614 2421.131
3941.793 2510.296
3942.972 2471.497
3944.150 2533.199
3945.329 2560.526
3946.508 2584.366
3947.687 2647.153
3948.866 2535.496
3950.044 2360.464
3951.223 2351.861
3952.402 2334.584
3953.581 2442.289
3954.760 2367.559
3955.939 2157.072
3957.117 2392.658
3958.296 2744.746
3959.475 2556.222
3960.654 2237.932
3961.833 2345.421
3963.011 2148.665
3964.190 2228.357
3965.369 2305.357
3966.548 2550.478
3967.727 2864.647
3968.906 4947.200
3970.084 6676.834
3971.263 7494.957
3972.442 7409.550
3973.621 6386.658
3974.800 3460.192
3975.978 2355.799
3977.157 2344.754
3978.336 2260.733
3979.515 2196.308
3980.694 2267.110
3981.873 2265.593
3983.051 2164.140
3984.230 2350.301
3985.409 2250.987
3986.588 2161.960
3987.767 2104.466
3988.945 2184.585
3990.124 2135.243
3991.303 2050.483
3992.482 2140.632
3993.661 2307.383
3994.840 2250.158
3996.018 2070.834
3997.197 2082.805
3998.376 2094.912
3999.555 2149.504
4000.734 2217.395
4001.912 2063.612
4003.091 2129.914
4004.270 2024.316
4005.449 2204.567
4006.628 2068.382
4007.807 2181.842
4008.985 2208.855
4010.164 2107.874
4011.343 2147.000
4012.522 2162.501
4013.701 2231.793
4014.879 2147.814
4016.058 2147.235
4017.237 2155.897
4018.416 2073.552
4019.595 2236.166
4020.773 2208.011
4021.952 2125.955
4023.131 2199.214
4024.310 2203.801
4025.489 2119.123
4026.668 2184.604
4027.846 2492.617
4029.025 2749.913
4030.204 2579.657
4031.383 2066.429
4032.562 2094.255
4033.740 2027.236
4034.919 2123.666
4036.098 2147.506
4037.277 2019.316
4038.456 1979.659
4039.635 1998.270
4040.813 1959.650
4041.992 2133.617
4043.171 2096.901
4044.350 1986.731
4045.529 2017.470
4046.707 2000.920
4047.886 2066.150
4049.065 2179.667
4050.244 2041.501
4051.423 2034.856
4052.602 1983.564
4053.780 2047.810
4054.959 2181.078
4056.138 2229.366
4057.317 2293.082
4058.496 2224.084
4059.674 2251.728
4060.853 2154.720
4062.032 2093.775
4063.211 2042.265
4064.390 2101.585
4065.569 2052.848
4066.747 2054.098
4067.926 2015.576
4069.105 1903.312
4070.284 1997.098
4071.463 2079.359
4072.641 2000.979
4073.820 1868.351
4074.999 1814.349
4076.178 1965.689
4077.357 1977.841
4078.536 1818.112
4079.714 1869.346
4080.893 1911.619
4082.072 1875.701
4083.251 1764.281
4084.430 1838.319
4085.608 1782.458
4086.787 1842.488
4087.966 1944.355
4089.145 1852.405
4090.324 1792.664
4091.503 1898.435
4092.681 1892.367
4093.860 1964.683
4095.039 1981.407
4096.218 1986.858
4097.397 1967.263
4098.575 2025.683
4099.754 2045.492
4100.933 2138.668
4102.112 2661.148
4103.291 6145.911
4104.470 8800.217
4105.648 6469.749
4106.827 2925.914
4108.006 1938.885
4109.185 1969.599
4110.364 1861.817
4111.542 1763.525
4112.721 1821.563
4113.900 1859.220
4115.079 1806.452
4116.258 1725.479
4117.437 1798.142
4118.615 1726.666
4119.794 1742.467
4120.973 1640.411
4122.152 1763.311
4123.331 1749.505
4124.509 1798.675
4125.688 1684.728
4126.867 1625.876
4128.046 1724.397
4129.225 1703.684
4130.404 1596.654
4131.582 1540.820
4132.761 1674.430
4133.940 1626.228
4135.119 1565.395
4136.298 1654.071
4137.476 1628.582
4138.655 1663.083
4139.834 1683.339
4141.013 1640.890
4142.192 1543.169
4143.371 1572.563
4144.549 1644.194
4145.728 1550.187
4146.907 1694.409
4148.086 1556.966
4149.265 1616.575
4150.443 1532.064
4151.622 1480.614
4152.801 1586.683
4153.980 1499.101
4155.159 1587.448
4156.338 1577.833
4157.516 1649.990
4158.695 1610.288
4159.874 1537.401
4161.053 1506.668
4162.232 1588.871
4163.410 1626.237
4164.589 1637.026
4165.768 1637.797
4166.947 1549.029
4168.126 1674.161
4169.305 1601.439
4170.483 1633.928
4171.662 1568.574
4172.841 1537.971
4174.020 1515.052
4175.199 1502.083
4176.377 1496.299
4177.556 1477.290
4178.735 1566.746
4179.914 1562.305
4181.093 1525.600
4182.271 1425.397
4183.450 1451.997
4184.629 1513.896
4185.808 1490.716
4186.987 1461.135
4188.166 1465.497
4189.344 1402.106
4190.523 1416.665
4191.702 1456.105
4192.881 1493.849
4194.060 1486.094
4195.238 1514.917
4196.417 1559.748
4197.596 1426.327
4198.775 1543.693
4199.954 1496.931
4201.133 1523.081
4202.311 1562.714
4203.490 1461.722
4204.669 1630.145
4205.848 1510.267
4207.027 1510.184
4208.205 1562.398
4209.384 1379.655
4210.563 1357.937
4211.742 1493.456
4212.921 1413.651
4214.100 1402.110
4215.278 1321.969
4216.457 1321.429
4217.636 1313.759
4218.815 1386.052
4219.994 1347.262
4221.172 1378.480
4222.351 1402.992
4223.530 1296.058
4224.709 1333.432
4225.888 1324.490
4227.067 1262.163
4228.245 1285.755
4229.424 1549.496
4230.603 1686.467
4231.782 1505.333
4232.961 1396.645
4234.139 1403.662
4235.318 1347.628
4236.497 1855.631
4237.676 1859.353
4238.855 1510.685
4240.034 1436.820
4241.212 1349.037
4242.391 1272.714
4243.570 1256.066
4244.749 1345.439
4245.928 1301.926
4247.106 1212.193
4248.285 1344.611
4249.464 1356.213
4250.643 1350.848
4251.822 1305.088
4253.001 1325.174
4254.179 1235.709
4255.358 1247.256
4256.537 1312.586
4257.716 1257.433
4258.895 1244.111
4260.073 1284.660
4261.252 1203.396
4262.431 1216.253
4263.610 1164.418
4264.789 1263.487
4265.968 1297.797
4267.146 1272.552
4268.325 1288.334
4269.504 1353.017
4270.683 1288.031
4271.862 1274.418
4273.040 1194.584
4274.219 1207.369
4275.398 1230.075
4276.577 1269.286
4277.756 1217.201
4278.935 1268.554
4280.113 1149.566
4281.292 1189.857
4282.471 1214.014
4283.650 1189.303
4284.829 1192.887
4286.007 1195.255
4287.186 1169.323
4288.365 1137.383
4289.544 1199.162
4290.723 1248.142
4291.902 1172.337
4293.080 1249.151
4294.259 1271.637
4295.438 1111.084
4296.617 1394.288
4297.796 1466.824
4298.974 1184.892
4300.153 1152.464
4301.332 1154.044
4302.511 1112.055
4303.690 1134.478
4304.869 1227.607
4306.047 1172.065
4307.226 1160.207
4308.405 1137.112
4309.584 1161.143
4310.763 1099.044
4311.941 1089.508
4313.120 1141.097
4314.299 1178.690
4315.478 1203.978
4316.657 1129.118
4317.836 1184.161
4319.014 1160.828
4320.193 1215.642
4321.372 1123.562
4322.551 1133.286
4323.730 1150.471
4324.908 1097.143
4326.087 1153.829
4327.266 1046.799
4328.445 1207.499
4329.624 1149.868
4330.803 1157.149
4331.981 1116.733
4333.160 1183.954
4334.339 1205.263
4335.518 1215.906
4336.697 1223.757
4337.875 1289.216
4339.054 1216.440
4340.233 1499.642
4341.412 3332.282
4342.591 9039.893
4343.769 9841.320
4344.948 5762.101
4346.127 1669.741
4347.306 1469.432
4348.485 1249.335
4349.664 1208.334
4350.842 1126.067
4352.021 1170.218
4353.200 1132.268
4354.379 1120.972
4355.558 1127.245
4356.736 1112.730
4357.915 1061.273
4359.094 1094.159
4360.273 1090.811
4361.452 1137.170
4362.631 1078.367
4363.809 1360.367
4364.988 2189.124
4366.167 2833.016
4367.346 2273.180
4368.525 1426.399
4369.703 1221.543
4370.882 1043.554
4372.061 1061.846
4373.240 1007.081
4374.419 1038.676
4375.598 1054.327
4376.776 1047.770
4377.955 1055.958
4379.134 1045.071
4380.313 1044.127
4381.492 1079.490
4382.670 1034.592
4383.849 1015.514
4385.028 1043.551
4386.207 1101.379
4387.386 1031.138
4388.565 1000.010
4389.743 1090.702
4390.922 1134.554
4392.101 1052.320
4393.280 1048.864
4394.459 1044.975
4395.637 1044.845
4396.816 1042.373
4397.995 996.048
4399.174 970.968
4400.353 978.618
4401.532 1035.644
4402.710 1036.455
4403.889 1013.157
4405.068 1049.704
4406.247 1032.434
4407.426 1020.528
4408.604 988.758
4409.783 999.711
4410.962 1018.380
4412.141 978.532
4413.320 1082.562
4414.499 1092.663
4415.677 1017.607
4416.856 1087.881
4418.035 1097.715
4419.214 1046.439
4420.393 1083.011
4421.571 1056.572
4422.750 1042.730
4423.929 974.062
4425.108 966.618
4426.287 1018.186
4427.466 985.578
4428.644 999.814
4429.823 999.027
4431.002 944.470
4432.181 955.689
4433.360 965.704
4434.538 1025.315
4435.717 997.851
4436.896 974.159
4438.075 991.450
4439.254 963.629
4440.433 971.190
4441.611 992.522
4442.790 954.965
4443.969 965.295
4445.148 956.927
4446.327 971.235
4447.505 956.472
4448.684 960.123
4449.863 968.874
4451.042 928.006
4452.221 933.992
4453.400 978.236
4454.578 961.399
4455.757 898.429
4456.936 898.807
4458.115 921.135
4459.294 926.177
4460.472 905.854
4461.651 914.207
4462.830 917.153
4464.009 926.882
4465.188 978.997
4466.367 955.720
4467.545 944.672
4468.724 942.286
4469.903 924.258
4471.082 961.626
4472.261 1068.188
4473.439 1440.887
4474.618 1615.227
4475.797 1384.205
4476.976 1064.634
4478.155 941.559
4479.334 978.362
4480.512 953.144
4481.691 902.706
4482.870 919.086
4484.049 920.482
4485.228 964.182
4486.406 944.065
4487.585 937.279
4488.764 876.047
4489.943 880.700
4491.122 890.414
4492.301 914.710
4493.479 923.968
4494.658 943.030
4495.837 964.108
4497.016 911.625
4498.195 904.774
4499.373 897.174
4500.552 924.580
4501.731 885.442
4502.910 899.943
4504.089 892.683
4505.267 917.407
4506.446 939.135
4507.625 908.256
4508.804 909.246
4509.983 932.847
4511.162 904.490
4512.340 954.830
4513.519 965.212
4514.698 937.084
4515.877 918.580
4517.056 884.350
4518.234 930.158
4519.413 989.016
4520.592 937.385
4521.771 954.187
4522.950 970.554
4524.129 913.996
4525.307 925.589
4526.486 950.785
4527.665 918.426
4528.844 960.149
4530.023 947.755
4531.201 897.768
4532.380 966.789
4533.559 964.027
4534.738 932.882
4535.917 928.948
4537.096 943.010
4538.274 1015.148
4539.453 1027.505
4540.632 1034.187
4541.811 1077.691
4542.990 1044.313
4544.168 1007.708
4545.347 1086.827
4546.526 1070.625
4547.705 1021.952
4548.884 1051.315
4550.063 1030.989
4551.241 973.272
4552.420 958.081
4553.599 951.982
4554.778 957.557
4555.957 892.739
4557.135 919.398
4558.314 974.365
4559.493 899.769
4560.672 917.304
4561.851 917.419
4563.030 914.998
4564.208 938.215
4565.387 931.064
4566.566 890.186
4567.745 942.048
4568.924 930.504
4570.102 895.163
4571.281 894.805
4572.460 884.996
4573.639 845.550
4574.818 923.135
4575.997 956.523
4577.175 886.921
4578.354 906.942
4579.533 874.962
4580.712 892.427
4581.891 874.099
4583.069 879.465
4584.248 926.212
4585.427 852.765
4586.606 858.062
4587.785 931.974
4588.964 865.913
4590.142 866.007
4591.321 852.826
4592.500 884.933
4593.679 854.534
4594.858 880.296
4596.036 847.621
4597.215 819.699
4598.394 814.920
4599.573 869.737
4600.752 820.265
4601.931 847.381
4603.109 792.539
4604.288 856.266
4605.467 878.820
4606.646 893.694
4607.825 848.116
4609.003 931.928
4610.182 914.012
4611.361 861.917
4612.540 918.542
4613.719 833.202
4614.898 822.617
4616.076 807.884
4617.255 802.962
4618.434 785.497
4619.613 854.073
4620.792 865.687
4621.970 899.953
4623.149 879.675
4624.328 847.959
4625.507 924.333
4626.686 857.841
4627.865 945.821
4629.043 892.007
4630.222 880.083
4631.401 889.381
4632.580 891.603
4633.759 925.022
4634.937 914.505
4636.116 954.330
4637.295 939.679
4638.474 885.569
4639.653 874.539
4640.832 925.920
4642.010 920.222
4643.189 911.435
4644.368 936.032
4645.547 925.108
4646.726 869.606
4647.904 856.469
4649.083 848.790
4650.262 832.177
4651.441 843.176
4652.620 880.968
4653.799 932.001
4654.977 916.619
4656.156 920.387
4657.335 924.339
4658.514 881.210
4659.693 939.077
4660.871 959.898
4662.050 956.051
4663.229 1040.980
4664.408 983.946
4665.587 902.261
4666.765 905.312
4667.944 907.925
4669.123 961.440
4670.302 967.372
4671.481 1011.285
4672.660 1052.875
4673.838 1135.234
4675.017 1225.794
4676.196 1273.225
4677.375 1476.963
4678.554 1641.094
4679.732 1823.713
4680.911 2151.115
4682.090 2434.605
4683.269 2729.028
4684.448 3034.912
4685.627 3195.297
4686.805 3276.921
4687.984 3174.072
4689.163 3000.117
4690.342 2806.996
4691.521 2508.172
4692.699 2287.336
4693.878 2136.051
4695.057 1966.783
4696.236 1854.177
4697.415 1777.756
4698.594 1631.868
4699.772 1548.458
4700.951 1522.321
4702.130 1500.007
4703.309 1322.243
4704.488 1249.403
4705.666 1212.215
4706.845 1149.455
4708.024 1113.510
4709.203 1095.528
4710.382 1045.571
4711.561 1008.138
4712.739 1074.684
4713.918 1201.861
4715.097 1243.122
4716.276 1085.449
4717.455 961.639
4718.633 996.165
4719.812 932.940
4720.991 878.370
4722.170 892.940
4723.349 926.429
4724.528 888.528
4725.706 877.307
4726.885 893.436
4728.064 866.241
4729.243 857.248
4730.422 892.546
4731.600 904.828
4732.779 866.036
4733.958 884.991
4735.137 851.967
4736.316 834.376
4737.495 843.334
4738.673 867.125
4739.852 859.025
4741.031 894.462
4742.210 1015.877
4743.389 1059.459
4744.567 1004.116
4745.746 835.095
4746.925 871.203
4748.104 819.071
4749.283 857.205
4750.462 798.342
4751.640 864.246
4752.819 831.211
4753.998 820.515
4755.177 793.921
4756.356 917.695
4757.534 800.171
4758.713 823.315
4759.892 838.474
4761.071 877.256
4762.250 813.882
4763.429 835.307
4764.607 823.180
4765.786 785.604
4766.965 736.460
4768.144 809.587
4769.323 783.622
4770.501 760.413
4771.680 779.692
4772.859 869.517
4774.038 871.753
4775.217 805.894
4776.396 785.541
4777.574 823.933
4778.753 811.705
4779.932 779.211
4781.111 798.819
4782.290 771.250
4783.468 769.700
4784.647 799.105
4785.826 781.110
4787.005 784.890
4788.184 784.167
4789.363 820.961
4790.541 828.024
4791.720 773.525
4792.899 787.768
4794.078 807.595
4795.257 809.845
4796.435 797.523
4797.614 758.407
4798.793 792.307
4799.972 793.023
4801.151 767.931
4802.330 808.220
4803.508 751.060
4804.687 823.687
4805.866 773.972
4807.045 817.041
4808.224 810.565
4809.402 770.332
4810.581 1081.562
4811.760 1109.285
4812.939 912.949
4814.118 842.102
4815.296 788.137
4816.475 763.918
4817.654 784.637
4818.833 809.556
4820.012 828.633
4821.191 811.696
4822.369 771.121
4823.548 784.995
4824.727 761.960
4825.906 796.604
4827.085 798.022
4828.263 809.386
4829.442 840.535
4830.621 774.809
4831.800 789.852
4832.979 805.974
4834.158 789.501
4835.336 832.763
4836.515 814.876
4837.694 784.452
4838.873 833.117
4840.052 848.259
4841.230 811.977
4842.409 844.018
4843.588 809.561
4844.767 777.438
4845.946 819.169
4847.125 786.773
4848.303 792.072
4849.482 800.509
4850.661 834.407
4851.840 847.201
4853.019 814.638
4854.197 905.664
4855.376 878.744
4856.555 946.128
4857.734 990.563
4858.913 1018.820
4860.092 1022.539
4861.270 1141.330
4862.449 4953.786
4863.628 14872.758
4864.807 17654.120
4865.986 8781.174
4867.164 2346.720
4868.343 1211.663
4869.522 1018.269
4870.701 898.224
4871.880 912.056
4873.059 853.831
4874.237 850.260
4875.416 865.269
4876.595 849.724
4877.774 854.285
4878.953 829.228
4880.131 829.799
4881.310 795.352
4882.489 739.960
4883.668 808.898
4884.847 842.132
4886.026 788.459
4887.204 840.213
4888.383 797.691
4889.562 726.018
4890.741 783.020
4891.920 787.060
4893.098 773.742
4894.277 759.479
4895.456 767.436
4896.635 813.248
4897.814 754.820
4898.993 746.953
4900.171 773.256
4901.350 800.809
4902.529 777.106
4903.708 743.892
4904.887 742.904
4906.065 764.406
4907.244 760.286
4908.423 775.312
4909.602 761.266
4910.781 725.391
4911.960 714.392
4913.138 697.388
4914.317 747.883
4915.496 787.492
4916.675 754.963
4917.854 739.945
4919.032 755.486
4920.211 776.341
4921.390 756.611
4922.569 793.332
4923.748 888.111
4924.927 925.947
4926.105 900.299
4927.284 774.685
4928.463 739.213
4929.642 759.829
4930.821 745.143
4931.999 731.761
4933.178 760.865
4934.357 808.135
4935.536 716.422
4936.715 782.564
4937.894 739.168
4939.072 760.076
4940.251 722.825
4941.430 753.813
4942.609 795.273
4943.788 751.436
4944.966 735.990
4946.145 774.313
4947.324 795.300
4948.503 796.932
4949.682 753.359
4950.861 754.341
4952.039 821.391
4953.218 797.783
4954.397 774.820
4955.576 763.392
4956.755 692.414
4957.933 979.000
4959.112 616.548
4960.291 12193.716
4961.470 33472.454
4962.649 32724.422
4963.828 14624.804
4965.006 1134.237
4966.185 1281.240
4967.364 773.882
4968.543 898.800
4969.722 743.710
4970.900 791.905
4972.079 760.623
4973.258 781.606
4974.437 781.660
4975.616 739.127
4976.794 782.817
4977.973 800.744
4979.152 712.750
4980.331 721.606
4981.510 732.486
4982.689 663.798
4983.867 888.003
4985.046 839.397
4986.225 717.257
4987.404 770.088
4988.583 819.359
4989.761 799.949
4990.940 803.552
4992.119 822.581
4993.298 764.940
4994.477 769.988
4995.656 770.338
4996.834 720.614
4998.013 762.074
4999.192 768.198
5000.371 753.281
5001.550 771.579
5002.728 756.422
5003.907 772.623
5005.086 1044.944
5006.265 757.655
5007.444 4763.433
5008.623 56255.593
5009.801 103031.761
5010.980 85988.327
5012.159 19674.306
5013.338 2062.709
5014.517 1531.340
5015.695 681.585
5016.874 865.155
5018.053 1011.679
5019.232 1127.277
5020.411 932.880
5021.590 749.672
5022.768 731.130
5023.947 711.112
5025.126 741.832
5026.305 766.645
5027.484 712.834
5028.662 722.074
5029.841 723.445
5031.020 710.919
5032.199 720.828
5033.378 693.767
5034.557 660.330
5035.735 686.584
5036.914 693.322
5038.093 708.434
5039.272 662.407
5040.451 675.557
5041.629 713.349
5042.808 691.463
5043.987 704.792
5045.166 646.795
5046.345 693.630
5047.524 693.883
5048.702 689.290
5049.881 700.695
5051.060 717.418
5052.239 709.979
5053.418 678.771
5054.596 701.647
5055.775 674.621
5056.954 685.956
5058.133 699.197
5059.312 674.013
5060.491 709.121
5061.669 670.105
5062.848 661.106
5064.027 658.497
5065.206 632.178
5066.385 659.252
5067.563 654.460
5068.742 674.170
5069.921 644.906
5071.100 656.327
5072.279 672.060
5073.458 648.298
5074.636 649.579
5075.815 639.442
5076.994 663.386
5078.173 643.045
5079.352 637.647
5080.530 642.926
5081.709 666.287
5082.888 652.091
5084.067 615.664
5085.246 666.894
5086.425 675.898
5087.603 643.664
5088.782 614.565
5089.961 583.668
5091.140 646.188
5092.319 699.103
5093.497 662.030
5094.676 639.548
5095.855 619.296
5097.034 628.314
5098.213 675.323
5099.392 628.861
5100.570 628.514
5101.749 626.858
5102.928 600.358
5104.107 637.839
5105.286 641.821
5106.464 577.899
5107.643 620.282
5108.822 624.949
5110.001 605.778
5111.180 613.761
5112.359 602.893
5113.537 632.696
5114.716 625.848
5115.895 609.944
5117.074 601.652
5118.253 614.868
5119.431 670.577
5120.610 643.421
5121.789 611.850
5122.968 645.443
5124.147 631.065
5125.326 586.854
5126.504 649.476
5127.683 622.935
5128.862 616.561
5130.041 596.870
5131.220 617.139
5132.398 639.795
5133.577 645.088
5134.756 643.268
5135.935 652.356
5137.114 614.362
5138.292 600.592
5139.471 617.341
5140.650 628.928
5141.829 562.583
5143.008 634.503
5144.187 660.870
5145.365 626.221
5146.544 639.567
5147.723 640.452
5148.902 645.478
5150.081 634.626
5151.259 653.916
5152.438 643.620
5153.617 603.775
5154.796 656.442
5155.975 620.537
5157.154 597.788
5158.332 577.084
5159.511 587.787
5160.690 592.997
5161.869 626.940
5163.048 604.499
5164.226 633.821
5165.405 632.199
5166.584 596.583
5167.763 606.044
5168.942 620.051
5170.121 585.423
5171.299 574.138
5172.478 595.963
5173.657 590.682
5174.836 591.250
5176.015 598.420
5177.193 587.827
5178.372 604.780
5179.551 595.314
5180.730 559.960
5181.909 595.596
5183.088 591.738
5184.266 568.599
5185.445 590.239
5186.624 642.235
5187.803 651.474
5188.982 652.949
5190.160 628.480
5191.339 608.100
5192.518 592.493
5193.697 614.394
5194.876 623.108
5196.055 661.369
5197.233 978.755
5198.412 1204.570
5199.591 1109.741
5200.770 988.427
5201.949 836.552
5203.127 677.516
5204.306 645.793
5205.485 605.206
5206.664 571.484
5207.843 603.942
5209.022 593.215
5210.200 622.517
5211.379 594.447
5212.558 577.910
5213.737 625.768
5214.916 587.672
5216.094 566.300
5217.273 596.852
5218.452 617.550
5219.631 607.634
5220.810 572.164
5221.989 567.110
5223.167 596.773
5224.346 616.905
5225.525 602.543
5226.704 589.615
5227.883 577.172
5229.061 578.652
5230.240 606.668
5231.419 629.717
5232.598 626.270
5233.777 599.198
5234.956 560.206
5236.134 564.844
5237.313 627.862
5238.492 642.932
5239.671 630.163
5240.850 600.442
5242.028 580.901
5243.207 589.807
5244.386 603.302
5245.565 563.865
5246.744 575.811
5247.923 576.402
5249.101 604.114
5250.280 566.981
5251.459 567.907
5252.638 588.402
5253.817 606.619
5254.995 608.497
5256.174 592.445
5257.353 613.083
5258.532 572.554
5259.711 586.752
5260.890 575.062
5262.068 598.953
5263.247 599.854
5264.426 557.833
5265.605 547.827
5266.784 564.314
5267.962 577.006
5269.141 518.832
5270.320 522.628
5271.499 551.943
5272.678 572.799
5273.857 595.717
5275.035 631.864
5276.214 631.489
5277.393 629.760
5278.572 575.569
5279.751 539.435
5280.929 577.436
5282.108 545.029
5283.287 511.634
5284.466 541.764
5285.645 548.585
5286.824 557.298
5288.002 537.197
5289.181 571.956
5290.360 576.938
5291.539 576.718
5292.718 573.636
5293.896 548.186
5295.075 592.199
5296.254 600.951
5297.433 537.017
5298.612 566.384
5299.790 552.290
5300.969 557.587
5302.148 578.595
5303.327 565.686
5304.506 559.957
5305.685 559.187
5306.863 549.316
5308.042 597.003
5309.221 725.050
5310.400 669.455
5311.579 542.775
5312.757 572.142
5313.936 576.796
5315.115 522.734
5316.294 510.623
5317.473 558.491
5318.652 510.190
5319.830 540.464
5321.009 550.762
5322.188 579.143
5323.367 570.275
5324.546 539.707
5325.724 571.738
5326.903 576.586
5328.082 552.486
5329.261 615.832
5330.440 683.210
5331.619 657.566
5332.797 587.382
5333.976 540.522
5335.155 542.658
5336.334 533.385
5337.513 566.824
5338.691 546.867
5339.870 556.788
5341.049 662.588
5342.228 661.033
5343.407 574.245
5344.586 518.000
5345.764 513.894
5346.943 531.603
5348.122 523.402
5349.301 543.363
5350.480 547.479
5351.658 491.007
5352.837 506.154
5354.016 550.244
5355.195 518.429
5356.374 516.496
5357.553 551.737
5358.731 556.965
5359.910 546.460
5361.089 510.824
5362.268 528.075
5363.447 502.928
5364.625 517.836
5365.804 489.179
5366.983 502.827
5368.162 512.154
5369.341 493.795
5370.520 512.100
5371.698 490.080
5372.877 488.866
5374.056 526.396
5375.235 493.718
5376.414 480.801
5377.592 524.287
5378.771 508.898
5379.950 489.739
5381.129 516.269
5382.308 530.630
5383.487 517.255
5384.665 512.079
5385.844 513.079
5387.023 518.046
5388.202 524.965
5389.381 494.090
5390.559 486.241
5391.738 518.347
5392.917 534.145
5394.096 520.564
5395.275 506.313
5396.454 503.171
5397.632 508.009
5398.811 519.947
5399.990 512.598
5401.169 506.132
5402.348 527.626
5403.526 542.028
5404.705 541.359
5405.884 553.493
5407.063 589.809
5408.242 598.590
5409.421 632.834
5410.599 614.312
5411.778 699.077
5412.957 654.632
5414.136 665.154
5415.315 648.746
5416.493 669.137
5417.672 654.166
5418.851 605.260
5420.030 623.037
5421.209 615.530
5422.388 558.891
5423.566 564.833
5424.745 594.761
5425.924 552.908
5427.103 543.328
5428.282 574.193
5429.460 546.084
5430.639 522.742
5431.818 554.625
5432.997 517.144
5434.176 504.287
5435.355 544.898
5436.533 576.921
5437.712 529.286
5438.891 488.168
5440.070 520.234
5441.249 501.201
5442.427 503.833
5443.606 505.534
5444.785 474.187
5445.964 493.299
5447.143 471.838
5448.322 445.725
5449.500 481.920
5450.679 522.385
5451.858 497.258
5453.037 487.357
5454.216 482.780
5455.394 484.276
5456.573 462.936
5457.752 497.855
5458.931 496.519
5460.110 476.474
5461.288 521.799
5462.467 480.290
5463.646 455.346
5464.825 478.755
5466.004 456.906
5467.183 432.167
5468.361 440.606
5469.540 462.730
5470.719 458.975
5471.898 457.220
5473.077 469.474
5474.255 459.637
5475.434 469.950
5476.613 424.847
5477.792 437.718
5478.971 486.744
5480.150 480.400
5481.328 458.915
5482.507 465.491
5483.686 482.655
5484.865 458.212
5486.044 460.806
5487.222 483.709
5488.401 474.474
5489.580 478.228
5490.759 480.499
5491.938 469.764
5493.117 479.626
5494.295 473.228
5495.474 462.774
5496.653 518.825
5497.832 523.279
5499.011 459.509
5500.189 493.155
5501.368 452.929
5502.547 457.689
5503.726 465.058
5504.905 482.707
5506.084 461.395
5507.262 437.084
5508.441 456.417
5509.620 464.438
5510.799 468.751
5511.978 479.657
5513.156 465.163
5514.335 451.748
5515.514 463.617
5516.693 479.822
5517.872 469.516
5519.051 463.362
5520.229 504.588
5521.408 479.175
5522.587 487.498
5523.766 440.446
5524.945 438.731
5526.123 466.971
5527.302 431.069
5528.481 421.009
5529.660 435.291
5530.839 446.653
5532.018 466.648
5533.196 458.462
5534.375 447.758
5535.554 454.834
5536.733 478.839
5537.912 458.155
5539.090 471.011
5540.269 473.744
5541.448 459.722
5542.627 524.603
5543.806 494.670
5544.985 493.480
5546.163 457.557
5547.342 451.168
5548.521 481.893
5549.700 488.918
5550.879 448.398
5552.057 438.062
5553.236 465.793
5554.415 432.869
5555.594 427.981
5556.773 471.888
5557.952 434.631
5559.130 448.631
5560.309 449.035
5561.488 442.473
5562.667 475.774
5563.846 485.637
5565.024 521.820
5566.203 462.642
5567.382 462.374
5568.561 478.886
5569.740 481.583
5570.919 462.126
5572.097 423.315
5573.276 552.742
5574.455 203.158
5575.634 2605.391
5576.813 9227.455
5577.991 11091.216
5579.170 6469.347
5580.349 878.291
5581.528 490.676
5582.707 514.035
5583.886 452.784
5585.064 413.464
5586.243 441.137
5587.422 487.052
5588.601 474.307
5589.780 477.493
5590.958 453.986
5592.137 445.786
5593.316 434.640
5594.495 429.345
5595.674 457.575
5596.853 441.996
5598.031 472.059
5599.210 489.159
5600.389 457.832
5601.568 428.064
5602.747 452.420
5603.925 455.109
5605.104 470.793
5606.283 467.177
5607.462 476.247
5608.641 482.754
5609.820 465.599
5610.998 409.665
5612.177 434.655
5613.356 462.748
5614.535 432.253
5615.714 453.328
5616.892 467.753
5618.071 436.558
5619.250 432.106
5620.429 436.802
5621.608 405.326
5622.786 493.696
5623.965 474.140
5625.144 428.425
5626.323 456.158
5627.502 436.362
5628.681 434.410
5629.859 431.493
5631.038 420.032
5632.217 437.673
5633.396 439.998
5634.575 417.601
5635.753 436.097
5636.932 449.097
5638.111 413.204
5639.290 425.878
5640.469 436.435
5641.648 459.964
5642.826 435.070
5644.005 439.802
5645.184 444.929
5646.363 469.606
5647.542 426.942
5648.720 427.691
5649.899 426.335
5651.078 437.033
5652.257 450.222
5653.436 432.083
5654.615 424.704
5655.793 430.950
5656.972 411.079
5658.151 404.011
5659.330 427.672
5660.509 421.661
5661.687 438.115
5662.866 387.831
5664.045 429.451
5665.224 453.148
5666.403 423.321
5667.582 440.360
5668.760 425.194
5669.939 457.615
5671.118 457.023
5672.297 409.829
5673.476 422.358
5674.654 442.787
5675.833 436.873
5677.012 436.783
5678.191 422.252
5679.370 420.446
5680.549 451.040
5681.727 406.020
5682.906 451.163
5684.085 451.268
5685.264 431.735
5686.443 441.291
5687.621 423.223
5688.800 437.604
5689.979 457.712
5691.158 467.227
5692.337 446.334
5693.516 425.072
5694.694 435.026
5695.873 437.717
5697.052 443.235
5698.231 446.084
5699.410 431.917
5700.588 418.816
5701.767 441.303
5702.946 411.957
5704.125 450.191
5705.304 415.824
5706.483 436.981
5707.661 441.057
5708.840 437.394
5710.019 417.263
5711.198 410.536
5712.377 402.180
5713.555 413.493
5714.734 412.291
5715.913 396.385
5717.092 453.021
5718.271 436.916
5719.450 398.108
5720.628 440.444
5721.807 424.214
5722.986 412.211
5724.165 418.171
5725.344 389.071
5726.522 440.826
5727.701 436.872
5728.880 419.747
5730.059 403.699
5731.238 411.097
5732.417 429.389
5733.595 414.389
5734.774 394.742
5735.953 394.074
5737.132 406.363
5738.311 407.026
5739.489 437.829
5740.668 428.499
5741.847 406.363
5743.026 525.124
5744.205 537.382
5745.384 435.399
5746.562 405.224
5747.741 425.371
5748.920 442.429
5750.099 424.519
5751.278 428.661
5752.456 426.654
5753.635 389.610
5754.814 406.742
5755.993 441.824
5757.172 433.719
5758.351 401.216
5759.529 376.688
5760.708 401.475
5761.887 400.489
5763.066 413.167
5764.245 396.225
5765.423 423.762
5766.602 396.933
5767.781 395.224
5768.960 414.597
5770.139 402.622
5771.318 408.589
5772.496 390.031
5773.675 406.104
5774.854 500.789
5776.033 473.828
5777.212 411.827
5778.390 426.202
5779.569 391.368
5780.748 396.227
5781.927 409.811
5783.106 409.698
5784.284 419.244
5785.463 404.303
5786.642 379.704
5787.821 376.643
5789.000 406.930
5790.179 424.311
5791.357 411.301
5792.536 389.203
5793.715 396.359
5794.894 428.318
5796.073 410.325
5797.251 426.492
5798.430 434.405
5799.609 428.528
5800.788 440.241
5801.967 461.293
5803.146 440.574
5804.324 455.042
5805.503 456.569
5806.682 437.222
5807.861 425.322
5809.040 416.576
5810.218 441.749
5811.397 436.497
5812.576 414.718
5813.755 438.134
5814.934 410.141
5816.113 423.713
5817.291 397.013
5818.470 433.305
5819.649 437.947
5820.828 433.094
5822.007 417.752
5823.185 420.373
5824.364 403.319
5825.543 405.585
5826.722 403.653
5827.901 381.741
5829.080 400.346
5830.258 413.336
5831.437 398.626
5832.616 388.031
5833.795 370.123
5834.974 397.468
5836.152 369.122
5837.331 435.693
5838.510 386.743
5839.689 403.124
5840.868 377.651
5842.047 394.936
5843.225 387.033
5844.404 366.091
5845.583 367.452
5846.762 388.763
5847.941 402.679
5849.119 429.433
5850.298 430.453
5851.477 376.770
5852.656 388.588
5853.835 368.122
5855.014 389.901
5856.192 385.937
5857.371 387.508
5858.550 410.477
5859.729 379.518
5860.908 374.178
5862.086 398.997
5863.265 419.490
5864.444 454.124
5865.623 499.866
5866.802 541.350
5867.981 547.750
5869.159 497.005
5870.338 455.537
5871.517 467.756
5872.696 470.827
5873.875 424.779
5875.053 445.997
5876.232 472.800
5877.411 832.384
5878.590 1485.530
5879.769 1580.796
5880.948 1003.653
5882.126 577.557
5883.305 455.193
5884.484 412.342
5885.663 442.916
5886.842 456.001
5888.020 773.039
5889.199 1448.741
5890.378 1554.237
5891.557 1118.425
5892.736 581.080
5893.915 566.601
5895.093 959.404
5896.272 1111.277
5897.451 798.500
5898.630 493.077
5899.809 379.726
5900.987 378.794
5902.166 418.351
5903.345 402.140
5904.524 402.543
5905.703 427.858
5906.882 413.317
5908.060 414.309
5909.239 371.084
5910.418 386.634
5911.597 370.404
5912.776 353.723
5913.954 451.351
5915.133 513.935
5916.312 517.788
5917.491 434.962
5918.670 399.031
5919.849 385.761
5921.027 373.203
5922.206 391.210
5923.385 399.689
5924.564 413.652
5925.743 426.374
5926.921 399.106
5928.100 398.230
5929.279 362.769
5930.458 384.161
5931.637 468.970
5932.815 527.999
5933.994 524.791
5935.173 386.683
5936.352 367.671
5937.531 355.955
5938.710 364.210
5939.888 379.845
5941.067 337.081
5942.246 363.345
5943.425 379.914
5944.604 369.905
5945.782 435.571
5946.961 382.606
5948.140 365.557
5949.319 344.013
5950.498 347.293
5951.677 390.597
5952.855 463.856
5954.034 518.670
5955.213 457.638
5956.392 377.216
5957.571 370.054
5958.749 375.697
5959.928 380.652
5961.107 355.350
5962.286 333.844
5963.465 368.298
5964.644 360.946
5965.822 371.493
5967.001 371.661
5968.180 366.548
5969.359 377.140
5970.538 385.480
5971.716 384.582
5972.895 384.522
5974.074 384.458
