5329.969 1873.097
5331.022 1824.963
5332.075 1320.498
5333.128 1211.625
5334.181 1200.952
5335.234 1242.378
5336.287 1118.259
5337.340 1187.852
5338.393 1248.845
5339.446 1404.056
5340.499 1199.139
5341.552 1251.179
5342.605 1301.002
5343.658 1245.312
5344.711 1146.442
5345.764 1177.360
5346.817 1245.437
5347.870 1155.839
5348.923 1157.567
5349.976 1189.096
5351.029 1206.452
5352.082 1216.756
5353.135 1196.264
5354.188 1217.526
5355.241 1199.726
5356.294 1255.950
5357.347 1070.026
5358.400 1145.636
5359.453 1031.808
5360.506 1216.833
5361.559 1288.198
5362.612 1110.992
5363.665 1100.894
5364.718 1109.874
5365.771 1139.202
5366.824 1029.476
5367.877 1251.731
5368.930 1074.483
5369.983 1100.624
5371.036 1009.297
5372.089 1166.468
5373.142 1225.827
5374.195 1200.689
5375.248 994.158
5376.301 1156.809
5377.354 992.066
5378.407 1119.142
5379.460 1120.841
5380.513 1095.205
5381.566 1000.516
5382.619 973.960
5383.672 1012.525
5384.725 1084.297
5385.778 1011.991
5386.831 1063.350
5387.884 1067.731
5388.937 1148.670
5389.990 1095.601
5391.043 1057.970
5392.097 998.801
5393.150 1006.227
5394.203 1121.184
5395.256 1216.781
5396.309 1093.347
5397.362 1033.817
5398.415 1022.459
5399.468 875.108
5400.521 909.276
5401.574 1171.860
5402.627 1022.197
5403.680 958.082
5404.733 980.585
5405.786 973.808
5406.839 1027.535
5407.892 1033.895
5408.945 1063.553
5409.998 996.645
5411.051 1024.090
5412.104 1102.294
5413.157 974.322
5414.210 1011.984
5415.263 1046.592
5416.316 1137.441
5417.369 1086.722
5418.422 1012.331
5419.475 1080.826
5420.528 1103.023
5421.581 986.388
5422.634 1158.482
5423.687 1101.659
5424.740 994.312
5425.793 1126.077
5426.846 950.697
5427.899 1069.447
5428.952 1101.402
5430.005 1041.228
5431.058 1048.938
5432.111 1023.076
5433.164 1039.733
5434.217 1097.533
5435.270 1234.025
5436.323 1282.290
5437.376 1142.658
5438.429 1092.207
5439.482 1091.925
5440.535 941.330
5441.588 1150.555
5442.641 1080.868
5443.694 1038.469
5444.747 998.542
5445.800 977.432
5446.853 864.325
5447.906 969.426
5448.959 1088.433
5450.012 1028.854
5451.065 993.615
5452.118 1011.536
5453.171 991.143
5454.224 908.967
5455.277 958.135
5456.330 1078.151
5457.383 1084.241
5458.436 1140.390
5459.489 1041.232
5460.542 1027.008
5461.595 939.486
5462.648 973.957
5463.701 925.429
5464.754 1063.633
5465.807 1083.056
5466.860 969.323
5467.913 869.214
5468.966 1029.450
5470.019 1043.533
5471.072 872.766
5472.125 1013.984
5473.178 969.429
5474.231 987.303
5475.285 994.369
5476.338 1024.561
5477.391 1078.464
5478.444 925.757
5479.497 1018.140
5480.550 1003.026
5481.603 1041.913
5482.656 1012.016
5483.709 971.713
5484.762 920.501
5485.815 1059.357
5486.868 924.493
5487.921 923.894
5488.974 1017.883
5490.027 1034.808
5491.080 1017.203
5492.133 1090.051
5493.186 1121.636
5494.239 1003.657
5495.292 885.523
5496.345 943.565
5497.398 1098.113
5498.451 936.462
5499.504 1128.063
5500.557 1098.855
5501.610 875.431
5502.663 1021.012
5503.716 971.233
5504.769 1045.214
5505.822 1037.752
5506.875 1011.738
5507.928 1086.667
5508.981 980.071
5510.034 964.734
5511.087 966.815
5512.140 955.024
5513.193 1071.588
5514.246 836.297
5515.299 911.695
5516.352 990.458
5517.405 953.934
5518.458 979.582
5519.511 1024.294
5520.564 1249.598
5521.617 1038.146
5522.670 974.843
5523.723 1016.549
5524.776 1012.138
5525.829 1084.054
5526.882 1025.261
5527.935 960.072
5528.988 872.085
5530.041 909.267
5531.094 950.906
5532.147 1004.232
5533.200 1081.352
5534.253 962.100
5535.306 993.895
5536.359 869.500
5537.412 967.641
5538.465 1118.291
5539.518 1103.458
5540.571 1109.266
5541.624 1223.545
5542.677 1224.163
5543.730 1100.380
5544.783 1019.729
5545.836 1014.381
5546.889 931.528
5547.942 1018.433
5548.995 1123.268
5550.048 1013.698
5551.101 1004.825
5552.154 1018.814
5553.207 1017.068
5554.260 1063.212
5555.313 963.340
5556.366 947.437
5557.419 1093.745
5558.473 960.057
5559.526 924.033
5560.579 912.653
5561.632 950.171
5562.685 1056.335
5563.738 1176.701
5564.791 1243.909
5565.844 1023.334
5566.897 1015.484
5567.950 942.102
5569.003 1005.153
5570.056 1033.804
5571.109 1024.640
5572.162 1024.679
5573.215 850.817
5574.268 1469.874
5575.321 2487.616
5576.374 27776.587
5577.427 51707.930
5578.480 40969.000
5579.533 5321.193
5580.586 1232.738
5581.639 1075.984
5582.692 994.397
5583.745 945.061
5584.798 1024.465
5585.851 996.405
5586.904 844.221
5587.957 1012.726
5589.010 1105.736
5590.063 1242.238
5591.116 937.965
5592.169 1048.250
5593.222 804.183
5594.275 903.782
5595.328 967.152
5596.381 987.902
5597.434 1065.881
5598.487 999.417
5599.540 857.581
5600.593 929.956
5601.646 912.748
5602.699 932.796
5603.752 969.655
5604.805 1141.520
5605.858 1202.981
5606.911 1082.833
5607.964 986.483
5609.017 855.249
5610.070 986.469
5611.123 889.815
5612.176 1011.433
5613.229 876.842
5614.282 974.390
5615.335 862.863
5616.388 886.895
5617.441 979.955
5618.494 976.643
5619.547 968.423
5620.600 992.385
5621.653 988.350
5622.706 1041.459
5623.759 1095.716
5624.812 1043.607
5625.865 982.937
5626.918 941.828
5627.971 1020.890
5629.024 850.460
5630.077 955.018
5631.130 969.457
5632.183 941.416
5633.236 980.828
5634.289 862.771
5635.342 917.853
5636.395 968.707
5637.448 962.588
5638.501 945.984
5639.554 974.240
5640.608 947.031
5641.661 852.314
5642.714 801.784
5643.767 888.143
5644.820 1139.063
5645.873 1103.057
5646.926 941.734
5647.979 897.121
5649.032 906.176
5650.085 951.585
5651.138 923.001
5652.191 940.720
5653.244 867.520
5654.297 941.174
5655.350 954.824
5656.403 945.508
5657.456 887.456
5658.509 877.018
5659.562 887.864
5660.615 891.918
5661.668 839.445
5662.721 971.413
5663.774 918.601
5664.827 1011.410
5665.880 947.009
5666.933 981.372
5667.986 966.777
5669.039 979.275
5670.092 1004.541
5671.145 910.015
5672.198 974.984
5673.251 928.940
5674.304 866.316
5675.357 889.172
5676.410 1003.620
5677.463 923.259
5678.516 979.797
5679.569 955.177
5680.622 845.683
5681.675 891.589
5682.728 1030.321
5683.781 873.970
5684.834 1022.298
5685.887 895.276
5686.940 954.336
5687.993 935.801
5689.046 921.346
5690.099 915.486
5691.152 960.356
5692.205 1057.462
5693.258 1095.268
5694.311 868.586
5695.364 934.555
5696.417 1001.359
5697.470 947.895
5698.523 850.182
5699.576 918.454
5700.629 956.759
5701.682 1047.770
5702.735 836.706
5703.788 897.604
5704.841 979.458
5705.894 894.577
5706.947 911.355
5708.000 917.868
5709.053 910.206
5710.106 898.273
5711.159 876.907
5712.212 907.891
5713.265 832.347
5714.318 909.377
5715.371 827.068
5716.424 973.174
5717.477 958.022
5718.530 839.962
5719.583 968.707
5720.636 906.325
5721.689 844.759
5722.742 917.741
5723.796 880.922
5724.849 904.431
5725.902 1019.866
5726.955 898.976
5728.008 881.434
5729.061 953.915
5730.114 965.833
5731.167 996.338
5732.220 896.409
5733.273 933.188
5734.326 888.465
5735.379 937.476
5736.432 859.598
5737.485 962.447
5738.538 832.834
5739.591 980.146
5740.644 935.798
5741.697 797.212
5742.750 880.143
5743.803 953.671
5744.856 738.188
5745.909 874.841
5746.962 872.953
5748.015 942.164
5749.068 910.030
5750.121 914.713
5751.174 870.312
5752.227 1078.446
5753.280 946.046
5754.333 819.490
5755.386 860.977
5756.439 1008.792
5757.492 1031.388
5758.545 938.613
5759.598 929.339
5760.651 906.745
5761.704 903.145
5762.757 894.753
5763.810 939.891
5764.863 996.655
5765.916 833.467
5766.969 801.959
5768.022 821.340
5769.075 946.579
5770.128 913.291
5771.181 868.879
5772.234 986.475
5773.287 979.068
5774.340 823.055
5775.393 852.493
5776.446 753.928
5777.499 874.213
5778.552 872.278
5779.605 799.567
5780.658 828.416
5781.711 882.149
5782.764 801.065
5783.817 940.997
5784.870 912.036
5785.923 851.676
5786.976 915.992
5788.029 910.076
5789.082 907.341
5790.135 900.726
5791.188 793.400
5792.241 881.255
5793.294 900.715
5794.347 954.493
5795.400 953.832
5796.453 968.119
5797.506 964.834
5798.559 884.384
5799.612 783.781
5800.665 880.136
5801.718 860.573
5802.771 784.039
5803.824 920.196
5804.877 947.857
5805.931 876.354
5806.984 885.083
5808.037 835.889
5809.090 803.721
5810.143 862.403
5811.196 967.581
5812.249 914.086
5813.302 780.697
5814.355 842.620
5815.408 854.645
5816.461 917.900
5817.514 946.468
5818.567 998.534
5819.620 823.876
5820.673 895.009
5821.726 875.839
5822.779 760.663
5823.832 868.272
5824.885 851.443
5825.938 888.472
5826.991 825.906
5828.044 852.433
5829.097 898.975
5830.150 884.825
5831.203 951.003
5832.256 868.807
5833.309 896.851
5834.362 947.590
5835.415 894.654
5836.468 859.136
5837.521 884.831
5838.574 903.358
5839.627 908.667
5840.680 884.238
5841.733 870.036
5842.786 872.172
5843.839 848.327
5844.892 837.908
5845.945 895.371
5846.998 881.730
5848.051 796.642
5849.104 907.474
5850.157 906.567
5851.210 889.508
5852.263 888.758
5853.316 938.296
5854.369 840.501
5855.422 915.709
5856.475 829.267
5857.528 840.325
5858.581 771.223
5859.634 930.871
5860.687 769.250
5861.740 874.465
5862.793 847.880
5863.846 900.927
5864.899 1113.536
5865.952 1371.271
5867.005 1540.793
5868.058 1305.649
5869.111 1167.229
5870.164 1015.747
5871.217 983.375
5872.270 943.060
5873.323 962.999
5874.376 921.829
5875.429 961.125
5876.482 1003.402
5877.535 2872.187
5878.588 7087.929
5879.641 8310.462
5880.694 4143.308
5881.747 1110.633
5882.800 897.871
5883.853 865.090
5884.906 878.444
5885.959 861.408
5887.012 1457.196
5888.065 1974.860
5889.119 5297.163
5890.172 6527.808
5891.225 4587.520
5892.278 1317.067
5893.331 1035.112
5894.384 1715.889
5895.437 3947.148
5896.490 4001.508
5897.543 2470.232
5898.596 776.816
5899.649 845.434
5900.702 806.928
5901.755 854.842
5902.808 903.098
5903.861 959.486
5904.914 985.106
5905.967 946.389
5907.020 1042.545
5908.073 951.202
5909.126 897.334
5910.179 867.320
5911.232 854.765
5912.285 812.987
5913.338 907.217
5914.391 1279.864
5915.444 1504.691
5916.497 1326.820
5917.550 922.662
5918.603 826.991
5919.656 880.284
5920.709 796.817
5921.762 929.154
5922.815 902.011
5923.868 1056.933
5924.921 1142.644
5925.974 1026.137
5927.027 944.199
5928.080 852.061
5929.133 831.315
5930.186 918.322
5931.239 957.309
5932.292 1418.718
5933.345 1567.374
5934.398 1304.657
5935.451 897.906
5936.504 921.653
5937.557 763.553
5938.610 801.259
5939.663 857.267
5940.716 827.913
5941.769 851.382
5942.822 817.833
5943.875 886.357
5944.928 938.737
5945.981 1119.365
5947.034 1021.091
5948.087 858.829
5949.140 853.897
5950.193 841.303
5951.246 888.782
5952.299 1109.312
5953.352 1481.502
5954.405 1413.138
5955.458 996.304
5956.511 843.406
5957.564 997.280
5958.617 978.722
5959.670 839.067
5960.723 808.066
5961.776 775.590
5962.829 811.374
5963.882 837.050
5964.935 944.597
5965.988 889.266
5967.041 726.441
5968.094 825.895
5969.147 801.021
5970.200 984.423
5971.254 992.521
5972.307 876.158
5973.360 880.936
5974.413 878.214
5975.466 1014.236
5976.519 1035.970
5977.572 1143.296
5978.625 1042.837
5979.678 816.002
5980.731 818.489
5981.784 835.359
5982.837 770.515
5983.890 771.612
5984.943 731.591
5985.996 731.440
5987.049 718.012
5988.102 744.981
5989.155 867.440
5990.208 835.000
5991.261 734.298
5992.314 767.346
5993.367 683.698
5994.420 742.827
5995.473 767.803
5996.526 872.485
5997.579 833.477
5998.632 852.705
5999.685 819.493
6000.738 780.827
6001.791 745.444
6002.844 827.745
6003.897 1010.547
6004.950 989.126
6006.003 719.600
6007.056 670.420
6008.109 743.159
6009.162 690.002
6010.215 714.943
6011.268 729.808
6012.321 757.933
6013.374 765.891
6014.427 717.294
6015.480 805.033
6016.533 700.554
6017.586 694.807
6018.639 721.577
6019.692 705.504
6020.745 761.518
6021.798 742.426
6022.851 699.300
6023.904 621.861
6024.957 757.203
6026.010 763.664
6027.063 787.669
6028.116 728.679
6029.169 779.903
6030.222 741.839
6031.275 700.478
6032.328 657.051
6033.381 802.173
6034.434 836.482
6035.487 759.922
6036.540 691.565
6037.593 699.190
6038.646 735.452
6039.699 739.931
6040.752 676.047
6041.805 637.829
6042.858 664.254
6043.911 762.629
6044.964 665.198
6046.017 749.449
6047.070 746.125
6048.123 780.839
6049.176 654.523
6050.229 765.437
6051.282 726.740
6052.335 793.011
6053.388 627.570
6054.442 750.155
6055.495 743.942
6056.548 719.956
6057.601 643.344
6058.654 669.438
6059.707 698.518
6060.760 614.854
6061.813 747.837
6062.866 676.712
6063.919 671.085
6064.972 773.056
6066.025 780.102
6067.078 690.666
6068.131 701.348
6069.184 690.485
6070.237 593.723
6071.290 588.287
6072.343 741.549
6073.396 603.360
6074.449 622.441
6075.502 696.253
6076.555 684.686
6077.608 650.348
6078.661 653.126
6079.714 586.175
6080.767 638.092
6081.820 643.537
6082.873 645.124
6083.926 635.253
6084.979 671.424
6086.032 611.671
6087.085 627.900
6088.138 639.934
6089.191 652.812
6090.244 675.921
6091.297 650.167
6092.350 643.951
6093.403 641.866
6094.456 677.921
6095.509 677.970
6096.562 653.727
6097.615 680.153
6098.668 690.429
6099.721 679.298
6100.774 627.290
6101.827 644.357
6102.880 645.721
6103.933 706.052
6104.986 691.096
6106.039 639.301
6107.092 687.284
6108.145 635.575
6109.198 659.832
6110.251 702.038
6111.304 625.678
6112.357 666.256
6113.410 661.750
6114.463 661.484
6115.516 648.004
6116.569 542.219
6117.622 657.731
6118.675 649.162
6119.728 678.458
6120.781 610.985
6121.834 662.853
6122.887 599.938
6123.940 579.066
6124.993 618.612
6126.046 641.217
6127.099 640.972
6128.152 577.185
6129.205 645.457
6130.258 661.317
6131.311 674.704
6132.364 600.252
6133.417 556.933
6134.470 641.166
6135.523 686.220
6136.577 699.952
6137.630 707.079
6138.683 724.217
6139.736 738.508
6140.789 758.768
6141.842 645.599
6142.895 672.970
6143.948 792.496
6145.001 670.260
6146.054 645.400
6147.107 610.432
6148.160 633.463
6149.213 575.554
6150.266 619.493
6151.319 633.110
6152.372 662.149
6153.425 647.503
6154.478 677.121
6155.531 1003.096
6156.584 1262.301
6157.637 1406.660
6158.690 1219.191
6159.743 870.217
6160.796 635.012
6161.849 588.014
6162.902 687.635
6163.955 631.873
6165.008 603.647
6166.061 620.750
6167.114 653.346
6168.167 633.325
6169.220 666.313
6170.273 963.231
6171.326 956.896
6172.379 694.929
6173.432 607.304
6174.485 651.311
6175.538 666.105
6176.591 742.041
6177.644 681.250
6178.697 654.074
6179.750 680.128
6180.803 616.033
6181.856 612.546
6182.909 609.146
6183.962 673.865
6185.015 623.176
6186.068 620.860
6187.121 682.747
6188.174 557.538
6189.227 590.011
6190.280 546.110
6191.333 646.531
6192.386 668.087
6193.439 677.799
6194.492 696.490
6195.545 544.188
6196.598 593.884
6197.651 567.890
6198.704 593.776
6199.757 636.605
6200.810 689.430
6201.863 826.766
6202.916 791.330
6203.969 801.961
6205.022 607.140
6206.075 604.898
6207.128 628.408
6208.181 589.515
6209.234 648.373
6210.287 631.312
6211.340 609.861
6212.393 678.381
6213.446 783.233
6214.499 684.229
6215.552 584.026
6216.605 595.217
6217.658 610.587
6218.711 632.869
6219.765 592.473
6220.818 757.098
6221.871 915.752
6222.924 790.763
6223.977 662.189
6225.030 635.896
6226.083 599.500
6227.136 600.977
6228.189 602.509
6229.242 528.301
6230.295 535.433
6231.348 547.368
6232.401 709.883
6233.454 968.912
6234.507 1192.591
6235.560 1595.037
6236.613 1524.470
6237.666 1135.581
6238.719 798.251
6239.772 776.811
6240.825 834.570
6241.878 880.433
6242.931 913.152
6243.984 842.537
6245.037 694.141
6246.090 597.110
6247.143 667.853
6248.196 621.322
6249.249 610.622
6250.302 603.306
6251.355 564.633
6252.408 607.147
6253.461 526.223
6254.514 580.604
6255.567 650.893
6256.620 1060.299
6257.673 1712.854
6258.726 1643.103
6259.779 1003.165
6260.832 640.970
6261.885 701.411
6262.938 683.749
6263.991 795.952
6265.044 937.990
6266.097 899.247
6267.150 809.353
6268.203 747.970
6269.256 704.248
6270.309 616.479
6271.362 594.586
6272.415 656.857
6273.468 609.506
6274.521 686.072
6275.574 752.584
6276.627 751.876
6277.680 717.577
6278.733 643.485
6279.786 602.296
6280.839 609.360
6281.892 609.173
6282.945 579.628
6283.998 580.392
6285.051 629.431
6286.104 901.608
6287.157 1373.982
6288.210 1490.053
6289.263 922.973
6290.316 597.035
6291.369 649.601
6292.422 597.554
6293.475 608.127
6294.528 633.446
6295.581 596.728
6296.634 1221.000
6297.687 877.588
6298.740 13344.643
6299.793 42498.553
6300.846 52441.981
6301.899 26220.329
6302.953 637.862
6304.006 1517.968
6305.059 896.786
6306.112 1475.471
6307.165 1832.488
6308.218 1336.058
6309.271 754.064
6310.324 620.256
6311.377 619.905
6312.430 665.810
6313.483 642.171
6314.536 882.050
6315.589 1428.452
6316.642 1207.251
6317.695 741.234
6318.748 576.735
6319.801 676.568
6320.854 888.861
6321.907 980.708
6322.960 803.079
6324.013 607.511
6325.066 580.547
6326.119 582.110
6327.172 604.810
6328.225 750.063
6329.278 1334.693
6330.331 1531.834
6331.384 1045.789
6332.437 615.245
6333.490 662.487
6334.543 627.553
6335.596 665.702
6336.649 561.896
6337.702 575.863
6338.755 633.622
6339.808 591.227
6340.861 592.646
6341.914 563.575
6342.967 592.143
6344.020 610.737
6345.073 589.415
6346.126 613.526
6347.179 668.364
6348.232 860.929
6349.285 743.459
6350.338 622.571
6351.391 574.019
6352.444 520.445
6353.497 613.637
6354.550 636.115
6355.603 1004.447
6356.656 1226.299
6357.709 893.695
6358.762 641.524
6359.815 562.906
6360.868 796.524
6361.921 2085.848
6362.974 12195.312
6364.027 17670.173
6365.080 10990.875
6366.133 2487.483
6367.186 411.525
6368.239 747.789
6369.292 551.378
6370.345 614.027
6371.398 646.472
6372.451 591.226
6373.504 572.229
6374.557 566.240
6375.610 607.270
6376.663 629.311
6377.716 580.295
6378.769 667.207
6379.822 679.016
6380.875 568.341
6381.928 573.709
6382.981 589.651
6384.034 600.071
6385.088 638.376
6386.141 823.591
6387.194 879.552
6388.247 687.742
6389.300 564.829
6390.353 609.098
6391.406 596.133
6392.459 562.357
6393.512 565.506
6394.565 523.237
6395.618 498.068
6396.671 536.542
6397.724 549.442
6398.777 490.336
6399.830 515.529
6400.883 516.201
6401.936 596.651
6402.989 593.863
6404.042 519.431
6405.095 550.497
6406.148 579.650
6407.201 528.586
6408.254 425.846
6409.307 507.885
6410.360 552.312
6411.413 586.784
6412.466 607.909
6413.519 613.350
6414.572 581.163
6415.625 509.118
6416.678 475.912
6417.731 536.331
6418.784 535.460
6419.837 600.860
6420.890 646.611
6421.943 594.715
6422.996 501.837
6424.049 516.937
6425.102 497.635
6426.155 500.173
6427.208 532.017
6428.261 542.677
6429.314 529.306
6430.367 458.477
6431.420 442.394
6432.473 490.643
6433.526 541.460
6434.579 546.045
6435.632 538.098
6436.685 506.990
6437.738 480.174
6438.791 482.274
6439.844 458.474
6440.897 472.801
6441.950 475.484
6443.003 491.538
6444.056 549.084
6445.109 542.475
6446.162 544.348
6447.215 488.934
6448.268 540.529
6449.321 521.945
6450.374 546.436
6451.427 504.192
6452.480 539.173
6453.533 690.435
6454.586 672.705
6455.639 685.315
6456.692 646.491
6457.745 626.134
6458.798 517.331
6459.851 532.441
6460.904 519.169
6461.957 515.846
6463.010 670.396
6464.063 841.652
6465.116 983.739
6466.169 1002.842
6467.222 888.331
6468.276 565.582
6469.329 646.956
6470.382 1019.852
6471.435 971.459
6472.488 717.839
6473.541 510.217
6474.594 520.424
6475.647 501.513
6476.700 572.320
6477.753 670.637
6478.806 650.007
6479.859 515.286
6480.912 507.063
6481.965 510.512
6483.018 462.505
6484.071 471.948
6485.124 517.356
6486.177 528.394
6487.230 506.158
6488.283 520.236
6489.336 525.958
6490.389 473.043
6491.442 474.481
6492.495 497.148
6493.548 477.442
6494.601 501.593
6495.654 518.447
6496.707 587.530
6497.760 1190.465
6498.813 1733.634
6499.866 1325.328
6500.919 656.321
6501.972 564.032
6503.025 562.850
6504.078 713.531
6505.131 828.272
6506.184 764.613
6507.237 512.216
6508.290 531.596
6509.343 511.332
6510.396 476.583
6511.449 521.941
6512.502 463.380
6513.555 597.660
6514.608 612.812
6515.661 551.064
6516.714 493.205
6517.767 452.692
6518.820 493.545
6519.873 486.587
6520.926 564.205
6521.979 776.451
6523.032 740.940
6524.085 686.879
6525.138 549.320
6526.191 498.066
6527.244 546.231
6528.297 486.251
6529.350 504.451
6530.403 540.030
6531.456 737.673
6532.509 1258.535
6533.562 1442.366
6534.615 945.888
6535.668 507.140
6536.721 524.408
6537.774 532.010
6538.827 576.808
6539.880 575.749
6540.933 566.181
6541.986 624.182
6543.039 675.138
6544.092 889.535
6545.145 804.308
6546.198 623.573
6547.251 580.983
6548.304 621.388
6549.357 617.368
6550.411 668.338
6551.464 857.428
6552.517 1320.445
6553.570 1627.771
6554.623 1496.414
6555.676 715.905
6556.729 594.093
6557.782 563.267
6558.835 582.658
6559.888 585.975
6560.941 717.959
6561.994 770.187
6563.047 2985.296
6564.100 3023.446
6565.153 48799.158
6566.206 125234.253
6567.259 133393.661
6568.312 54817.140
6569.365 1697.122
6570.418 2589.102
6571.471 752.867
6572.524 735.847
6573.577 591.498
6574.630 552.400
6575.683 689.086
6576.736 1184.206
6577.789 1361.863
6578.842 916.423
6579.895 537.915
6580.948 541.093
6582.001 577.405
6583.054 548.921
6584.107 678.445
6585.160 906.315
6586.213 1187.159
6587.266 1251.892
6588.319 1163.688
6589.372 665.144
6590.425 617.193
6591.478 568.285
6592.531 528.177
6593.584 572.546
6594.637 549.783
6595.690 618.670
6596.743 710.049
6597.796 610.884
6598.849 550.876
6599.902 496.295
6600.955 435.378
6602.008 527.304
6603.061 746.321
6604.114 860.853
6605.167 692.786
6606.220 532.691
6607.273 518.202
6608.326 469.712
6609.379 458.553
6610.432 496.782
6611.485 524.171
6612.538 472.606
6613.591 521.613
6614.644 471.742
6615.697 441.621
6616.750 444.832
6617.803 473.216
6618.856 473.094
6619.909 427.647
6620.962 462.876
6622.015 461.350
6623.068 521.658
6624.121 472.973
6625.174 470.892
6626.227 517.912
6627.280 550.829
6628.333 550.850
6629.386 525.770
6630.439 447.077
6631.492 456.603
6632.545 474.533
6633.599 621.798
6634.652 655.995
6635.705 530.657
6636.758 450.418
6637.811 479.925
6638.864 488.768
6639.917 429.236
6640.970 418.494
6642.023 433.044
6643.076 496.332
6644.129 447.331
6645.182 446.511
6646.235 438.909
6647.288 421.484
6648.341 449.490
6649.394 519.358
6650.447 424.868
6651.500 513.073
6652.553 476.678
6653.606 489.612
6654.659 443.619
6655.712 400.715
6656.765 454.577
6657.818 409.688
6658.871 466.317
6659.924 473.604
6660.977 494.558
6662.030 461.917
6663.083 432.891
6664.136 447.773
6665.189 465.492
6666.242 483.603
6667.295 509.687
6668.348 502.643
6669.401 445.365
6670.454 409.390
6671.507 427.984
6672.560 433.628
6673.613 407.644
6674.666 426.111
6675.719 436.386
6676.772 459.621
6677.825 483.178
6678.878 472.196
6679.931 548.231
6680.984 1234.712
6682.037 1999.267
6683.090 1631.896
6684.143 647.309
6685.196 480.224
6686.249 481.010
6687.302 429.306
6688.355 586.102
6689.408 432.388
6690.461 365.296
6691.514 405.267
6692.567 417.045
6693.620 440.305
6694.673 421.961
6695.726 445.640
6696.779 432.489
6697.832 442.661
6698.885 495.034
6699.938 469.050
6700.991 464.109
6702.044 428.563
6703.097 428.505
6704.150 487.002
6705.203 477.408
6706.256 462.196
6707.309 459.491
6708.362 461.153
6709.415 399.023
6710.468 430.708
6711.521 396.851
6712.574 475.748
6713.627 461.910
6714.680 423.330
6715.734 491.436
6716.787 709.803
6717.840 1216.932
6718.893 1847.620
6719.946 2209.016
6720.999 1987.683
6722.052 1076.224
6723.105 584.443
6724.158 511.134
6725.211 428.257
6726.264 415.217
6727.317 415.255
6728.370 438.850
6729.423 438.658
6730.476 466.031
6731.529 645.281
6732.582 1105.246
6733.635 1528.626
6734.688 1776.304
6735.741 1310.525
6736.794 671.392
6737.847 515.272
6738.900 489.310
6739.953 514.562
6741.006 458.512
6742.059 411.135
6743.112 421.519
6744.165 467.527
6745.218 403.703
6746.271 395.989
6747.324 407.340
6748.377 420.643
6749.430 395.810
6750.483 420.083
6751.536 453.166
6752.589 383.199
6753.642 390.845
6754.695 457.245
6755.748 419.235
6756.801 413.991
6757.854 441.761
6758.907 412.854
6759.960 433.786
6761.013 430.124
6762.066 376.910
6763.119 418.478
6764.172 398.705
6765.225 421.586
6766.278 425.341
6767.331 423.203
6768.384 450.021
6769.437 417.597
6770.490 386.524
6771.543 376.925
6772.596 400.898
6773.649 398.849
6774.702 380.613
6775.755 432.464
6776.808 422.913
6777.861 378.408
6778.914 392.339
6779.967 384.010
6781.020 387.256
6782.073 374.908
6783.126 370.092
6784.179 453.595
6785.232 434.184
6786.285 371.924
6787.338 437.352
6788.391 441.811
6789.444 394.458
6790.497 435.334
6791.550 348.234
6792.603 402.435
6793.656 379.459
6794.709 376.649
6795.762 393.049
6796.815 406.059
6797.868 422.869
6798.922 430.956
6799.975 431.825
6801.028 428.050
6802.081 426.037
6803.134 428.399
6804.187 399.968
6805.240 387.363
6806.293 417.825
6807.346 393.902
6808.399 375.463
6809.452 404.742
6810.505 398.066
6811.558 364.298
6812.611 366.286
6813.664 412.830
6814.717 398.152
6815.770 421.442
6816.823 397.578
6817.876 368.919
6818.929 402.536
6819.982 402.781
6821.035 374.661
6822.088 375.548
6823.141 391.315
6824.194 416.442
6825.247 374.930
6826.300 602.457
6827.353 935.253
6828.406 1414.205
6829.459 1783.657
6830.512 1328.054
6831.565 713.098
6832.618 741.268
6833.671 1503.244
6834.724 1752.215
6835.777 1197.574
6836.830 440.420
6837.883 431.904
6838.936 446.704
6839.989 456.402
6841.042 681.649
6842.095 736.099
6843.148 605.633
6844.201 467.492
6845.254 342.747
6846.307 389.644
6847.360 387.242
6848.413 396.303
6849.466 411.193
6850.519 432.886
6851.572 472.188
6852.625 391.374
6853.678 360.913
6854.731 415.489
6855.784 397.311
6856.837 401.537
6857.890 443.016
6858.943 447.988
6859.996 387.417
6861.049 369.830
6862.102 727.773
6863.155 2421.106
6864.208 3008.104
6865.261 1921.141
6866.314 637.604
6867.367 281.167
6868.420 265.140
6869.473 332.313
6870.526 469.521
6871.579 564.569
6872.632 433.687
6873.685 235.556
6874.738 229.502
6875.791 310.634
6876.844 353.685
6877.897 299.676
6878.950 293.848
6880.003 482.509
6881.056 650.850
6882.110 612.598
6883.163 417.327
6884.216 357.296
6885.269 301.943
6886.322 361.699
6887.375 348.366
6888.428 699.617
6889.481 885.943
6890.534 656.301
6891.587 393.675
6892.640 315.839
6893.693 416.178
6894.746 433.426
6895.799 354.608
6896.852 293.407
6897.905 282.840
6898.958 404.668
6900.011 610.721
6901.064 775.577
6902.117 660.854
6903.170 348.596
6904.223 318.447
6905.276 338.114
6906.329 344.746
6907.382 397.977
6908.435 398.624
6909.488 360.525
6910.541 361.625
6911.594 816.306
6912.647 1129.905
6913.700 927.177
6914.753 523.930
6915.806 389.572
6916.859 395.394
6917.912 348.985
6918.965 321.570
6920.018 326.165
6921.071 407.674
6922.124 933.075
6923.177 1802.288
6924.230 1563.176
6925.283 510.434
6926.336 406.608
6927.389 402.160
6928.442 400.061
6929.495 389.274
6930.548 378.649
6931.601 386.293
6932.654 339.388
6933.707 340.455
6934.760 396.983
6935.813 392.844
6936.866 387.929
6937.919 521.664
6938.972 894.952
6940.025 1072.847
6941.078 705.538
6942.131 360.585
6943.184 372.306
6944.237 376.794
6945.290 385.159
6946.343 334.329
6947.396 549.603
6948.449 1832.406
6949.502 2006.274
6950.555 1227.533
6951.608 484.740
6952.661 418.493
6953.714 441.057
6954.767 388.067
6955.820 400.213
6956.873 433.980
6957.926 402.122
6958.979 428.794
6960.032 430.519
6961.085 379.550
6962.138 385.594
6963.191 398.402
6964.245 395.810
6965.298 405.146
6966.351 457.190
6967.404 330.937
6968.457 470.410
6969.510 719.550
6970.563 823.498
6971.616 526.892
6972.669 403.548
6973.722 384.605
6974.775 411.975
6975.828 357.485
6976.881 598.799
6977.934 1149.279
6978.987 1309.531
6980.040 812.286
6981.093 408.718
6982.146 398.644
6983.199 400.533
6984.252 388.909
6985.305 350.452
6986.358 403.071
6987.411 429.993
6988.464 406.564
6989.517 390.782
6990.570 390.940
6991.623 438.796
6992.676 367.383
6993.729 364.697
6994.782 391.595
6995.835 372.623
6996.888 428.909
6997.941 445.898
6998.994 376.448
7000.047 364.438
7001.100 499.431
7002.153 702.247
7003.206 736.199
7004.259 609.145
7005.312 494.658
7006.365 381.823
7007.418 414.482
7008.471 326.155
7009.524 351.783
7010.577 674.731
7011.630 806.765
7012.683 700.757
7013.736 416.075
7014.789 347.580
7015.842 324.382
7016.895 346.765
7017.948 352.501
7019.001 357.538
7020.054 366.323
7021.107 345.376
7022.160 338.422
7023.213 325.879
7024.266 380.318
7025.319 426.154
7026.372 366.510
7027.425 390.281
7028.478 362.954
7029.531 386.285
7030.584 413.909
7031.637 375.265
7032.690 390.373
7033.743 349.128
7034.796 393.317
7035.849 351.953
7036.902 332.123
7037.955 345.377
7039.008 374.251
7040.061 455.754
7041.114 491.599
7042.167 457.781
7043.220 388.859
7044.273 377.885
7045.326 420.954
7046.379 426.449
7047.433 618.945
7048.486 644.464
7049.539 534.482
7050.592 433.523
7051.645 467.268
7052.698 447.400
7053.751 442.062
7054.804 437.718
7055.857 435.626
7056.910 425.159
7057.963 365.239
7059.016 333.858
7060.069 388.120
7061.122 399.245
7062.175 397.532
7063.228 482.512
7064.281 418.118
7065.334 423.586
7066.387 492.860
7067.440 506.228
7068.493 1036.546
7069.546 1355.642
7070.599 1068.320
7071.652 565.682
7072.705 397.095
7073.758 436.336
7074.811 469.181
7075.864 416.287
7076.917 406.517
7077.970 452.910
7079.023 450.242
7080.076 420.654
7081.129 415.013
7082.182 443.473
7083.235 451.703
7084.288 478.008
7085.341 379.747
7086.394 384.454
7087.447 405.920
7088.500 564.830
7089.553 508.372
7090.606 419.851
7091.659 385.405
7092.712 426.896
7093.765 402.768
7094.818 353.878
7095.871 347.938
7096.924 357.695
7097.977 389.108
7099.030 362.843
7100.083 316.691
7101.136 334.072
7102.189 349.746
7103.242 366.709
7104.295 340.921
7105.348 360.966
7106.401 346.788
7107.454 360.964
7108.507 399.227
7109.560 388.926
7110.613 312.368
7111.666 332.083
7112.719 395.677
7113.772 339.262
7114.825 321.414
7115.878 363.567
7116.931 362.392
7117.984 401.017
7119.037 356.582
7120.090 336.911
7121.143 346.155
7122.196 348.082
7123.249 329.542
7124.302 321.133
7125.355 368.289
7126.408 418.335
7127.461 395.112
7128.514 436.506
7129.568 411.008
7130.621 353.845
7131.674 385.275
7132.727 402.214
7133.780 395.887
7134.833 407.219
7135.886 374.261
7136.939 336.936
7137.992 671.859
7139.045 2132.492
7140.098 3052.236
7141.151 2281.651
7142.204 778.164
7143.257 452.269
7144.310 508.681
7145.363 462.628
7146.416 460.044
7147.469 437.302
7148.522 445.848
7149.575 440.248
7150.628 384.565
7151.681 364.965
7152.734 351.996
7153.787 354.834
7154.840 373.993
7155.893 414.126
7156.946 410.686
7157.999 437.219
7159.052 394.649
7160.105 406.117
7161.158 444.761
7162.211 416.924
7163.264 364.288
7164.317 374.927
7165.370 428.792
7166.423 424.804
7167.476 390.073
7168.529 378.813
7169.582 397.169
7170.635 412.081
7171.688 343.153
7172.741 353.862
7173.794 406.216
7174.847 411.246
7175.900 443.536
7176.953 435.397
7178.006 392.645
7179.059 390.541
7180.112 358.120
7181.165 398.820
7182.218 401.179
7183.271 340.650
7184.324 311.660
7185.377 354.311
7186.430 358.036
7187.483 293.735
7188.536 331.082
7189.589 343.217
7190.642 308.017
7191.695 374.272
7192.748 314.394
7193.801 351.096
7194.854 325.462
7195.907 331.692
7196.960 324.889
7198.013 337.229
7199.066 396.766
7200.119 337.910
7201.172 324.630
7202.225 400.701
7203.278 360.027
7204.331 338.872
7205.384 374.251
7206.437 333.161
7207.490 370.868
7208.543 348.036
7209.596 372.131
7210.649 337.849
7211.702 299.005
7212.756 335.326
7213.809 374.057
7214.862 318.807
7215.915 326.843
7216.968 338.476
7218.021 309.364
7219.074 345.511
7220.127 404.182
7221.180 397.918
7222.233 394.530
7223.286 441.096
7224.339 388.505
7225.392 325.816
7226.445 411.492
7227.498 374.994
7228.551 404.305
7229.604 400.614
7230.657 373.762
7231.710 375.022
7232.763 395.090
7233.816 411.007
7234.869 412.032
7235.922 362.074
7236.975 452.807
7238.028 1067.261
7239.081 2155.972
7240.134 2976.981
7241.187 2647.859
7242.240 1571.451
7243.293 1167.081
7244.346 2437.166
7245.399 3083.456
7246.452 2047.593
7247.505 942.235
7248.558 519.028
7249.611 419.295
7250.664 402.970
7251.717 581.307
7252.770 884.058
7253.823 976.995
7254.876 762.410
7255.929 566.824
7256.982 527.624
7258.035 406.279
7259.088 404.318
7260.141 389.444
7261.194 394.952
7262.247 401.215
7263.300 426.683
7264.353 406.055
7265.406 352.612
7266.459 406.858
7267.512 514.018
7268.565 528.989
7269.618 497.252
7270.671 477.928
7271.724 425.051
7272.777 368.577
7273.830 622.255
7274.883 1998.772
7275.936 4395.315
7276.989 4664.632
7278.042 2271.193
7279.095 697.624
7280.148 463.136
7281.201 513.337
7282.254 551.226
7283.307 1158.418
7284.360 2040.828
7285.413 1998.460
7286.466 1136.270
7287.519 542.055
7288.572 390.675
7289.625 399.445
7290.678 412.733
7291.731 425.237
7292.784 457.573
7293.837 430.379
7294.891 669.819
7295.944 910.344
7296.997 784.682
7298.050 499.589
7299.103 331.648
7300.156 350.085
7301.209 345.729
7302.262 608.042
7303.315 1230.968
7304.368 1244.521
7305.421 735.807
7306.474 469.886
7307.527 345.550
7308.580 377.965
7309.633 361.648
7310.686 470.831
7311.739 434.727
7312.792 423.113
7313.845 345.810
7314.898 1633.627
7315.951 3471.547
7317.004 3409.389
7318.057 1782.616
7319.110 590.320
7320.163 396.724
7321.216 391.976
7322.269 440.282
7323.322 522.307
7324.375 578.522
7325.428 512.415
7326.481 441.839
7327.534 735.069
7328.587 1450.282
7329.640 1730.472
7330.693 1180.500
7331.746 602.840
7332.799 478.530
7333.852 529.728
7334.905 556.428
7335.958 474.082
7337.011 383.129
7338.064 401.642
7339.117 987.606
7340.170 3422.699
7341.223 4489.724
7342.276 2746.197
7343.329 1081.245
7344.382 498.189
7345.435 401.620
7346.488 435.447
7347.541 406.438
7348.594 364.960
7349.647 364.354
7350.700 385.411
7351.753 477.062
7352.806 431.257
7353.859 402.440
7354.912 407.943
7355.965 432.935
7357.018 676.585
7358.071 1262.229
7359.124 1579.042
7360.177 1041.680
7361.230 495.325
7362.283 382.710
7363.336 411.445
7364.389 410.767
7365.442 407.058
7366.495 379.083
7367.548 829.103
7368.601 2512.744
7369.654 3256.221
7370.707 2187.185
7371.760 977.636
7372.813 449.662
7373.866 421.166
7374.919 389.297
7375.972 409.342
7377.025 368.167
7378.079 362.211
7379.132 395.217
7380.185 387.246
7381.238 399.145
7382.291 367.297
7383.344 389.300
7384.397 353.509
7385.450 417.026
7386.503 394.950
7387.556 338.588
7388.609 371.533
7389.662 429.284
7390.715 683.939
7391.768 1062.412
7392.821 1094.590
7393.874 771.262
7394.927 477.227
7395.980 349.853
7397.033 327.939
7398.086 329.797
7399.139 348.728
7400.192 705.632
7401.245 1684.480
7402.298 2063.149
7403.351 1321.558
7404.404 667.523
7405.457 394.601
7406.510 374.296
7407.563 348.337
7408.616 330.295
7409.669 336.045
7410.722 331.553
7411.775 381.398
7412.828 401.493
7413.881 421.979
7414.934 355.473
7415.987 345.062
7417.040 372.490
7418.093 365.814
7419.146 341.166
7420.199 350.625
7421.252 343.154
7422.305 340.121
7423.358 340.497
7424.411 333.695
7425.464 322.799
7426.517 300.460
7427.570 339.928
7428.623 513.321
7429.676 720.320
7430.729 709.063
7431.782 435.998
7432.835 353.005
7433.888 336.955
7434.941 349.302
7435.994 343.146
7437.047 603.937
7438.100 1027.465
7439.153 1137.381
7440.206 818.638
7441.259 462.524
7442.312 351.179
7443.365 303.729
7444.418 358.783
7445.471 351.509
7446.524 315.054
7447.577 348.226
7448.630 330.179
7449.683 346.527
7450.736 340.602
7451.789 348.927
7452.842 405.434
7453.895 296.556
7454.948 323.146
7456.001 370.549
7457.054 316.476
7458.107 381.720
7459.160 386.629
7460.214 328.560
7461.267 390.658
7462.320 492.631
7463.373 496.733
7464.426 464.544
7465.479 454.093
7466.532 603.699
7467.585 634.255
7468.638 528.742
7469.691 477.834
7470.744 560.737
7471.797 650.395
7472.850 807.985
7473.903 1012.380
7474.956 973.195
7476.009 742.151
7477.062 508.314
7478.115 465.834
7479.168 474.146
7480.221 474.061
7481.274 473.980
7482.327 473.909
7483.380 473.847
7484.433 473.791
7485.486 473.746
