5329.969 1777.785
5331.022 1687.970
5332.075 1351.921
5333.128 1135.328
5334.181 1088.753
5335.234 1157.869
5336.287 1124.267
5337.340 1241.845
5338.393 1170.627
5339.446 1261.527
5340.499 1013.512
5341.552 1047.774
5342.605 1069.258
5343.658 1178.093
5344.711 1139.463
5345.764 1180.217
5346.817 1073.753
5347.870 1168.733
5348.923 1111.120
5349.976 1174.250
5351.029 1167.611
5352.082 1049.618
5353.135 1118.108
5354.188 1117.455
5355.241 1180.924
5356.294 1221.549
5357.347 1172.101
5358.400 1231.847
5359.453 1126.999
5360.506 1081.635
5361.559 981.709
5362.612 973.442
5363.665 1187.679
5364.718 1104.501
5365.771 1140.410
5366.824 1164.760
5367.877 1020.209
5368.930 1036.867
5369.983 1148.949
5371.036 977.624
5372.089 1144.709
5373.142 1178.634
5374.195 1134.132
5375.248 1102.157
5376.301 1000.328
5377.354 1218.985
5378.407 1086.775
5379.460 1066.559
5380.513 1214.126
5381.566 978.543
5382.619 1082.607
5383.672 1249.744
5384.725 1086.087
5385.778 1065.719
5386.831 1122.923
5387.884 1170.280
5388.937 962.546
5389.990 1001.277
5391.043 1005.879
5392.097 979.192
5393.150 1101.922
5394.203 1052.005
5395.256 968.348
5396.309 1005.056
5397.362 1097.319
5398.415 1044.168
5399.468 1135.690
5400.521 1044.481
5401.574 997.103
5402.627 1182.148
5403.680 1213.448
5404.733 1059.756
5405.786 1085.572
5406.839 1116.104
5407.892 1224.721
5408.945 1209.503
5409.998 1244.526
5411.051 1190.094
5412.104 1295.824
5413.157 1173.232
5414.210 1332.384
5415.263 1125.805
5416.316 1328.763
5417.369 1322.925
5418.422 1248.136
5419.475 1195.369
5420.528 1196.291
5421.581 1161.726
5422.634 1122.152
5423.687 1063.640
5424.740 1071.360
5425.793 1107.660
5426.846 1153.299
5427.899 1085.901
5428.952 1056.578
5430.005 1021.658
5431.058 1028.295
5432.111 1165.670
5433.164 1073.957
5434.217 1179.000
5435.270 1194.551
5436.323 1236.919
5437.376 1173.340
5438.429 1144.986
5439.482 985.939
5440.535 995.508
5441.588 1033.330
5442.641 923.634
5443.694 1064.174
5444.747 912.511
5445.800 968.192
5446.853 974.743
5447.906 993.743
5448.959 957.635
5450.012 1055.775
5451.065 1078.781
5452.118 1130.223
5453.171 1041.978
5454.224 949.650
5455.277 995.903
5456.330 1005.367
5457.383 1082.025
5458.436 1158.739
5459.489 1103.916
5460.542 1085.404
5461.595 1041.939
5462.648 1008.426
5463.701 937.379
5464.754 979.332
5465.807 1110.966
5466.860 1027.251
5467.913 1114.836
5468.966 1188.165
5470.019 1048.020
5471.072 1041.953
5472.125 1025.588
5473.178 961.999
5474.231 882.414
5475.285 925.785
5476.338 981.319
5477.391 979.771
5478.444 930.171
5479.497 1062.121
5480.550 988.627
5481.603 1029.113
5482.656 938.099
5483.709 988.998
5484.762 1066.523
5485.815 1084.750
5486.868 1034.508
5487.921 1028.648
5488.974 925.407
5490.027 1063.505
5491.080 1092.885
5492.133 1059.650
5493.186 1069.893
5494.239 1037.717
5495.292 1025.058
5496.345 1055.147
5497.398 908.027
5498.451 1007.302
5499.504 1143.759
5500.557 1022.835
5501.610 1007.226
5502.663 1056.967
5503.716 979.214
5504.769 1048.729
5505.822 1168.944
5506.875 1016.584
5507.928 1042.908
5508.981 880.807
5510.034 953.237
5511.087 996.761
5512.140 959.261
5513.193 895.591
5514.246 1026.397
5515.299 1027.255
5516.352 1052.390
5517.405 967.684
5518.458 984.873
5519.511 1066.694
5520.564 1134.900
5521.617 1124.231
5522.670 1105.443
5523.723 968.164
5524.776 1014.993
5525.829 917.801
5526.882 1029.555
5527.935 1030.954
5528.988 964.462
5530.041 982.076
5531.094 939.808
5532.147 991.309
5533.200 957.915
5534.253 1049.906
5535.306 1070.516
5536.359 977.563
5537.412 1021.832
5538.465 1080.763
5539.518 973.627
5540.571 1121.835
5541.624 1159.055
5542.677 1160.723
5543.730 1184.904
5544.783 1170.116
5545.836 1082.313
5546.889 978.720
5547.942 1092.027
5548.995 1047.720
5550.048 964.592
5551.101 979.147
5552.154 1070.344
5553.207 883.569
5554.260 1078.568
5555.313 988.347
5556.366 1108.275
5557.419 1085.732
5558.473 983.161
5559.526 903.202
5560.579 977.638
5561.632 1083.305
5562.685 1141.961
5563.738 1267.928
5564.791 1198.266
5565.844 1082.717
5566.897 938.675
5567.950 941.568
5569.003 1054.480
5570.056 1003.653
5571.109 999.750
5572.162 954.384
5573.215 878.397
5574.268 1487.442
5575.321 1733.547
5576.374 29463.242
5577.427 52263.709
5578.480 41113.793
5579.533 6320.306
5580.586 860.887
5581.639 1030.859
5582.692 994.659
5583.745 1036.571
5584.798 963.771
5585.851 987.756
5586.904 910.170
5587.957 1011.156
5589.010 1122.400
5590.063 1142.916
5591.116 1025.934
5592.169 925.986
5593.222 959.922
5594.275 923.483
5595.328 910.953
5596.381 970.140
5597.434 1061.512
5598.487 1073.624
5599.540 906.562
5600.593 898.385
5601.646 933.753
5602.699 939.656
5603.752 1047.401
5604.805 1251.590
5605.858 1250.067
5606.911 1084.769
5607.964 896.855
5609.017 972.567
5610.070 922.138
5611.123 1001.264
5612.176 1015.864
5613.229 957.974
5614.282 908.785
5615.335 1022.619
5616.388 967.237
5617.441 1091.054
5618.494 1025.959
5619.547 949.559
5620.600 1005.837
5621.653 1001.369
5622.706 1028.631
5623.759 1133.665
5624.812 1101.200
5625.865 1122.051
5626.918 972.909
5627.971 952.136
5629.024 893.292
5630.077 966.110
5631.130 1032.451
5632.183 914.238
5633.236 919.108
5634.289 958.918
5635.342 936.106
5636.395 1002.280
5637.448 915.154
5638.501 878.868
5639.554 932.768
5640.608 992.817
5641.661 960.648
5642.714 907.913
5643.767 872.846
5644.820 937.311
5645.873 1170.032
5646.926 987.218
5647.979 918.615
5649.032 976.273
5650.085 943.155
5651.138 909.414
5652.191 852.996
5653.244 934.893
5654.297 971.729
5655.350 878.865
5656.403 902.491
5657.456 950.691
5658.509 989.999
5659.562 892.732
5660.615 979.357
5661.668 948.296
5662.721 878.593
5663.774 950.051
5664.827 979.376
5665.880 988.355
5666.933 955.049
5667.986 918.292
5669.039 993.622
5670.092 978.351
5671.145 1099.522
5672.198 955.850
5673.251 1021.721
5674.304 984.790
5675.357 894.658
5676.410 843.922
5677.463 854.714
5678.516 840.639
5679.569 875.663
5680.622 887.247
5681.675 1042.511
5682.728 938.033
5683.781 969.341
5684.834 999.921
5685.887 1025.537
5686.940 936.104
5687.993 986.878
5689.046 920.491
5690.099 1019.012
5691.152 1048.360
5692.205 1009.323
5693.258 1065.484
5694.311 1054.510
5695.364 961.862
5696.417 968.131
5697.470 1006.393
5698.523 980.682
5699.576 907.501
5700.629 988.122
5701.682 982.586
5702.735 928.337
5703.788 990.957
5704.841 886.630
5705.894 953.953
5706.947 967.256
5708.000 986.957
5709.053 982.086
5710.106 854.632
5711.159 952.485
5712.212 886.736
5713.265 994.827
5714.318 971.426
5715.371 858.236
5716.424 939.550
5717.477 1113.354
5718.530 1050.649
5719.583 1010.022
5720.636 898.774
5721.689 876.667
5722.742 889.649
5723.796 937.072
5724.849 1012.647
5725.902 973.301
5726.955 910.546
5728.008 945.618
5729.061 1031.591
5730.114 820.248
5731.167 980.120
5732.220 875.689
5733.273 913.819
5734.326 969.469
5735.379 1035.775
5736.432 1025.648
5737.485 890.453
5738.538 886.894
5739.591 976.921
5740.644 941.200
5741.697 858.545
5742.750 876.990
5743.803 886.622
5744.856 953.978
5745.909 978.527
5746.962 920.740
5748.015 875.502
5749.068 877.571
5750.121 822.622
5751.174 920.408
5752.227 996.439
5753.280 790.167
5754.333 950.238
5755.386 897.925
5756.439 934.571
5757.492 906.896
5758.545 987.813
5759.598 825.874
5760.651 951.369
5761.704 883.511
5762.757 842.094
5763.810 824.829
5764.863 822.382
5765.916 997.575
5766.969 895.733
5768.022 833.121
5769.075 943.050
5770.128 889.043
5771.181 782.919
5772.234 883.008
5773.287 952.381
5774.340 845.542
5775.393 978.911
5776.446 881.685
5777.499 941.412
5778.552 763.267
5779.605 829.972
5780.658 882.540
5781.711 888.015
5782.764 878.730
5783.817 950.243
5784.870 801.453
5785.923 831.659
5786.976 794.210
5788.029 885.246
5789.082 943.413
5790.135 848.931
5791.188 895.957
5792.241 930.807
5793.294 839.300
5794.347 933.459
5795.400 918.577
5796.453 935.717
5797.506 926.524
5798.559 914.844
5799.612 907.956
5800.665 861.802
5801.718 1002.874
5802.771 932.887
5803.824 908.583
5804.877 895.545
5805.931 958.325
5806.984 918.170
5808.037 961.095
5809.090 930.208
5810.143 902.645
5811.196 879.859
5812.249 1019.088
5813.302 892.150
5814.355 941.030
5815.408 936.459
5816.461 918.180
5817.514 948.745
5818.567 979.094
5819.620 918.370
5820.673 886.624
5821.726 816.990
5822.779 889.195
5823.832 880.050
5824.885 839.775
5825.938 971.196
5826.991 883.565
5828.044 775.455
5829.097 902.775
5830.150 876.480
5831.203 993.102
5832.256 937.943
5833.309 872.734
5834.362 832.518
5835.415 956.930
5836.468 899.652
5837.521 886.152
5838.574 914.196
5839.627 839.165
5840.680 923.324
5841.733 902.036
5842.786 858.422
5843.839 934.329
5844.892 939.216
5845.945 895.023
5846.998 840.993
5848.051 862.092
5849.104 821.720
5850.157 899.210
5851.210 808.953
5852.263 799.568
5853.316 895.736
5854.369 894.939
5855.422 859.451
5856.475 755.535
5857.528 826.547
5858.581 930.003
5859.634 821.303
5860.687 874.342
5861.740 845.374
5862.793 779.789
5863.846 923.298
5864.899 1186.947
5865.952 1335.203
5867.005 1490.312
5868.058 1465.231
5869.111 1235.946
5870.164 1039.244
5871.217 984.659
5872.270 960.865
5873.323 1018.671
5874.376 1017.528
5875.429 1011.407
5876.482 1084.026
5877.535 2200.762
5878.588 5420.699
5879.641 6172.776
5880.694 3275.995
5881.747 933.819
5882.800 961.274
5883.853 924.535
5884.906 919.131
5885.959 955.892
5887.012 1390.975
5888.065 2052.569
5889.119 5057.672
5890.172 6762.652
5891.225 4468.959
5892.278 1405.446
5893.331 929.376
5894.384 1663.864
5895.437 3862.352
5896.490 4219.093
5897.543 2238.799
5898.596 1016.873
5899.649 881.648
5900.702 894.990
5901.755 881.877
5902.808 948.651
5903.861 980.156
5904.914 960.945
5905.967 960.583
5907.020 1012.107
5908.073 1001.605
5909.126 911.044
5910.179 860.561
5911.232 867.359
5912.285 877.004
5913.338 937.072
5914.391 1273.893
5915.444 1623.250
5916.497 1481.211
5917.550 941.620
5918.603 808.083
5919.656 866.213
5920.709 867.840
5921.762 850.215
5922.815 842.456
5923.868 1046.734
5924.921 1151.475
5925.974 1041.045
5927.027 868.788
5928.080 741.381
5929.133 849.670
5930.186 776.188
5931.239 982.406
5932.292 1438.670
5933.345 1724.766
5934.398 1346.551
5935.451 885.387
5936.504 899.150
5937.557 963.068
5938.610 871.988
5939.663 894.545
5940.716 807.709
5941.769 820.634
5942.822 855.754
5943.875 905.499
5944.928 958.641
5945.981 1164.896
5947.034 943.900
5948.087 849.776
5949.140 860.278
5950.193 753.803
5951.246 839.619
5952.299 1219.228
5953.352 1476.672
5954.405 1333.305
5955.458 1014.564
5956.511 832.769
5957.564 904.046
5958.617 961.178
5959.670 821.656
5960.723 848.462
5961.776 843.825
5962.829 838.362
5963.882 816.293
5964.935 771.564
5965.988 824.934
5967.041 806.962
5968.094 810.489
5969.147 948.305
5970.200 1053.115
5971.254 917.980
5972.307 809.202
5973.360 851.431
5974.413 856.480
5975.466 828.040
5976.519 1042.908
5977.572 1184.153
5978.625 1032.653
5979.678 909.475
5980.731 935.995
5981.784 888.305
5982.837 749.176
5983.890 914.884
5984.943 906.143
5985.996 855.586
5987.049 856.333
5988.102 823.029
5989.155 847.647
5990.208 846.839
5991.261 785.564
5992.314 655.615
5993.367 846.010
5994.420 730.550
5995.473 851.762
5996.526 787.291
5997.579 869.280
5998.632 873.196
5999.685 867.482
6000.738 794.444
6001.791 846.635
6002.844 756.988
6003.897 906.060
6004.950 952.331
6006.003 777.053
6007.056 760.186
6008.109 782.566
6009.162 766.311
6010.215 739.557
6011.268 747.841
6012.321 738.554
6013.374 735.991
6014.427 800.907
6015.480 805.771
6016.533 785.275
6017.586 733.744
6018.639 742.368
6019.692 727.621
6020.745 661.710
6021.798 778.116
6022.851 721.843
6023.904 744.395
6024.957 732.633
6026.010 743.421
6027.063 768.781
6028.116 753.152
6029.169 765.711
6030.222 787.132
6031.275 741.764
6032.328 674.131
6033.381 864.849
6034.434 805.675
6035.487 717.227
6036.540 739.414
6037.593 687.898
6038.646 741.382
6039.699 791.189
6040.752 825.363
6041.805 728.729
6042.858 740.654
6043.911 661.754
6044.964 648.040
6046.017 760.294
6047.070 740.913
6048.123 678.415
6049.176 701.125
6050.229 710.669
6051.282 683.290
6052.335 723.827
6053.388 604.966
6054.442 660.734
6055.495 654.534
6056.548 616.489
6057.601 674.014
6058.654 750.232
6059.707 684.279
6060.760 722.610
6061.813 688.171
6062.866 661.371
6063.919 655.370
6064.972 720.810
6066.025 653.931
6067.078 751.923
6068.131 700.450
6069.184 684.852
6070.237 658.742
6071.290 709.499
6072.343 667.035
6073.396 635.370
6074.449 648.067
6075.502 677.802
6076.555 650.017
6077.608 667.571
6078.661 680.653
6079.714 727.672
6080.767 614.870
6081.820 609.361
6082.873 735.350
6083.926 650.538
6084.979 711.797
6086.032 615.311
6087.085 643.032
6088.138 685.670
6089.191 698.491
6090.244 630.780
6091.297 655.720
6092.350 617.302
6093.403 641.977
6094.456 678.835
6095.509 715.538
6096.562 694.181
6097.615 739.613
6098.668 692.186
6099.721 629.198
6100.774 641.314
6101.827 600.681
6102.880 675.930
6103.933 708.176
6104.986 721.633
6106.039 747.156
6107.092 659.924
6108.145 698.514
6109.198 707.782
6110.251 675.029
6111.304 612.212
6112.357 615.791
6113.410 645.650
6114.463 608.066
6115.516 590.630
6116.569 665.345
6117.622 699.867
6118.675 654.896
6119.728 657.886
6120.781 671.323
6121.834 637.991
6122.887 582.655
6123.940 669.271
6124.993 671.839
6126.046 630.176
6127.099 675.112
6128.152 668.750
6129.205 617.831
6130.258 643.728
6131.311 654.626
6132.364 656.880
6133.417 609.531
6134.470 540.400
6135.523 605.909
6136.577 664.272
6137.630 710.163
6138.683 728.679
6139.736 796.092
6140.789 750.290
6141.842 699.938
6142.895 675.902
6143.948 767.250
6145.001 735.589
6146.054 625.076
6147.107 654.219
6148.160 652.148
6149.213 593.499
6150.266 594.186
6151.319 690.158
6152.372 639.246
6153.425 613.142
6154.478 671.338
6155.531 954.578
6156.584 1233.644
6157.637 1413.752
6158.690 1278.931
6159.743 889.164
6160.796 668.525
6161.849 632.853
6162.902 636.530
6163.955 560.797
6165.008 586.068
6166.061 608.223
6167.114 655.258
6168.167 630.983
6169.220 742.765
6170.273 878.294
6171.326 903.325
6172.379 757.854
6173.432 615.857
6174.485 573.564
6175.538 692.055
6176.591 693.886
6177.644 709.856
6178.697 697.724
6179.750 673.607
6180.803 671.751
6181.856 567.092
6182.909 494.995
6183.962 644.737
6185.015 674.486
6186.068 577.817
6187.121 617.540
6188.174 627.004
6189.227 638.735
6190.280 664.762
6191.333 594.950
6192.386 683.614
6193.439 683.534
6194.492 603.924
6195.545 609.477
6196.598 651.794
6197.651 626.722
6198.704 601.701
6199.757 635.755
6200.810 608.120
6201.863 839.523
6202.916 940.282
6203.969 802.414
6205.022 624.434
6206.075 580.827
6207.128 648.848
6208.181 620.035
6209.234 603.522
6210.287 608.152
6211.340 582.860
6212.393 635.140
6213.446 706.254
6214.499 641.699
6215.552 606.824
6216.605 624.550
6217.658 722.041
6218.711 679.270
6219.765 616.834
6220.818 795.477
6221.871 914.462
6222.924 845.233
6223.977 622.358
6225.030 561.445
6226.083 579.179
6227.136 588.440
6228.189 639.078
6229.242 595.551
6230.295 653.627
6231.348 640.450
6232.401 637.675
6233.454 884.093
6234.507 1257.362
6235.560 1615.580
6236.613 1603.475
6237.666 1135.833
6238.719 714.566
6239.772 738.524
6240.825 896.938
6241.878 925.020
6242.931 870.075
6243.984 858.627
6245.037 697.775
6246.090 615.443
6247.143 648.132
6248.196 680.027
6249.249 685.503
6250.302 581.324
6251.355 568.593
6252.408 580.983
6253.461 588.300
6254.514 589.899
6255.567 638.569
6256.620 1081.981
6257.673 1701.019
6258.726 1656.730
6259.779 1002.879
6260.832 623.316
6261.885 692.137
6262.938 690.002
6263.991 723.657
6265.044 911.591
6266.097 868.421
6267.150 699.263
6268.203 662.215
6269.256 721.389
6270.309 670.358
6271.362 638.425
6272.415 592.834
6273.468 666.202
6274.521 744.116
6275.574 678.949
6276.627 646.331
6277.680 760.049
6278.733 705.463
6279.786 636.697
6280.839 558.185
6281.892 605.637
6282.945 594.122
6283.998 593.970
6285.051 682.788
6286.104 979.733
6287.157 1495.277
6288.210 1518.215
6289.263 1023.425
6290.316 680.961
6291.369 608.094
6292.422 518.941
6293.475 597.113
6294.528 559.373
6295.581 689.039
6296.634 1068.377
6297.687 1265.539
6298.740 11593.875
6299.793 44462.722
6300.846 51149.462
6301.899 27052.056
6302.953 659.896
6304.006 1378.910
6305.059 951.471
6306.112 1402.147
6307.165 1782.916
6308.218 1418.806
6309.271 754.435
6310.324 620.310
6311.377 575.584
6312.430 610.390
6313.483 658.884
6314.536 844.528
6315.589 1072.867
6316.642 984.860
6317.695 611.559
6318.748 609.150
6319.801 706.299
6320.854 899.849
6321.907 942.903
6322.960 811.163
6324.013 648.230
6325.066 589.696
6326.119 638.106
6327.172 579.179
6328.225 846.879
6329.278 1381.584
6330.331 1475.517
6331.384 1043.203
6332.437 676.401
6333.490 562.612
6334.543 617.389
6335.596 576.636
6336.649 590.749
6337.702 610.839
6338.755 574.812
6339.808 559.839
6340.861 545.692
6341.914 608.135
6342.967 557.032
6344.020 582.436
6345.073 560.240
6346.126 513.517
6347.179 617.113
6348.232 884.458
6349.285 875.005
6350.338 638.739
6351.391 571.563
6352.444 601.755
6353.497 597.684
6354.550 613.665
6355.603 991.987
6356.656 1168.222
6357.709 816.190
6358.762 603.094
6359.815 587.025
6360.868 639.080
6361.921 2279.695
6362.974 11513.897
6364.027 18468.925
6365.080 10889.533
6366.133 1993.144
6367.186 494.827
6368.239 675.114
6369.292 600.975
6370.345 555.430
6371.398 524.747
6372.451 515.074
6373.504 501.341
6374.557 557.354
6375.610 680.336
6376.663 574.162
6377.716 571.554
6378.769 674.467
6379.822 691.149
6380.875 566.128
6381.928 487.291
6382.981 550.563
6384.034 551.038
6385.088 627.485
6386.141 824.706
6387.194 795.002
6388.247 608.136
6389.300 508.233
6390.353 508.019
6391.406 531.641
6392.459 517.199
6393.512 555.430
6394.565 536.043
6395.618 505.670
6396.671 570.725
6397.724 546.836
6398.777 543.587
6399.830 457.074
6400.883 476.297
6401.936 540.847
6402.989 529.501
6404.042 556.471
6405.095 453.409
6406.148 526.539
6407.201 546.861
6408.254 503.730
6409.307 545.678
6410.360 502.565
6411.413 525.520
6412.466 560.302
6413.519 517.532
6414.572 582.294
6415.625 594.163
6416.678 478.252
6417.731 484.375
6418.784 563.914
6419.837 556.937
6420.890 622.857
6421.943 570.718
6422.996 468.446
6424.049 497.223
6425.102 568.090
6426.155 551.272
6427.208 479.678
6428.261 470.569
6429.314 468.658
6430.367 510.501
6431.420 551.688
6432.473 519.153
6433.526 543.057
6434.579 559.211
6435.632 496.054
6436.685 499.297
6437.738 504.535
6438.791 486.334
6439.844 541.817
6440.897 515.178
6441.950 495.431
6443.003 468.373
6444.056 506.982
6445.109 472.772
6446.162 487.854
6447.215 520.822
6448.268 533.798
6449.321 527.338
6450.374 456.125
6451.427 560.071
6452.480 542.735
6453.533 664.479
6454.586 692.626
6455.639 700.898
6456.692 622.893
6457.745 561.376
6458.798 562.860
6459.851 540.257
6460.904 523.859
6461.957 538.861
6463.010 729.308
6464.063 827.037
6465.116 959.197
6466.169 993.817
6467.222 798.339
6468.276 642.034
6469.329 647.929
6470.382 939.449
6471.435 1061.539
6472.488 734.647
6473.541 508.190
6474.594 527.862
6475.647 509.549
6476.700 553.939
6477.753 647.030
6478.806 587.067
6479.859 558.661
6480.912 583.025
6481.965 502.411
6483.018 449.953
6484.071 486.556
6485.124 492.460
6486.177 519.026
6487.230 503.074
6488.283 472.541
6489.336 471.930
6490.389 448.129
6491.442 473.574
6492.495 465.299
6493.548 467.351
6494.601 459.785
6495.654 487.702
6496.707 632.344
6497.760 1181.179
6498.813 1636.325
6499.866 1363.665
6500.919 625.886
6501.972 499.153
6503.025 527.790
6504.078 729.303
6505.131 798.085
6506.184 714.962
6507.237 578.928
6508.290 465.643
6509.343 470.031
6510.396 512.834
6511.449 472.798
6512.502 543.982
6513.555 586.005
6514.608 615.445
6515.661 506.584
6516.714 443.613
6517.767 464.262
6518.820 456.293
6519.873 468.432
6520.926 559.124
6521.979 651.357
6523.032 718.004
6524.085 569.753
6525.138 506.466
6526.191 591.996
6527.244 533.791
6528.297 558.674
6529.350 490.554
6530.403 471.869
6531.456 690.181
6532.509 1255.840
6533.562 1384.374
6534.615 988.051
6535.668 530.543
6536.721 469.546
6537.774 528.236
6538.827 514.355
6539.880 611.990
6540.933 567.643
6541.986 570.752
6543.039 736.145
6544.092 881.406
6545.145 819.322
6546.198 544.295
6547.251 534.498
6548.304 505.497
6549.357 581.720
6550.411 663.738
6551.464 772.787
6552.517 1320.656
6553.570 1683.144
6554.623 1474.595
6555.676 861.309
6556.729 597.613
6557.782 642.317
6558.835 656.684
6559.888 623.270
6560.941 775.333
6561.994 805.484
6563.047 1957.795
6564.100 1550.269
6565.153 32644.182
6566.206 91320.177
6567.259 93116.023
6568.312 40065.807
6569.365 922.308
6570.418 1989.787
6571.471 1116.560
6572.524 1273.556
6573.577 834.234
6574.630 624.130
6575.683 688.094
6576.736 1207.893
6577.789 1431.690
6578.842 1038.252
6579.895 616.481
6580.948 581.511
6582.001 534.358
6583.054 575.091
6584.107 626.204
6585.160 577.698
6586.213 920.739
6587.266 1240.736
6588.319 1104.241
6589.372 631.154
6590.425 505.946
6591.478 559.736
6592.531 563.702
6593.584 534.804
6594.637 478.204
6595.690 573.136
6596.743 648.362
6597.796 590.720
6598.849 502.717
6599.902 457.157
6600.955 493.141
6602.008 482.662
6603.061 642.529
6604.114 894.247
6605.167 792.101
6606.220 518.603
6607.273 400.128
6608.326 470.275
6609.379 462.994
6610.432 512.320
6611.485 422.014
6612.538 492.834
6613.591 479.623
6614.644 453.367
6615.697 459.503
6616.750 445.936
6617.803 458.541
6618.856 429.066
6619.909 508.182
6620.962 481.484
6622.015 428.019
6623.068 465.485
6624.121 442.764
6625.174 434.946
6626.227 508.035
6627.280 482.095
6628.333 544.181
6629.386 524.376
6630.439 426.851
6631.492 406.944
6632.545 444.368
6633.599 521.818
6634.652 560.555
6635.705 563.473
6636.758 470.742
6637.811 437.698
6638.864 383.961
6639.917 360.173
6640.970 474.183
6642.023 456.391
6643.076 358.645
6644.129 393.380
6645.182 413.365
6646.235 376.857
6647.288 410.763
6648.341 455.103
6649.394 470.057
6650.447 438.832
6651.500 403.198
6652.553 396.020
6653.606 418.494
6654.659 441.225
6655.712 436.712
6656.765 406.111
6657.818 406.471
6658.871 415.694
6659.924 431.370
6660.977 490.761
6662.030 504.146
6663.083 481.946
6664.136 406.213
6665.189 403.346
6666.242 481.660
6667.295 456.105
6668.348 484.585
6669.401 474.819
6670.454 416.209
6671.507 385.476
6672.560 446.198
6673.613 370.864
6674.666 374.873
6675.719 446.938
6676.772 404.473
6677.825 484.481
6678.878 470.305
6679.931 436.773
6680.984 1004.269
6682.037 1478.780
6683.090 1293.763
6684.143 583.275
6685.196 453.614
6686.249 495.436
6687.302 489.547
6688.355 432.508
6689.408 424.883
6690.461 421.943
6691.514 417.506
6692.567 489.509
6693.620 452.511
6694.673 405.673
6695.726 447.591
6696.779 402.535
6697.832 418.804
6698.885 500.989
6699.938 462.858
6700.991 406.449
6702.044 401.135
6703.097 419.404
6704.150 418.270
6705.203 435.549
6706.256 478.217
6707.309 450.530
6708.362 413.530
6709.415 404.095
6710.468 380.626
6711.521 390.715
6712.574 383.593
6713.627 388.324
6714.680 434.373
6715.734 391.159
6716.787 498.301
6717.840 527.430
6718.893 940.538
6719.946 1707.643
6720.999 1843.183
6722.052 1118.915
6723.105 496.587
6724.158 477.143
6725.211 494.758
6726.264 491.497
6727.317 434.769
6728.370 453.532
6729.423 381.834
6730.476 454.191
6731.529 448.034
6732.582 563.007
6733.635 879.002
6734.688 1412.934
6735.741 1297.681
6736.794 670.004
6737.847 479.337
6738.900 458.396
6739.953 525.903
6741.006 485.696
6742.059 426.417
6743.112 444.851
6744.165 414.302
6745.218 434.680
6746.271 378.919
6747.324 388.002
6748.377 407.649
6749.430 347.150
6750.483 403.418
6751.536 416.416
6752.589 397.396
6753.642 380.573
6754.695 392.604
6755.748 452.805
6756.801 365.598
6757.854 390.196
6758.907 440.338
6759.960 394.795
6761.013 399.841
6762.066 376.681
6763.119 409.134
6764.172 403.012
6765.225 409.153
6766.278 380.687
6767.331 400.541
6768.384 454.075
6769.437 386.591
6770.490 388.560
6771.543 401.650
6772.596 368.305
6773.649 342.622
6774.702 355.021
6775.755 417.903
6776.808 415.337
6777.861 403.644
6778.914 442.858
6779.967 378.002
6781.020 363.594
6782.073 370.076
6783.126 369.820
6784.179 387.559
6785.232 349.816
6786.285 402.807
6787.338 405.412
6788.391 417.449
6789.444 471.617
6790.497 363.882
6791.550 370.334
6792.603 402.426
6793.656 328.714
6794.709 400.061
6795.762 374.918
6796.815 365.414
6797.868 463.229
6798.922 399.892
6799.975 369.881
6801.028 405.102
6802.081 353.115
6803.134 374.462
6804.187 397.859
6805.240 303.916
6806.293 330.242
6807.346 424.012
6808.399 378.835
6809.452 406.528
6810.505 354.019
6811.558 454.977
6812.611 329.203
6813.664 342.234
6814.717 288.138
6815.770 394.595
6816.823 403.690
6817.876 371.890
6818.929 366.003
6819.982 372.113
6821.035 395.695
6822.088 387.629
6823.141 378.552
6824.194 382.985
6825.247 398.644
6826.300 541.785
6827.353 893.306
6828.406 1381.496
6829.459 1767.015
6830.512 1381.813
6831.565 664.444
6832.618 640.436
6833.671 1498.472
6834.724 1724.070
6835.777 1139.472
6836.830 463.986
6837.883 338.246
6838.936 413.075
6839.989 482.326
6841.042 640.895
6842.095 676.949
6843.148 614.504
6844.201 452.853
6845.254 355.676
6846.307 381.225
6847.360 379.361
6848.413 358.200
6849.466 419.330
6850.519 461.172
6851.572 374.722
6852.625 357.524
6853.678 386.841
6854.731 377.772
6855.784 385.051
6856.837 411.388
6857.890 368.492
6858.943 369.917
6859.996 338.754
6861.049 431.741
6862.102 616.542
6863.155 2382.880
6864.208 3133.026
6865.261 1892.969
6866.314 544.046
6867.367 229.102
6868.420 300.049
6869.473 321.005
6870.526 464.904
6871.579 535.088
6872.632 359.138
6873.685 216.397
6874.738 259.574
6875.791 247.060
6876.844 293.949
6877.897 307.983
6878.950 306.140
6880.003 511.220
6881.056 650.411
6882.110 636.325
6883.163 473.578
6884.216 345.021
6885.269 285.284
6886.322 347.419
6887.375 355.044
6888.428 624.523
6889.481 861.905
6890.534 657.231
6891.587 384.460
6892.640 321.639
6893.693 370.558
6894.746 396.131
6895.799 333.849
6896.852 330.424
6897.905 333.588
6898.958 371.576
6900.011 649.907
6901.064 768.351
6902.117 626.351
6903.170 417.466
6904.223 343.076
6905.276 290.540
6906.329 316.820
6907.382 281.941
6908.435 283.307
6909.488 298.484
6910.541 314.067
6911.594 775.778
6912.647 1136.496
6913.700 900.416
6914.753 515.686
6915.806 333.943
6916.859 353.097
6917.912 377.621
6918.965 364.453
6920.018 322.132
6921.071 477.646
6922.124 986.843
6923.177 1734.341
6924.230 1607.664
6925.283 523.306
6926.336 368.564
6927.389 385.127
6928.442 353.888
6929.495 339.684
6930.548 321.486
6931.601 342.437
6932.654 376.270
6933.707 345.046
6934.760 322.389
6935.813 368.583
6936.866 328.171
6937.919 483.607
6938.972 909.359
6940.025 1022.436
6941.078 732.647
6942.131 372.168
6943.184 366.720
6944.237 333.455
6945.290 351.918
6946.343 392.042
6947.396 459.498
6948.449 1679.287
6949.502 2100.523
6950.555 1135.753
6951.608 450.602
6952.661 339.439
6953.714 330.874
6954.767 355.650
6955.820 418.485
6956.873 425.157
6957.926 406.629
6958.979 390.059
6960.032 331.914
6961.085 351.680
6962.138 391.252
6963.191 340.870
6964.245 389.603
6965.298 385.698
6966.351 468.614
6967.404 404.215
6968.457 446.848
6969.510 718.585
6970.563 865.200
6971.616 515.744
6972.669 325.149
6973.722 394.812
6974.775 412.686
6975.828 350.584
6976.881 610.211
6977.934 1171.703
6978.987 1357.147
6980.040 868.109
6981.093 378.562
6982.146 399.838
6983.199 384.153
6984.252 400.011
6985.305 399.795
6986.358 392.994
6987.411 429.466
6988.464 373.422
6989.517 316.662
6990.570 368.332
6991.623 347.426
6992.676 356.200
6993.729 374.262
6994.782 367.154
6995.835 355.459
6996.888 399.863
6997.941 380.825
6998.994 331.981
7000.047 404.720
7001.100 478.261
7002.153 649.356
7003.206 772.580
7004.259 636.502
7005.312 426.979
7006.365 406.154
7007.418 368.222
7008.471 323.136
7009.524 315.998
7010.577 657.611
7011.630 819.736
7012.683 594.701
7013.736 368.304
7014.789 339.267
7015.842 347.211
7016.895 324.888
7017.948 363.543
7019.001 378.192
7020.054 311.358
7021.107 324.717
7022.160 344.342
7023.213 362.251
7024.266 339.597
7025.319 320.839
7026.372 350.731
7027.425 341.244
7028.478 289.698
7029.531 371.886
7030.584 390.293
7031.637 383.959
7032.690 366.870
7033.743 329.620
7034.796 287.292
7035.849 339.167
7036.902 369.320
7037.955 305.379
7039.008 321.940
7040.061 401.072
7041.114 438.942
7042.167 404.391
7043.220 345.724
7044.273 353.453
7045.326 349.157
7046.379 459.055
7047.433 602.060
7048.486 630.799
7049.539 530.131
7050.592 484.278
7051.645 453.405
7052.698 454.767
7053.751 424.723
7054.804 406.645
7055.857 395.765
7056.910 337.311
7057.963 318.877
7059.016 345.504
7060.069 361.468
7061.122 398.302
7062.175 409.802
7063.228 369.743
7064.281 408.166
7065.334 431.224
7066.387 407.186
7067.440 497.309
7068.493 830.251
7069.546 1050.989
7070.599 793.530
7071.652 493.802
7072.705 374.124
7073.758 415.884
7074.811 397.434
7075.864 319.670
7076.917 390.757
7077.970 420.888
7079.023 408.177
7080.076 346.135
7081.129 417.130
7082.182 444.026
7083.235 492.056
7084.288 382.943
7085.341 356.711
7086.394 370.956
7087.447 452.831
7088.500 515.935
7089.553 515.656
7090.606 475.959
7091.659 393.547
7092.712 377.157
7093.765 404.130
7094.818 357.440
7095.871 350.658
7096.924 388.527
7097.977 380.550
7099.030 401.845
7100.083 421.517
7101.136 400.774
7102.189 309.186
7103.242 302.034
7104.295 386.175
7105.348 365.636
7106.401 301.638
7107.454 370.271
7108.507 391.155
7109.560 319.402
7110.613 341.115
7111.666 391.565
7112.719 371.509
7113.772 341.687
7114.825 336.622
7115.878 390.322
7116.931 372.100
7117.984 332.137
7119.037 390.726
7120.090 302.511
7121.143 341.895
7122.196 338.164
7123.249 321.503
7124.302 386.248
7125.355 404.899
7126.408 400.609
7127.461 471.966
7128.514 462.124
7129.568 411.046
7130.621 416.158
7131.674 387.962
7132.727 385.401
7133.780 424.994
7134.833 387.609
7135.886 304.270
7136.939 391.425
7137.992 560.090
7139.045 1607.543
7140.098 2367.765
7141.151 1713.408
7142.204 677.752
7143.257 444.105
7144.310 487.217
7145.363 454.036
7146.416 482.309
7147.469 457.863
7148.522 412.213
7149.575 397.300
7150.628 331.196
7151.681 346.418
7152.734 379.272
7153.787 308.957
7154.840 343.438
7155.893 332.737
7156.946 398.104
7157.999 352.781
7159.052 379.351
7160.105 367.458
7161.158 372.702
7162.211 370.164
7163.264 350.095
7164.317 338.282
7165.370 370.998
7166.423 396.932
7167.476 344.244
7168.529 330.699
7169.582 382.285
7170.635 383.791
7171.688 330.270
7172.741 290.242
7173.794 392.939
7174.847 432.347
7175.900 376.956
7176.953 348.314
7178.006 349.804
7179.059 295.635
7180.112 350.026
7181.165 406.613
7182.218 384.281
7183.271 340.374
7184.324 316.296
7185.377 326.577
7186.430 264.304
7187.483 314.953
7188.536 297.395
7189.589 311.577
7190.642 298.216
7191.695 286.860
7192.748 272.413
7193.801 293.575
7194.854 333.377
7195.907 301.345
7196.960 293.179
7198.013 307.930
7199.066 331.835
7200.119 293.254
7201.172 278.322
7202.225 328.168
7203.278 276.832
7204.331 290.016
7205.384 321.460
7206.437 304.540
7207.490 308.063
7208.543 297.626
7209.596 340.184
7210.649 305.406
7211.702 306.307
7212.756 285.474
7213.809 334.564
7214.862 356.690
7215.915 282.359
7216.968 310.127
7218.021 332.101
7219.074 287.689
7220.127 323.538
7221.180 347.796
7222.233 378.812
7223.286 320.138
7224.339 402.409
7225.392 401.430
7226.445 314.768
7227.498 308.995
7228.551 355.113
7229.604 386.654
7230.657 323.327
7231.710 317.862
7232.763 388.742
7233.816 412.605
7234.869 373.442
7235.922 291.508
7236.975 421.069
7238.028 1154.863
7239.081 2133.201
7240.134 2909.965
7241.187 2650.029
7242.240 1544.364
7243.293 1199.232
7244.346 2410.144
7245.399 3129.842
7246.452 2015.452
7247.505 801.472
7248.558 443.006
7249.611 395.690
7250.664 405.215
7251.717 582.133
7252.770 906.646
7253.823 945.734
7254.876 714.471
7255.929 562.417
7256.982 495.255
7258.035 424.979
7259.088 350.533
7260.141 356.937
7261.194 335.606
7262.247 334.652
7263.300 348.622
7264.353 321.702
7265.406 323.082
7266.459 415.199
7267.512 497.314
7268.565 489.291
7269.618 437.531
7270.671 349.635
7271.724 366.046
7272.777 379.053
7273.830 474.159
7274.883 1899.351
7275.936 4297.857
7276.989 4736.464
7278.042 2281.837
7279.095 621.963
7280.148 426.767
7281.201 470.987
7282.254 545.440
7283.307 1148.162
7284.360 2023.839
7285.413 1856.828
7286.466 1013.120
7287.519 517.506
7288.572 340.695
7289.625 344.367
7290.678 389.158
7291.731 409.224
7292.784 345.074
7293.837 427.972
7294.891 581.906
7295.944 850.094
7296.997 745.209
7298.050 436.322
7299.103 332.831
7300.156 314.857
7301.209 358.527
7302.262 613.196
7303.315 1191.127
7304.368 1311.559
7305.421 790.358
7306.474 462.467
7307.527 364.762
7308.580 340.739
7309.633 373.848
7310.686 468.421
7311.739 449.678
7312.792 419.096
7313.845 305.119
7314.898 1444.384
7315.951 3524.021
7317.004 3516.661
7318.057 1715.828
7319.110 592.759
7320.163 392.205
7321.216 342.051
7322.269 380.363
7323.322 502.035
7324.375 495.250
7325.428 487.785
7326.481 346.272
7327.534 654.148
7328.587 1444.179
7329.640 1731.312
7330.693 1137.504
7331.746 525.965
7332.799 443.590
7333.852 442.637
7334.905 446.062
7335.958 458.295
7337.011 389.512
7338.064 377.962
7339.117 934.249
7340.170 3184.634
7341.223 4413.052
7342.276 2773.521
7343.329 1001.965
7344.382 442.318
7345.435 388.842
7346.488 391.585
7347.541 370.603
7348.594 350.950
7349.647 313.963
7350.700 418.522
7351.753 386.137
7352.806 363.658
7353.859 347.439
7354.912 353.171
7355.965 344.051
7357.018 614.354
7358.071 1148.977
7359.124 1551.151
7360.177 1048.676
7361.230 427.890
7362.283 379.086
7363.336 386.229
7364.389 373.019
7365.442 390.260
7366.495 407.770
7367.548 683.421
7368.601 2372.571
7369.654 3230.061
7370.707 2171.919
7371.760 941.916
7372.813 443.435
7373.866 397.102
7374.919 401.114
7375.972 395.641
7377.025 377.605
7378.079 327.291
7379.132 334.922
7380.185 349.865
7381.238 301.858
7382.291 325.052
7383.344 340.617
7384.397 341.586
7385.450 332.790
7386.503 318.148
7387.556 340.605
7388.609 340.521
7389.662 343.403
7390.715 611.470
7391.768 1027.014
7392.821 1105.011
7393.874 760.307
7394.927 406.128
7395.980 314.075
7397.033 314.657
7398.086 282.042
7399.139 316.404
7400.192 666.876
7401.245 1606.511
7402.298 2049.847
7403.351 1360.819
7404.404 608.204
7405.457 369.401
7406.510 302.563
7407.563 281.794
7408.616 286.850
7409.669 268.829
7410.722 319.326
7411.775 354.035
7412.828 335.784
7413.881 326.211
7414.934 295.642
7415.987 293.392
7417.040 337.830
7418.093 330.921
7419.146 323.937
7420.199 272.959
7421.252 254.655
7422.305 314.524
7423.358 317.048
7424.411 281.831
7425.464 280.929
7426.517 292.326
7427.570 377.603
7428.623 468.778
7429.676 696.224
7430.729 689.101
7431.782 457.927
7432.835 361.576
7433.888 327.332
7434.941 302.621
7435.994 313.659
7437.047 575.439
7438.100 996.700
7439.153 1053.731
7440.206 717.378
7441.259 415.968
7442.312 269.665
7443.365 313.022
7444.418 340.746
7445.471 329.950
7446.524 305.730
7447.577 280.964
7448.630 276.471
7449.683 313.190
7450.736 293.639
7451.789 247.742
7452.842 342.747
7453.895 294.558
7454.948 258.959
7456.001 267.222
7457.054 264.546
7458.107 281.840
7459.160 359.964
7460.214 383.983
7461.267 370.836
7462.320 402.901
7463.373 394.253
7464.426 444.301
7465.479 477.685
7466.532 516.400
7467.585 611.837
7468.638 575.839
7469.691 452.380
7470.744 461.463
7471.797 561.552
7472.850 672.588
7473.903 872.607
7474.956 933.471
7476.009 725.078
7477.062 479.245
7478.115 426.956
7479.168 437.919
7480.221 438.147
7481.274 438.369
7482.327 438.595
7483.380 438.828
7484.433 439.060
7485.486 439.292
