3561.035 2138.208
3562.213 2205.941
3563.392 1893.261
3564.571 2241.655
3565.750 1854.211
3566.929 2052.516
3568.108 2298.746
3569.286 1875.627
3570.465 1748.726
3571.644 1699.543
3572.823 1750.689
3574.002 2143.950
3575.180 1786.025
3576.359 1700.633
3577.538 1901.105
3578.717 1676.129
3579.896 1990.560
3581.075 2011.385
3582.253 1880.976
3583.432 1938.930
3584.611 2142.852
3585.790 2340.118
3586.969 1499.378
3588.147 2069.158
3589.326 2419.176
3590.505 1883.307
3591.684 2326.923
3592.863 1821.988
3594.042 1730.344
3595.220 2117.351
3596.399 1947.386
3597.578 1942.379
3598.757 1605.172
3599.936 2325.032
3601.114 1822.300
3602.293 1987.624
3603.472 2260.112
3604.651 1862.741
3605.830 2494.615
3607.009 1794.007
3608.187 2541.287
3609.366 2402.950
3610.545 2238.465
3611.724 1874.337
3612.903 1614.448
3614.081 2471.531
3615.260 2511.612
3616.439 2507.326
3617.618 2597.604
3618.797 2178.498
3619.976 2534.200
3621.154 1994.051
3622.333 2273.497
3623.512 2277.169
3624.691 1933.007
3625.870 2503.793
3627.048 2023.694
3628.227 1986.640
3629.406 2107.902
3630.585 2396.328
3631.764 2353.157
3632.943 2646.477
3634.121 2246.115
3635.300 2641.955
3636.479 2956.364
3637.658 2810.106
3638.837 2680.912
3640.015 2219.420
3641.194 2457.158
3642.373 2653.568
3643.552 2557.706
3644.731 2182.274
3645.910 2340.623
3647.088 1982.084
3648.267 2090.190
3649.446 2020.839
3650.625 1981.549
3651.804 1898.979
3652.982 1940.720
3654.161 2028.324
3655.340 1873.519
3656.519 1850.326
3657.698 1911.066
3658.877 1780.260
3660.055 2038.299
3661.234 1866.774
3662.413 1907.773
3663.592 2019.611
3664.771 2094.075
3665.949 1611.589
3667.128 1727.242
3668.307 1630.613
3669.486 2095.091
3670.665 1649.778
3671.844 1486.701
3673.022 1634.905
3674.201 1563.209
3675.380 1778.285
3676.559 1798.407
3677.738 1834.090
3678.916 1871.934
3680.095 1757.301
3681.274 1747.827
3682.453 1827.164
3683.632 1548.107
3684.811 1368.255
3685.989 1884.601
3687.168 1207.707
3688.347 1675.110
3689.526 2140.770
3690.705 1863.736
3691.883 1298.874
3693.062 1902.153
3694.241 2152.308
3695.420 1752.467
3696.599 1284.868
3697.777 1923.030
3698.956 2201.079
3700.135 2356.601
3701.314 1731.676
3702.493 1411.683
3703.672 1717.591
3704.850 2078.855
3706.029 2452.289
3707.208 2896.802
3708.387 1804.639
3709.566 1744.448
3710.744 1210.815
3711.923 1361.341
3713.102 2281.287
3714.281 3050.021
3715.460 2215.683
3716.639 1334.650
3717.817 1537.041
3718.996 1230.504
3720.175 1375.292
3721.354 1201.256
3722.533 1803.067
3723.711 3659.482
3724.890 4220.394
3726.069 4562.949
3727.248 17456.131
3728.427 33573.406
3729.606 38747.041
3730.784 45905.841
3731.963 41941.752
3733.142 17497.063
3734.321 2479.161
3735.500 2428.973
3736.678 3576.770
3737.857 3294.888
3739.036 1899.504
3740.215 1499.033
3741.394 1744.968
3742.573 1562.692
3743.751 1644.931
3744.930 1283.608
3746.109 1635.232
3747.288 1441.189
3748.467 1553.779
3749.645 1123.914
3750.824 2253.111
3752.003 3541.776
3753.182 3927.571
3754.361 2240.570
3755.540 1298.275
3756.718 1351.266
3757.897 1273.241
3759.076 1658.481
3760.255 1311.037
3761.434 1296.543
3762.612 1380.957
3763.791 1395.835
3764.970 1333.067
3766.149 1308.853
3767.328 1184.408
3768.507 910.296
3769.685 1160.515
3770.864 1565.097
3772.043 3421.851
3773.222 4660.353
3774.401 3190.082
3775.579 1277.999
3776.758 1105.798
3777.937 1162.576
3779.116 1202.333
3780.295 1148.742
3781.474 1173.188
3782.652 1257.715
3783.831 1289.078
3785.010 1268.933
3786.189 1307.813
3787.368 1276.318
3788.546 1224.022
3789.725 1311.128
3790.904 1181.017
3792.083 1165.571
3793.262 1384.646
3794.441 1230.174
3795.619 1081.774
3796.798 1204.971
3797.977 1281.970
3799.156 3421.870
3800.335 5233.110
3801.513 4113.582
3802.692 1693.559
3803.871 911.881
3805.050 1245.332
3806.229 1088.807
3807.408 1384.844
3808.586 1215.405
3809.765 1188.103
3810.944 1351.207
3812.123 1266.114
3813.302 1346.748
3814.480 1321.793
3815.659 1337.594
3816.838 1346.033
3818.017 1334.051
3819.196 1323.353
3820.375 1491.987
3821.553 2152.202
3822.732 1825.123
3823.911 1513.087
3825.090 1190.545
3826.269 1176.744
3827.447 1315.321
3828.626 1163.871
3829.805 1403.737
3830.984 1393.917
3832.163 1368.122
3833.342 1287.673
3834.520 1194.310
3835.699 1902.955
3836.878 5252.481
3838.057 6787.311
3839.236 4541.122
3840.414 1290.183
3841.593 975.489
3842.772 1266.719
3843.951 1001.186
3845.130 1103.570
3846.309 1350.426
3847.487 1232.222
3848.666 1157.201
3849.845 1188.265
3851.024 1297.879
3852.203 1309.180
3853.381 1282.228
3854.560 1112.456
3855.739 1187.745
3856.918 992.678
3858.097 1206.102
3859.275 1333.108
3860.454 1189.086
3861.633 1264.857
3862.812 1380.252
3863.991 1245.245
3865.170 1266.247
3866.348 1198.204
3867.527 1355.265
3868.706 2815.909
3869.885 17046.920
3871.064 32207.803
3872.242 26403.285
3873.421 6048.782
3874.600 1376.165
3875.779 1178.992
3876.958 1060.121
3878.137 1088.341
3879.315 1092.830
3880.494 1044.269
3881.673 1039.766
3882.852 1100.607
3884.031 925.138
3885.209 1070.253
3886.388 928.409
3887.567 1002.744
3888.746 1520.314
3889.925 7239.958
3891.104 14829.885
3892.282 12642.472
3893.461 3999.612
3894.640 917.681
3895.819 1062.483
3896.998 954.083
3898.176 945.383
3899.355 1045.780
3900.534 1102.100
3901.713 1199.615
3902.892 1071.257
3904.071 1009.105
3905.249 933.833
3906.428 1166.370
3907.607 1216.521
3908.786 1163.293
3909.965 1202.414
3911.143 1169.927
3912.322 1143.396
3913.501 1182.056
3914.680 1138.802
3915.859 1179.383
3917.038 1084.525
3918.216 1136.371
3919.395 1106.652
3920.574 1164.047
3921.753 1121.492
3922.932 1093.608
3924.110 1030.055
3925.289 1014.162
3926.468 999.192
3927.647 998.432
3928.826 1031.190
3930.005 1063.690
3931.183 963.109
3932.362 942.340
3933.541 829.993
3934.720 823.712
3935.899 813.696
3937.077 873.568
3938.256 928.287
3939.435 1041.338
3940.614 1024.120
3941.793 1014.833
3942.972 980.476
3944.150 1124.220
3945.329 1053.455
3946.508 1226.825
3947.687 1252.654
3948.866 1238.914
3950.044 981.532
3951.223 990.781
3952.402 875.277
3953.581 1100.020
3954.760 1066.365
3955.939 975.894
3957.117 887.702
3958.296 979.159
3959.475 984.961
3960.654 999.197
3961.833 924.275
3963.011 910.066
3964.190 877.737
3965.369 953.110
3966.548 1268.512
3967.727 1957.167
3968.906 6012.857
3970.084 9103.616
3971.263 11007.578
3972.442 11149.514
3973.621 8934.309
3974.800 2463.124
3975.978 911.239
3977.157 874.025
3978.336 963.507
3979.515 811.663
3980.694 997.748
3981.873 942.194
3983.051 910.765
3984.230 952.658
3985.409 911.066
3986.588 858.721
3987.767 1027.992
3988.945 901.292
3990.124 864.120
3991.303 886.025
3992.482 911.083
3993.661 958.877
3994.840 874.877
3996.018 1024.676
3997.197 908.594
3998.376 888.606
3999.555 967.266
4000.734 952.374
4001.912 896.908
4003.091 896.782
4004.270 931.157
4005.449 905.047
4006.628 861.742
4007.807 947.009
4008.985 956.263
4010.164 985.465
4011.343 1000.560
4012.522 976.859
4013.701 1002.060
4014.879 965.897
4016.058 904.037
4017.237 945.579
4018.416 953.971
4019.595 959.746
4020.773 894.432
4021.952 915.382
4023.131 922.183
4024.310 987.041
4025.489 849.883
4026.668 1022.828
4027.846 1659.696
4029.025 2093.441
4030.204 1548.238
4031.383 960.204
4032.562 818.922
4033.740 916.093
4034.919 854.542
4036.098 811.906
4037.277 793.347
4038.456 856.146
4039.635 963.371
4040.813 999.289
4041.992 972.004
4043.171 978.646
4044.350 875.509
4045.529 906.191
4046.707 986.514
4047.886 847.032
4049.065 965.752
4050.244 863.292
4051.423 870.967
4052.602 845.553
4053.780 887.361
4054.959 880.040
4056.138 906.762
4057.317 895.328
4058.496 879.240
4059.674 873.229
4060.853 886.492
4062.032 850.743
4063.211 831.308
4064.390 891.608
4065.569 967.330
4066.747 936.476
4067.926 892.380
4069.105 1023.640
4070.284 1227.863
4071.463 1336.201
4072.641 1153.139
4073.820 896.240
4074.999 859.327
4076.178 916.161
4077.357 868.162
4078.536 1051.119
4079.714 993.436
4080.893 975.361
4082.072 807.986
4083.251 851.491
4084.430 780.353
4085.608 861.279
4086.787 838.743
4087.966 776.762
4089.145 792.601
4090.324 838.081
4091.503 815.996
4092.681 824.491
4093.860 786.648
4095.039 668.709
4096.218 750.176
4097.397 652.313
4098.575 666.096
4099.754 721.014
4100.933 934.962
4102.112 2025.725
4103.291 9782.333
4104.470 14203.214
4105.648 9290.987
4106.827 1968.538
4108.006 584.270
4109.185 747.327
4110.364 682.412
4111.542 761.068
4112.721 691.355
4113.900 727.119
4115.079 735.187
4116.258 765.374
4117.437 747.773
4118.615 676.182
4119.794 715.007
4120.973 737.304
4122.152 745.156
4123.331 842.044
4124.509 907.141
4125.688 779.661
4126.867 782.730
4128.046 758.071
4129.225 776.085
4130.404 758.683
4131.582 728.025
4132.761 739.763
4133.940 761.566
4135.119 800.670
4136.298 711.188
4137.476 758.561
4138.655 753.445
4139.834 741.840
4141.013 754.610
4142.192 720.942
4143.371 727.149
4144.549 752.469
4145.728 745.455
4146.907 855.274
4148.086 727.463
4149.265 760.453
4150.443 714.151
4151.622 687.708
4152.801 738.234
4153.980 653.172
4155.159 734.554
4156.338 724.801
4157.516 740.005
4158.695 699.306
4159.874 653.854
4161.053 710.444
4162.232 792.525
4163.410 814.128
4164.589 779.482
4165.768 793.666
4166.947 752.470
4168.126 785.201
4169.305 851.623
4170.483 771.103
4171.662 790.333
4172.841 758.407
4174.020 750.221
4175.199 714.079
4176.377 720.358
4177.556 747.622
4178.735 745.361
4179.914 732.200
4181.093 715.448
4182.271 629.695
4183.450 633.224
4184.629 714.085
4185.808 668.313
4186.987 695.572
4188.166 711.871
4189.344 705.030
4190.523 692.213
4191.702 685.795
4192.881 682.285
4194.060 724.461
4195.238 629.815
4196.417 683.708
4197.596 704.835
4198.775 636.888
4199.954 613.137
4201.133 624.758
4202.311 691.831
4203.490 639.206
4204.669 717.715
4205.848 645.148
4207.027 595.721
4208.205 633.829
4209.384 662.060
4210.563 658.071
4211.742 696.102
4212.921 622.139
4214.100 620.826
4215.278 642.143
4216.457 626.468
4217.636 597.348
4218.815 626.224
4219.994 623.960
4221.172 579.114
4222.351 613.467
4223.530 612.245
4224.709 587.786
4225.888 611.659
4227.067 607.563
4228.245 565.166
4229.424 645.369
4230.603 630.633
4231.782 588.474
4232.961 622.736
4234.139 563.369
4235.318 598.806
4236.497 618.232
4237.676 705.510
4238.855 699.376
4240.034 659.942
4241.212 590.339
4242.391 584.370
4243.570 581.246
4244.749 560.262
4245.928 635.608
4247.106 652.938
4248.285 567.256
4249.464 614.546
4250.643 658.441
4251.822 610.080
4253.001 664.834
4254.179 641.374
4255.358 624.132
4256.537 586.891
4257.716 594.025
4258.895 627.095
4260.073 539.192
4261.252 611.554
4262.431 634.208
4263.610 557.420
4264.789 639.625
4265.968 623.405
4267.146 643.317
4268.325 616.303
4269.504 616.883
4270.683 676.156
4271.862 603.109
4273.040 550.344
4274.219 568.482
4275.398 526.569
4276.577 548.906
4277.756 589.886
4278.935 566.825
4280.113 606.753
4281.292 590.730
4282.471 533.680
4283.650 579.240
4284.829 576.793
4286.007 553.427
4287.186 556.868
4288.365 517.661
4289.544 512.355
4290.723 529.486
4291.902 554.150
4293.080 545.590
4294.259 554.501
4295.438 515.757
4296.617 540.993
4297.796 482.566
4298.974 455.422
4300.153 534.683
4301.332 523.814
4302.511 509.707
4303.690 614.060
4304.869 532.551
4306.047 552.273
4307.226 537.933
4308.405 608.580
4309.584 561.679
4310.763 602.375
4311.941 569.823
4313.120 577.170
4314.299 552.980
4315.478 526.658
4316.657 494.445
4317.836 578.262
4319.014 532.558
4320.193 560.075
4321.372 591.126
4322.551 541.183
4323.730 479.438
4324.908 502.079
4326.087 553.657
4327.266 519.159
4328.445 508.609
4329.624 527.524
4330.803 498.671
4331.981 501.749
4333.160 551.324
4334.339 535.961
4335.518 565.788
4336.697 480.076
4337.875 504.838
4339.054 522.080
4340.233 795.952
4341.412 5191.918
4342.591 15877.589
4343.769 17616.602
4344.948 8810.851
4346.127 569.908
4347.306 614.260
4348.485 407.334
4349.664 518.603
4350.842 485.977
4352.021 502.214
4353.200 477.959
4354.379 442.739
4355.558 464.565
4356.736 504.180
4357.915 515.944
4359.094 485.554
4360.273 501.855
4361.452 523.638
4362.631 574.062
4363.809 979.125
4364.988 2438.645
4366.167 3464.984
4367.346 2358.621
4368.525 947.812
4369.703 584.384
4370.882 541.513
4372.061 505.896
4373.240 467.232
4374.419 487.527
4375.598 537.489
4376.776 504.670
4377.955 495.978
4379.134 485.592
4380.313 498.188
4381.492 514.503
4382.670 484.568
4383.849 469.074
4385.028 499.686
4386.207 466.063
4387.386 446.119
4388.565 500.223
4389.743 624.301
4390.922 617.483
4392.101 556.484
4393.280 490.435
4394.459 520.536
4395.637 504.438
4396.816 510.210
4397.995 469.725
4399.174 454.198
4400.353 474.366
4401.532 465.224
4402.710 478.798
4403.889 512.796
4405.068 484.469
4406.247 474.348
4407.426 534.423
4408.604 536.028
4409.783 523.549
4410.962 549.853
4412.141 538.445
4413.320 514.066
4414.499 487.654
4415.677 596.024
4416.856 578.751
4418.035 538.534
4419.214 514.411
4420.393 535.085
4421.571 526.932
4422.750 486.838
4423.929 496.360
4425.108 497.777
4426.287 508.317
4427.466 497.858
4428.644 451.485
4429.823 465.861
4431.002 507.508
4432.181 515.333
4433.360 502.539
4434.538 479.675
4435.717 471.289
4436.896 451.265
4438.075 471.270
4439.254 526.221
4440.433 581.985
4441.611 482.524
4442.790 466.816
4443.969 467.135
4445.148 507.893
4446.327 477.000
4447.505 468.741
4448.684 467.652
4449.863 479.076
4451.042 472.600
4452.221 500.543
4453.400 488.067
4454.578 462.910
4455.757 492.216
4456.936 405.190
4458.115 420.451
4459.294 448.494
4460.472 441.929
4461.651 525.525
4462.830 448.278
4464.009 421.188
4465.188 453.348
4466.367 474.002
4467.545 413.113
4468.724 485.893
4469.903 418.228
4471.082 487.468
4472.261 640.792
4473.439 1470.771
4474.618 1772.753
4475.797 1176.940
4476.976 523.078
4478.155 426.051
4479.334 472.928
4480.512 432.120
4481.691 399.521
4482.870 459.213
4484.049 442.261
4485.228 458.338
4486.406 436.071
4487.585 448.931
4488.764 435.484
4489.943 466.790
4491.122 425.184
4492.301 447.561
4493.479 448.338
4494.658 435.227
4495.837 461.458
4497.016 466.230
4498.195 453.140
4499.373 480.039
4500.552 449.752
4501.731 443.272
4502.910 456.124
4504.089 452.092
4505.267 460.745
4506.446 497.776
4507.625 478.746
4508.804 467.606
4509.983 452.331
4511.162 502.978
4512.340 452.937
4513.519 412.560
4514.698 449.960
4515.877 458.763
4517.056 451.100
4518.234 481.848
4519.413 445.575
4520.592 464.171
4521.771 467.110
4522.950 466.799
4524.129 446.031
4525.307 433.344
4526.486 428.296
4527.665 428.474
4528.844 410.245
4530.023 470.550
4531.201 459.539
4532.380 487.785
4533.559 461.877
4534.738 428.333
4535.917 448.856
4537.096 461.212
4538.274 457.158
4539.453 444.568
4540.632 479.140
4541.811 471.329
4542.990 455.030
4544.168 471.510
4545.347 446.826
4546.526 462.149
4547.705 456.007
4548.884 461.352
4550.063 449.299
4551.241 453.763
4552.420 455.511
4553.599 444.531
4554.778 441.806
4555.957 467.705
4557.135 464.471
4558.314 441.140
4559.493 484.203
4560.672 463.272
4561.851 426.705
4563.030 431.086
4564.208 472.566
4565.387 494.065
4566.566 481.220
4567.745 445.629
4568.924 435.185
4570.102 457.075
4571.281 428.495
4572.460 445.319
4573.639 487.151
4574.818 497.448
4575.997 448.173
4577.175 448.380
4578.354 495.879
4579.533 478.383
4580.712 430.571
4581.891 424.698
4583.069 471.985
4584.248 457.128
4585.427 452.051
4586.606 467.176
4587.785 462.279
4588.964 458.548
4590.142 437.956
4591.321 470.696
4592.500 458.895
4593.679 441.050
4594.858 451.416
4596.036 427.720
4597.215 388.091
4598.394 475.737
4599.573 487.692
4600.752 420.687
4601.931 390.885
4603.109 385.765
4604.288 400.840
4605.467 402.640
4606.646 437.505
4607.825 453.507
4609.003 441.423
4610.182 438.527
4611.361 447.793
4612.540 424.277
4613.719 484.810
4614.898 441.704
4616.076 455.485
4617.255 456.647
4618.434 401.211
4619.613 410.782
4620.792 425.401
4621.970 433.393
4623.149 446.286
4624.328 410.427
4625.507 402.791
4626.686 453.282
4627.865 428.211
4629.043 447.267
4630.222 435.715
4631.401 469.469
4632.580 422.560
4633.759 419.599
4634.937 436.584
4636.116 390.686
4637.295 397.748
4638.474 445.389
4639.653 436.553
4640.832 440.116
4642.010 432.390
4643.189 427.744
4644.368 436.527
4645.547 433.999
4646.726 422.144
4647.904 425.117
4649.083 439.098
4650.262 439.547
4651.441 429.038
4652.620 429.931
4653.799 434.018
4654.977 497.004
4656.156 481.688
4657.335 415.335
4658.514 486.370
4659.693 514.076
4660.871 520.754
4662.050 535.625
4663.229 490.234
4664.408 434.843
4665.587 438.998
4666.765 442.833
4667.944 420.049
4669.123 443.130
4670.302 456.107
4671.481 442.340
4672.660 443.859
4673.838 453.180
4675.017 443.462
4676.196 460.201
4677.375 444.478
4678.554 429.366
4679.732 451.098
4680.911 461.028
4682.090 484.450
4683.269 446.749
4684.448 423.223
4685.627 489.560
4686.805 479.375
4687.984 548.185
4689.163 580.598
4690.342 514.341
4691.521 464.921
4692.699 480.965
4693.878 414.797
4695.057 438.071
4696.236 447.093
4697.415 425.853
4698.594 399.122
4699.772 461.616
4700.951 422.214
4702.130 447.090
4703.309 495.328
4704.488 438.252
4705.666 444.944
4706.845 428.031
4708.024 438.438
4709.203 447.093
4710.382 395.028
4711.561 422.983
4712.739 538.731
4713.918 776.818
4715.097 841.735
4716.276 686.446
4717.455 549.659
4718.633 452.935
4719.812 442.464
4720.991 458.224
4722.170 454.820
4723.349 455.595
4724.528 439.704
4725.706 428.598
4726.885 443.690
4728.064 450.818
4729.243 400.887
4730.422 416.429
4731.600 430.827
4732.779 423.873
4733.958 419.816
4735.137 405.599
4736.316 438.286
4737.495 441.217
4738.673 435.437
4739.852 410.948
4741.031 460.373
4742.210 636.689
4743.389 676.574
4744.567 581.218
4745.746 439.158
4746.925 421.638
4748.104 424.563
4749.283 451.661
4750.462 427.831
4751.640 407.573
4752.819 424.514
4753.998 425.909
4755.177 433.878
4756.356 406.618
4757.534 409.063
4758.713 424.972
4759.892 439.351
4761.071 434.347
4762.250 418.617
4763.429 404.817
4764.607 400.333
4765.786 414.281
4766.965 393.642
4768.144 399.002
4769.323 430.182
4770.501 420.655
4771.680 410.525
4772.859 466.041
4774.038 488.838
4775.217 456.278
4776.396 429.574
4777.574 435.794
4778.753 410.239
4779.932 406.946
4781.111 393.175
4782.290 430.544
4783.468 460.682
4784.647 446.446
4785.826 461.959
4787.005 422.063
4788.184 420.501
4789.363 416.282
4790.541 392.696
4791.720 407.121
4792.899 411.108
4794.078 418.242
4795.257 443.396
4796.435 458.432
4797.614 421.326
4798.793 409.370
4799.972 401.448
4801.151 424.169
4802.330 453.237
4803.508 421.546
4804.687 419.349
4805.866 431.312
4807.045 411.938
4808.224 395.088
4809.402 409.271
4810.581 392.673
4811.760 446.309
4812.939 410.764
4814.118 422.541
4815.296 425.365
4816.475 447.106
4817.654 463.096
4818.833 462.472
4820.012 443.232
4821.191 458.412
4822.369 438.074
4823.548 427.745
4824.727 443.268
4825.906 416.827
4827.085 454.081
4828.263 419.318
4829.442 433.150
4830.621 413.982
4831.800 432.117
4832.979 446.839
4834.158 416.006
4835.336 430.100
4836.515 442.850
4837.694 412.451
4838.873 427.831
4840.052 458.666
4841.230 464.917
4842.409 489.697
4843.588 486.037
4844.767 421.764
4845.946 409.873
4847.125 452.876
4848.303 439.764
4849.482 434.971
4850.661 405.162
4851.840 406.835
4853.019 416.308
4854.197 424.331
4855.376 378.746
4856.555 379.927
4857.734 431.840
4858.913 393.836
4860.092 437.780
4861.270 888.676
4862.449 7646.544
4863.628 29748.004
4864.807 33748.431
4865.986 15757.347
4867.164 1774.276
4868.343 242.636
4869.522 536.837
4870.701 400.660
4871.880 412.446
4873.059 415.487
4874.237 417.475
4875.416 398.468
4876.595 423.608
4877.774 444.774
4878.953 430.694
4880.131 423.955
4881.310 444.532
4882.489 423.447
4883.668 432.100
4884.847 473.345
4886.026 424.010
4887.204 397.408
4888.383 419.375
4889.562 408.023
4890.741 419.052
4891.920 454.961
4893.098 430.712
4894.277 425.631
4895.456 428.665
4896.635 427.560
4897.814 404.026
4898.993 400.019
4900.171 414.466
4901.350 430.168
4902.529 420.929
4903.708 426.566
4904.887 456.118
4906.065 422.584
4907.244 448.391
4908.423 441.993
4909.602 444.972
4910.781 420.392
4911.960 391.480
4913.138 435.649
4914.317 462.657
4915.496 393.036
4916.675 421.618
4917.854 426.511
4919.032 416.180
4920.211 412.682
4921.390 370.589
4922.569 413.272
4923.748 624.176
4924.927 813.749
4926.105 697.139
4927.284 462.692
4928.463 422.833
4929.642 462.092
4930.821 454.393
4931.999 428.530
4933.178 424.257
4934.357 440.031
4935.536 446.090
4936.715 415.871
4937.894 459.031
4939.072 456.420
4940.251 451.557
4941.430 446.505
4942.609 439.748
4943.788 420.567
4944.966 439.134
4946.145 458.223
4947.324 433.114
4948.503 430.695
4949.682 421.496
4950.861 415.038
4952.039 464.224
4953.218 464.823
4954.397 492.415
4955.576 520.903
4956.755 305.673
4957.933 1064.425
4959.112 -434.058
4960.291 22024.772
4961.470 56912.948
4962.649 57094.129
4963.828 23948.139
4965.006 -571.110
4966.185 1119.841
4967.364 426.673
4968.543 618.867
4969.722 532.051
4970.900 534.569
4972.079 513.614
4973.258 493.422
4974.437 467.704
4975.616 493.062
4976.794 467.580
4977.973 478.515
4979.152 472.204
4980.331 474.998
4981.510 469.367
4982.689 436.566
4983.867 466.361
4985.046 464.222
4986.225 480.095
4987.404 515.170
4988.583 612.631
4989.761 644.923
4990.940 541.782
4992.119 463.107
4993.298 499.365
4994.477 485.095
4995.656 499.547
4996.834 501.271
4998.013 463.585
4999.192 510.003
5000.371 509.608
5001.550 505.208
5002.728 577.716
5003.907 399.106
5005.086 1069.870
5006.265 -459.415
5007.444 10816.488
5008.623 94352.664
5009.801 184400.817
5010.980 150145.969
5012.159 26948.558
5013.338 1198.593
5014.517 734.105
5015.695 507.152
5016.874 697.099
5018.053 1039.542
5019.232 1192.257
5020.411 841.972
5021.590 564.236
5022.768 496.295
5023.947 452.163
5025.126 437.991
5026.305 450.063
5027.484 438.827
5028.662 422.786
5029.841 430.218
5031.020 446.592
5032.199 437.825
5033.378 432.822
5034.557 445.463
5035.735 424.699
5036.914 403.732
5038.093 420.312
5039.272 430.372
5040.451 412.100
5041.629 379.319
5042.808 433.420
5043.987 462.936
5045.166 411.284
5046.345 429.605
5047.524 402.411
5048.702 410.401
5049.881 434.928
5051.060 480.753
5052.239 432.156
5053.418 400.360
5054.596 414.120
5055.775 424.488
5056.954 428.239
5058.133 415.004
5059.312 398.563
5060.491 400.763
5061.669 401.301
5062.848 375.201
5064.027 372.333
5065.206 394.211
5066.385 387.160
5067.563 399.778
5068.742 392.829
5069.921 355.281
5071.100 383.062
5072.279 375.123
5073.458 383.760
5074.636 382.097
5075.815 383.567
5076.994 383.748
5078.173 398.037
5079.352 354.028
5080.530 368.877
5081.709 350.295
5082.888 387.301
5084.067 375.826
5085.246 362.372
5086.425 360.927
5087.603 368.770
5088.782 398.974
5089.961 406.411
5091.140 410.131
5092.319 379.202
5093.497 360.478
5094.676 382.009
5095.855 380.269
5097.034 392.800
5098.213 377.341
5099.392 375.632
5100.570 371.894
5101.749 354.898
5102.928 381.509
5104.107 350.702
5105.286 352.277
5106.464 351.612
5107.643 363.124
5108.822 356.058
5110.001 342.507
5111.180 367.293
5112.359 366.775
5113.537 365.850
5114.716 370.569
5115.895 359.425
5117.074 373.062
5118.253 382.767
5119.431 360.639
5120.610 361.059
5121.789 355.299
5122.968 333.059
5124.147 355.980
5125.326 365.022
5126.504 316.035
5127.683 309.262
5128.862 348.129
5130.041 345.349
5131.220 335.894
5132.398 367.794
5133.577 374.520
5134.756 347.178
5135.935 375.582
5137.114 377.307
5138.292 340.232
5139.471 348.858
5140.650 361.017
5141.829 348.071
5143.008 355.115
5144.187 333.754
5145.365 357.771
5146.544 377.742
5147.723 374.817
5148.902 364.951
5150.081 350.301
5151.259 349.057
5152.438 327.235
5153.617 319.286
5154.796 350.093
5155.975 339.412
5157.154 329.380
5158.332 347.651
5159.511 339.808
5160.690 349.324
5161.869 323.693
5163.048 327.996
5164.226 354.645
5165.405 320.535
5166.584 329.905
5167.763 323.544
5168.942 312.881
5170.121 317.343
5171.299 332.190
5172.478 324.499
5173.657 284.901
5174.836 314.201
5176.015 326.006
5177.193 334.523
5178.372 366.871
5179.551 346.713
5180.730 334.658
5181.909 329.000
5183.088 299.432
5184.266 309.809
5185.445 330.406
5186.624 339.916
5187.803 349.265
5188.982 362.097
5190.160 372.600
5191.339 317.742
5192.518 337.376
5193.697 346.007
5194.876 356.514
5196.055 398.915
5197.233 729.795
5198.412 909.288
5199.591 811.103
5200.770 692.290
5201.949 569.190
5203.127 434.304
5204.306 379.182
5205.485 344.805
5206.664 316.979
5207.843 333.483
5209.022 316.213
5210.200 304.383
5211.379 338.376
5212.558 330.942
5213.737 340.008
5214.916 348.784
5216.094 327.085
5217.273 304.229
5218.452 333.150
5219.631 330.970
5220.810 319.856
5221.989 351.542
5223.167 347.864
5224.346 373.385
5225.525 348.421
5226.704 299.247
5227.883 324.122
5229.061 331.330
5230.240 315.257
5231.419 334.811
5232.598 346.080
5233.777 347.211
5234.956 340.459
5236.134 316.607
5237.313 335.584
5238.492 361.692
5239.671 338.400
5240.850 298.128
5242.028 296.720
5243.207 334.223
5244.386 345.438
5245.565 349.154
5246.744 326.999
5247.923 314.474
5249.101 316.272
5250.280 307.213
5251.459 320.518
5252.638 307.454
5253.817 318.535
5254.995 338.768
5256.174 362.018
5257.353 358.896
5258.532 310.990
5259.711 286.238
5260.890 277.960
5262.068 279.144
5263.247 297.927
5264.426 292.061
5265.605 284.142
5266.784 304.381
5267.962 305.960
5269.141 274.693
5270.320 297.250
5271.499 348.267
5272.678 338.182
5273.857 361.841
5275.035 361.236
5276.214 373.246
5277.393 348.890
5278.572 322.193
5279.751 304.405
5280.929 310.431
5282.108 313.987
5283.287 313.897
5284.466 311.174
5285.645 303.440
5286.824 302.196
5288.002 294.997
5289.181 324.509
5290.360 290.471
5291.539 300.190
5292.718 324.659
5293.896 342.527
5295.075 328.676
5296.254 326.762
5297.433 310.646
5298.612 348.852
5299.790 344.367
5300.969 325.594
5302.148 297.242
5303.327 311.321
5304.506 301.049
5305.685 303.818
5306.863 328.009
5308.042 324.100
5309.221 316.026
5310.400 323.203
5311.579 335.635
5312.757 311.365
5313.936 310.991
5315.115 331.738
5316.294 279.210
5317.473 325.302
5318.652 298.823
5319.830 311.260
5321.009 295.121
5322.188 327.694
5323.367 318.930
5324.546 316.544
5325.724 347.279
5326.903 326.769
5328.082 342.738
5329.261 397.919
5330.440 461.187
5331.619 428.605
5332.797 325.547
5333.976 296.368
5335.155 296.097
5336.334 308.665
5337.513 320.898
5338.691 304.071
5339.870 312.300
5341.049 283.673
5342.228 328.502
5343.407 342.479
5344.586 326.443
5345.764 313.397
5346.943 320.962
5348.122 295.486
5349.301 292.216
5350.480 289.978
5351.658 290.724
5352.837 305.754
5354.016 314.529
5355.195 293.475
5356.374 293.542
5357.553 302.727
5358.731 299.277
5359.910 314.361
5361.089 280.317
5362.268 275.347
5363.447 316.004
5364.625 280.709
5365.804 279.510
5366.983 302.048
5368.162 286.887
5369.341 301.507
5370.520 285.325
5371.698 265.513
5372.877 276.538
5374.056 294.074
5375.235 303.877
5376.414 308.297
5377.592 292.022
5378.771 286.696
5379.950 294.094
5381.129 292.301
5382.308 286.175
5383.487 285.608
5384.665 297.595
5385.844 279.749
5387.023 293.894
5388.202 271.469
5389.381 286.005
5390.559 283.878
5391.738 300.778
5392.917 267.667
5394.096 267.282
5395.275 315.324
5396.454 286.992
5397.632 269.428
5398.811 285.990
5399.990 269.655
5401.169 275.388
5402.348 288.465
5403.526 282.685
5404.705 280.381
5405.884 253.442
5407.063 261.286
5408.242 285.365
5409.421 259.689
5410.599 278.391
5411.778 285.193
5412.957 274.748
5414.136 289.766
5415.315 307.437
5416.493 289.140
5417.672 259.965
5418.851 280.230
5420.030 294.842
5421.209 270.073
5422.388 285.130
5423.566 294.829
5424.745 274.593
5425.924 280.222
5427.103 295.395
5428.282 288.049
5429.460 268.794
5430.639 274.724
5431.818 278.709
5432.997 289.902
5434.176 278.963
5435.355 302.835
5436.533 316.711
5437.712 298.750
5438.891 288.612
5440.070 282.331
5441.249 278.761
5442.427 276.167
5443.606 261.806
5444.785 261.151
5445.964 264.533
5447.143 255.451
5448.322 268.289
5449.500 291.253
5450.679 284.124
5451.858 279.143
5453.037 289.746
5454.216 271.342
5455.394 274.326
5456.573 296.712
5457.752 250.644
5458.931 253.843
5460.110 299.238
5461.288 286.878
5462.467 286.824
5463.646 274.330
5464.825 268.154
5466.004 257.330
5467.183 258.064
5468.361 267.406
5469.540 270.426
5470.719 269.316
5471.898 266.287
5473.077 271.797
5474.255 256.791
5475.434 238.698
5476.613 247.118
5477.792 254.647
5478.971 297.258
5480.150 275.037
5481.328 260.069
5482.507 270.313
5483.686 288.061
5484.865 258.449
5486.044 263.990
5487.222 277.678
5488.401 267.334
5489.580 267.961
5490.759 271.612
5491.938 275.549
5493.117 275.253
5494.295 272.283
5495.474 277.658
5496.653 270.212
5497.832 287.173
5499.011 273.667
5500.189 262.060
5501.368 277.736
5502.547 278.216
5503.726 275.964
5504.905 251.991
5506.084 271.166
5507.262 260.646
5508.441 283.461
5509.620 269.540
5510.799 264.199
5511.978 297.533
5513.156 274.540
5514.335 264.664
5515.514 284.604
5516.693 271.775
5517.872 273.293
5519.051 276.679
5520.229 356.436
5521.408 366.644
5522.587 316.685
5523.766 263.049
5524.945 264.320
5526.123 252.898
5527.302 283.623
5528.481 282.913
5529.660 263.382
5530.839 254.023
5532.018 260.857
5533.196 257.359
5534.375 272.775
5535.554 285.709
5536.733 249.048
5537.912 244.799
5539.090 270.210
5540.269 330.074
5541.448 348.527
5542.627 339.013
5543.806 295.431
5544.985 310.342
5546.163 308.620
5547.342 281.173
5548.521 280.864
5549.700 253.786
5550.879 263.026
5552.057 276.625
5553.236 260.904
5554.415 268.958
5555.594 276.590
5556.773 256.575
5557.952 246.131
5559.130 251.091
5560.309 276.365
5561.488 298.372
5562.667 286.744
5563.846 307.482
5565.024 323.093
5566.203 271.312
5567.382 270.081
5568.561 284.953
5569.740 265.577
5570.919 293.230
5572.097 244.729
5573.276 378.092
5574.455 -56.981
5575.634 2886.302
5576.813 9173.574
5577.991 10978.007
5579.170 6047.150
5580.349 485.878
5581.528 377.752
5582.707 265.839
5583.886 277.281
5585.064 280.232
5586.243 247.479
5587.422 255.823
5588.601 307.650
5589.780 288.877
5590.958 256.659
5592.137 255.054
5593.316 248.301
5594.495 248.916
5595.674 248.862
5596.853 264.179
5598.031 281.709
5599.210 264.983
5600.389 265.519
5601.568 257.846
5602.747 251.740
5603.925 286.513
5605.104 290.061
5606.283 302.327
5607.462 274.455
5608.641 245.296
5609.820 253.755
5610.998 261.486
5612.177 257.668
5613.356 253.697
5614.535 264.509
5615.714 253.548
5616.892 260.731
5618.071 288.446
5619.250 263.694
5620.429 245.544
5621.608 262.195
5622.786 273.552
5623.965 283.566
5625.144 273.434
5626.323 254.122
5627.502 243.847
5628.681 260.792
5629.859 265.423
5631.038 247.056
5632.217 257.423
5633.396 262.869
5634.575 253.242
5635.753 241.102
5636.932 251.534
5638.111 270.115
5639.290 276.841
5640.469 277.268
5641.648 246.951
5642.826 251.274
5644.005 256.438
5645.184 276.368
5646.363 268.390
5647.542 243.757
5648.720 261.322
5649.899 273.600
5651.078 267.849
5652.257 251.884
5653.436 248.693
5654.615 247.711
5655.793 248.966
5656.972 255.629
5658.151 238.245
5659.330 233.016
5660.509 248.206
5661.687 225.772
5662.866 244.001
5664.045 261.102
5665.224 252.057
5666.403 259.953
5667.582 262.004
5668.760 272.787
5669.939 230.735
5671.118 266.380
5672.297 262.968
5673.476 240.893
5674.654 230.649
5675.833 247.027
5677.012 266.175
5678.191 252.630
5679.370 262.934
5680.549 284.306
5681.727 277.682
5682.906 264.027
5684.085 271.986
5685.264 285.509
5686.443 264.781
5687.621 266.057
5688.800 267.617
5689.979 286.940
5691.158 250.383
5692.337 263.769
5693.516 264.335
5694.694 249.323
5695.873 269.495
5697.052 264.514
5698.231 276.443
5699.410 292.417
5700.588 248.101
5701.767 260.905
5702.946 260.967
5704.125 278.156
5705.304 263.138
5706.483 242.644
5707.661 249.821
5708.840 244.563
5710.019 235.816
5711.198 245.914
5712.377 260.045
5713.555 274.258
5714.734 255.955
5715.913 244.647
5717.092 257.817
5718.271 253.446
5719.450 267.101
5720.628 273.950
5721.807 244.146
5722.986 247.414
5724.165 256.174
5725.344 260.498
5726.522 278.787
5727.701 292.242
5728.880 277.436
5730.059 248.196
5731.238 247.924
5732.417 257.092
5733.595 251.089
5734.774 244.370
5735.953 264.875
5737.132 267.732
5738.311 238.669
5739.489 244.659
5740.668 248.336
5741.847 248.375
5743.026 258.284
5744.205 249.189
5745.384 244.601
5746.562 249.877
5747.741 252.199
5748.920 262.776
5750.099 240.751
5751.278 249.047
5752.456 252.237
5753.635 237.332
5754.814 258.840
5755.993 275.630
5757.172 252.057
5758.351 248.874
5759.529 274.200
5760.708 259.743
5761.887 239.444
5763.066 249.949
5764.245 255.099
5765.423 252.429
5766.602 239.251
5767.781 247.730
5768.960 239.825
5770.139 257.504
5771.318 265.254
5772.496 245.347
5773.675 247.029
5774.854 260.958
5776.033 249.981
5777.212 232.797
5778.390 242.195
5779.569 249.266
5780.748 230.835
5781.927 234.597
5783.106 244.367
5784.284 260.885
5785.463 240.369
5786.642 246.241
5787.821 227.167
5789.000 238.140
5790.179 225.648
5791.357 234.053
5792.536 270.284
5793.715 257.025
5794.894 245.538
5796.073 254.106
5797.251 243.668
5798.430 245.742
5799.609 238.669
5800.788 231.085
5801.967 245.024
5803.146 228.186
5804.324 255.292
5805.503 241.493
5806.682 256.591
5807.861 271.756
5809.040 250.287
5810.218 246.463
5811.397 255.603
5812.576 234.403
5813.755 231.306
5814.934 254.998
5816.113 246.813
5817.291 248.375
5818.470 243.608
5819.649 245.346
5820.828 240.235
5822.007 262.298
5823.185 241.337
5824.364 264.519
5825.543 257.602
5826.722 244.842
5827.901 252.917
5829.080 250.735
5830.258 249.639
5831.437 246.453
5832.616 224.315
5833.795 221.899
5834.974 248.159
5836.152 258.007
5837.331 254.412
5838.510 256.184
5839.689 253.378
5840.868 243.663
5842.047 262.287
5843.225 262.723
5844.404 265.334
5845.583 254.959
5846.762 226.450
5847.941 228.238
5849.119 247.427
5850.298 250.424
5851.477 256.435
5852.656 265.066
5853.835 256.661
5855.014 243.673
5856.192 239.031
5857.371 264.292
5858.550 253.099
5859.729 244.457
5860.908 227.422
5862.086 263.680
5863.265 239.434
5864.444 271.491
5865.623 331.810
5866.802 368.588
5867.981 376.188
5869.159 341.864
5870.338 291.987
5871.517 255.675
5872.696 264.295
5873.875 280.277
5875.053 247.547
5876.232 296.759
5877.411 961.786
5878.590 2272.401
5879.769 2608.981
5880.948 1385.329
5882.126 491.458
5883.305 269.233
5884.484 246.833
5885.663 272.734
5886.842 291.899
5888.020 626.401
5889.199 1218.114
5890.378 1404.083
5891.557 1008.771
5892.736 409.646
5893.915 411.321
5895.093 776.408
5896.272 933.323
5897.451 682.221
5898.630 363.060
5899.809 252.513
5900.987 240.107
5902.166 255.331
5903.345 272.586
5904.524 264.493
5905.703 278.188
5906.882 293.076
5908.060 257.013
5909.239 239.452
5910.418 246.420
5911.597 224.027
5912.776 259.620
5913.954 298.926
5915.133 358.308
5916.312 360.401
5917.491 270.194
5918.670 263.459
5919.849 263.348
5921.027 224.068
5922.206 244.128
5923.385 283.294
5924.564 292.822
5925.743 278.317
5926.921 251.007
5928.100 259.543
5929.279 247.645
5930.458 246.074
5931.637 331.932
5932.815 397.964
5933.994 378.422
5935.173 293.519
5936.352 244.462
5937.531 223.065
5938.710 239.547
5939.888 247.505
5941.067 238.971
5942.246 240.726
5943.425 227.779
5944.604 256.566
5945.782 267.803
5946.961 278.427
5948.140 247.508
5949.319 215.992
5950.498 228.371
5951.677 265.116
5952.855 323.882
5954.034 370.834
5955.213 338.655
5956.392 264.703
5957.571 241.761
5958.749 257.151
5959.928 259.904
5961.107 256.604
5962.286 231.032
5963.465 242.718
5964.644 239.824
5965.822 230.959
5967.001 225.207
5968.180 224.872
5969.359 251.547
5970.538 275.501
5971.716 273.561
5972.895 273.575
5974.074 273.588
