5329.969 1402.025
5331.022 1314.639
5332.075 991.196
5333.128 696.618
5334.181 668.991
5335.234 716.958
5336.287 718.007
5337.340 796.529
5338.393 822.393
5339.446 753.585
5340.499 711.216
5341.552 790.697
5342.605 752.358
5343.658 858.739
5344.711 775.988
5345.764 752.560
5346.817 898.743
5347.870 666.798
5348.923 820.362
5349.976 744.790
5351.029 815.865
5352.082 881.049
5353.135 656.382
5354.188 790.282
5355.241 768.347
5356.294 808.368
5357.347 935.474
5358.400 798.992
5359.453 767.762
5360.506 862.754
5361.559 781.489
5362.612 684.277
5363.665 705.631
5364.718 885.910
5365.771 717.976
5366.824 777.798
5367.877 757.042
5368.930 775.318
5369.983 665.270
5371.036 658.997
5372.089 646.643
5373.142 749.781
5374.195 859.446
5375.248 724.541
5376.301 813.021
5377.354 784.709
5378.407 830.918
5379.460 896.992
5380.513 755.265
5381.566 790.912
5382.619 626.243
5383.672 725.495
5384.725 539.882
5385.778 840.245
5386.831 798.253
5387.884 705.852
5388.937 805.114
5389.990 734.926
5391.043 761.731
5392.097 743.414
5393.150 808.797
5394.203 770.624
5395.256 729.322
5396.309 681.809
5397.362 753.648
5398.415 772.212
5399.468 703.861
5400.521 782.747
5401.574 693.321
5402.627 693.193
5403.680 696.524
5404.733 657.144
5405.786 672.603
5406.839 672.737
5407.892 645.471
5408.945 648.514
5409.998 513.036
5411.051 757.056
5412.104 764.734
5413.157 647.074
5414.210 762.728
5415.263 670.282
5416.316 715.833
5417.369 703.350
5418.422 790.412
5419.475 669.402
5420.528 656.565
5421.581 638.199
5422.634 681.210
5423.687 698.420
5424.740 592.723
5425.793 640.139
5426.846 767.386
5427.899 716.500
5428.952 727.732
5430.005 664.429
5431.058 759.163
5432.111 751.208
5433.164 713.278
5434.217 823.261
5435.270 851.238
5436.323 892.597
5437.376 754.570
5438.429 811.484
5439.482 781.860
5440.535 821.338
5441.588 700.911
5442.641 736.172
5443.694 816.542
5444.747 663.900
5445.800 702.119
5446.853 672.587
5447.906 723.611
5448.959 701.546
5450.012 772.604
5451.065 729.996
5452.118 758.198
5453.171 782.088
5454.224 610.938
5455.277 597.700
5456.330 616.247
5457.383 750.360
5458.436 780.791
5459.489 732.544
5460.542 635.056
5461.595 686.245
5462.648 699.495
5463.701 812.685
5464.754 763.730
5465.807 749.206
5466.860 748.378
5467.913 728.779
5468.966 753.507
5470.019 854.843
5471.072 740.429
5472.125 598.502
5473.178 754.208
5474.231 715.201
5475.285 677.905
5476.338 678.136
5477.391 692.157
5478.444 547.663
5479.497 758.589
5480.550 673.719
5481.603 680.594
5482.656 731.825
5483.709 699.648
5484.762 744.810
5485.815 737.449
5486.868 638.315
5487.921 705.847
5488.974 573.201
5490.027 790.463
5491.080 757.279
5492.133 618.999
5493.186 693.010
5494.239 658.123
5495.292 645.338
5496.345 708.376
5497.398 764.293
5498.451 661.207
5499.504 759.437
5500.557 707.416
5501.610 750.551
5502.663 666.341
5503.716 584.333
5504.769 664.428
5505.822 725.260
5506.875 627.846
5507.928 747.499
5508.981 818.153
5510.034 643.788
5511.087 671.046
5512.140 761.472
5513.193 743.180
5514.246 740.394
5515.299 729.136
5516.352 645.512
5517.405 630.178
5518.458 669.175
5519.511 679.458
5520.564 771.331
5521.617 804.751
5522.670 641.921
5523.723 693.927
5524.776 692.160
5525.829 707.557
5526.882 705.923
5527.935 619.842
5528.988 560.363
5530.041 628.961
5531.094 726.017
5532.147 541.006
5533.200 759.935
5534.253 713.364
5535.306 672.166
5536.359 703.071
5537.412 651.762
5538.465 693.073
5539.518 736.532
5540.571 729.625
5541.624 928.083
5542.677 933.739
5543.730 774.754
5544.783 1004.811
5545.836 785.366
5546.889 673.921
5547.942 738.265
5548.995 731.633
5550.048 732.040
5551.101 752.744
5552.154 753.044
5553.207 663.470
5554.260 781.940
5555.313 712.866
5556.366 773.601
5557.419 684.963
5558.473 613.580
5559.526 677.525
5560.579 716.869
5561.632 688.758
5562.685 841.066
5563.738 947.598
5564.791 919.085
5565.844 754.606
5566.897 640.925
5567.950 724.508
5569.003 683.262
5570.056 772.904
5571.109 645.980
5572.162 728.658
5573.215 762.156
5574.268 1090.574
5575.321 3653.853
5576.374 26937.780
5577.427 50799.863
5578.480 38882.473
5579.533 7179.287
5580.586 490.627
5581.639 915.138
5582.692 790.429
5583.745 651.170
5584.798 640.171
5585.851 712.858
5586.904 670.897
5587.957 722.319
5589.010 926.505
5590.063 743.083
5591.116 734.326
5592.169 676.470
5593.222 688.517
5594.275 655.081
5595.328 724.500
5596.381 761.936
5597.434 701.247
5598.487 808.456
5599.540 756.188
5600.593 699.259
5601.646 693.753
5602.699 695.066
5603.752 746.878
5604.805 911.486
5605.858 973.068
5606.911 780.200
5607.964 585.746
5609.017 773.246
5610.070 679.220
5611.123 647.262
5612.176 669.695
5613.229 558.124
5614.282 603.963
5615.335 695.138
5616.388 794.732
5617.441 730.458
5618.494 701.302
5619.547 604.981
5620.600 702.785
5621.653 759.791
5622.706 714.737
5623.759 950.133
5624.812 806.351
5625.865 660.371
5626.918 851.299
5627.971 569.343
5629.024 686.318
5630.077 729.288
5631.130 720.703
5632.183 585.579
5633.236 640.170
5634.289 724.997
5635.342 631.580
5636.395 764.255
5637.448 767.668
5638.501 708.331
5639.554 695.193
5640.608 659.429
5641.661 669.640
5642.714 625.847
5643.767 671.730
5644.820 776.265
5645.873 750.173
5646.926 721.455
5647.979 725.876
5649.032 669.037
5650.085 574.749
5651.138 679.115
5652.191 678.361
5653.244 655.423
5654.297 640.552
5655.350 641.059
5656.403 545.119
5657.456 580.434
5658.509 709.031
5659.562 641.487
5660.615 676.272
5661.668 578.181
5662.721 654.894
5663.774 616.850
5664.827 816.353
5665.880 648.927
5666.933 683.610
5667.986 606.917
5669.039 785.773
5670.092 733.775
5671.145 772.167
5672.198 737.333
5673.251 695.925
5674.304 766.698
5675.357 641.351
5676.410 781.510
5677.463 641.088
5678.516 711.906
5679.569 824.992
5680.622 706.814
5681.675 710.326
5682.728 686.930
5683.781 642.918
5684.834 786.288
5685.887 643.771
5686.940 630.743
5687.993 722.213
5689.046 805.761
5690.099 720.476
5691.152 831.062
5692.205 718.608
5693.258 681.604
5694.311 724.743
5695.364 775.628
5696.417 761.892
5697.470 757.943
5698.523 775.459
5699.576 629.330
5700.629 741.521
5701.682 750.988
5702.735 805.885
5703.788 774.511
5704.841 677.980
5705.894 677.899
5706.947 611.002
5708.000 674.576
5709.053 682.659
5710.106 601.154
5711.159 677.333
5712.212 715.687
5713.265 616.631
5714.318 708.901
5715.371 762.518
5716.424 691.548
5717.477 751.473
5718.530 655.878
5719.583 673.060
5720.636 694.169
5721.689 837.096
5722.742 679.861
5723.796 759.863
5724.849 747.296
5725.902 631.711
5726.955 689.412
5728.008 673.563
5729.061 654.471
5730.114 653.954
5731.167 772.443
5732.220 695.225
5733.273 617.867
5734.326 674.260
5735.379 700.836
5736.432 621.142
5737.485 685.181
5738.538 586.585
5739.591 691.056
5740.644 720.113
5741.697 564.752
5742.750 677.464
5743.803 608.463
5744.856 718.270
5745.909 599.760
5746.962 574.869
5748.015 619.288
5749.068 725.618
5750.121 681.573
5751.174 627.927
5752.227 542.099
5753.280 603.979
5754.333 661.224
5755.386 623.985
5756.439 620.362
5757.492 757.333
5758.545 771.873
5759.598 681.592
5760.651 686.480
5761.704 603.800
5762.757 576.606
5763.810 716.898
5764.863 579.184
5765.916 632.656
5766.969 625.597
5768.022 591.279
5769.075 731.732
5770.128 672.762
5771.181 623.231
5772.234 701.775
5773.287 654.611
5774.340 732.042
5775.393 609.869
5776.446 614.339
5777.499 657.053
5778.552 655.894
5779.605 652.639
5780.658 604.060
5781.711 679.793
5782.764 693.335
5783.817 607.616
5784.870 628.864
5785.923 655.781
5786.976 599.251
5788.029 661.438
5789.082 644.650
5790.135 734.422
5791.188 585.647
5792.241 668.212
5793.294 713.720
5794.347 684.311
5795.400 684.420
5796.453 645.346
5797.506 639.638
5798.559 663.398
5799.612 663.029
5800.665 644.838
5801.718 702.936
5802.771 682.082
5803.824 655.876
5804.877 632.968
5805.931 652.242
5806.984 615.823
5808.037 704.670
5809.090 698.568
5810.143 765.500
5811.196 651.425
5812.249 623.655
5813.302 661.984
5814.355 591.610
5815.408 554.612
5816.461 625.262
5817.514 589.934
5818.567 614.567
5819.620 657.332
5820.673 642.264
5821.726 614.643
5822.779 669.006
5823.832 808.609
5824.885 680.033
5825.938 712.651
5826.991 670.152
5828.044 649.845
5829.097 684.150
5830.150 678.542
5831.203 695.130
5832.256 677.361
5833.309 610.203
5834.362 626.973
5835.415 707.308
5836.468 705.767
5837.521 600.349
5838.574 662.436
5839.627 742.667
5840.680 705.377
5841.733 651.415
5842.786 666.279
5843.839 636.359
5844.892 609.277
5845.945 684.125
5846.998 625.262
5848.051 687.163
5849.104 612.064
5850.157 676.346
5851.210 694.633
5852.263 691.659
5853.316 617.273
5854.369 559.352
5855.422 623.253
5856.475 656.396
5857.528 470.952
5858.581 559.665
5859.634 675.132
5860.687 540.449
5861.740 589.765
5862.793 635.880
5863.846 652.242
5864.899 978.944
5865.952 1145.679
5867.005 1243.075
5868.058 1218.318
5869.111 1003.730
5870.164 771.147
5871.217 761.837
5872.270 790.380
5873.323 760.568
5874.376 699.144
5875.429 737.418
5876.482 789.143
5877.535 1191.420
5878.588 2451.034
5879.641 2538.540
5880.694 1725.516
5881.747 743.194
5882.800 847.463
5883.853 647.035
5884.906 720.976
5885.959 779.418
5887.012 1115.671
5888.065 1911.091
5889.119 4632.861
5890.172 6578.430
5891.225 4315.126
5892.278 1225.308
5893.331 792.387
5894.384 1615.062
5895.437 3577.364
5896.490 4028.749
5897.543 2149.011
5898.596 630.685
5899.649 556.313
5900.702 662.586
5901.755 672.513
5902.808 699.598
5903.861 781.686
5904.914 731.739
5905.967 812.922
5907.020 836.181
5908.073 794.628
5909.126 595.440
5910.179 648.946
5911.232 677.600
5912.285 677.131
5913.338 736.218
5914.391 1081.325
5915.444 1328.935
5916.497 1171.266
5917.550 673.685
5918.603 681.489
5919.656 699.709
5920.709 673.155
5921.762 634.322
5922.815 724.420
5923.868 766.556
5924.921 907.405
5925.974 846.900
5927.027 740.348
5928.080 713.872
5929.133 698.744
5930.186 643.633
5931.239 745.785
5932.292 1256.963
5933.345 1445.351
5934.398 1053.775
5935.451 728.831
5936.504 620.728
5937.557 620.168
5938.610 712.682
5939.663 677.878
5940.716 669.847
5941.769 759.031
5942.822 579.397
5943.875 586.503
5944.928 814.505
5945.981 870.878
5947.034 853.594
5948.087 646.293
5949.140 636.324
5950.193 680.173
5951.246 775.558
5952.299 909.433
5953.352 1255.370
5954.405 1258.204
5955.458 712.023
5956.511 689.100
5957.564 690.831
5958.617 783.007
5959.670 656.543
5960.723 659.906
5961.776 617.104
5962.829 689.030
5963.882 696.582
5964.935 659.803
5965.988 683.932
5967.041 570.424
5968.094 638.785
5969.147 699.748
5970.200 773.476
5971.254 846.801
5972.307 674.493
5973.360 625.112
5974.413 682.574
5975.466 724.255
5976.519 877.209
5977.572 1038.443
5978.625 809.855
5979.678 613.363
5980.731 709.028
5981.784 625.573
5982.837 616.627
5983.890 668.675
5984.943 598.669
5985.996 527.545
5987.049 497.641
5988.102 636.616
5989.155 568.239
5990.208 653.709
5991.261 665.270
5992.314 634.449
5993.367 707.099
5994.420 569.418
5995.473 637.604
5996.526 620.232
5997.579 664.008
5998.632 701.353
5999.685 527.057
6000.738 543.586
6001.791 538.461
6002.844 699.258
6003.897 689.620
6004.950 719.714
6006.003 633.764
6007.056 515.359
6008.109 552.129
6009.162 563.838
6010.215 621.010
6011.268 589.844
6012.321 561.258
6013.374 544.536
6014.427 674.898
6015.480 587.116
6016.533 638.961
6017.586 530.315
6018.639 541.885
6019.692 607.143
6020.745 508.680
6021.798 553.612
6022.851 537.318
6023.904 552.007
6024.957 576.738
6026.010 533.990
6027.063 528.701
6028.116 617.722
6029.169 562.921
6030.222 548.681
6031.275 615.251
6032.328 565.338
6033.381 583.821
6034.434 617.135
6035.487 569.395
6036.540 519.369
6037.593 573.347
6038.646 468.741
6039.699 553.419
6040.752 530.027
6041.805 522.267
6042.858 531.750
6043.911 522.633
6044.964 472.573
6046.017 466.759
6047.070 532.977
6048.123 514.208
6049.176 452.778
6050.229 484.569
6051.282 431.276
6052.335 474.760
6053.388 508.178
6054.442 433.079
6055.495 501.547
6056.548 434.647
6057.601 447.866
6058.654 470.437
6059.707 520.113
6060.760 567.105
6061.813 590.117
6062.866 532.532
6063.919 514.447
6064.972 489.181
6066.025 479.599
6067.078 525.536
6068.131 543.932
6069.184 511.326
6070.237 444.352
6071.290 456.942
6072.343 524.584
6073.396 443.215
6074.449 484.445
6075.502 516.247
6076.555 490.850
6077.608 579.779
6078.661 459.359
6079.714 521.261
6080.767 473.495
6081.820 456.609
6082.873 468.091
6083.926 446.707
6084.979 469.041
6086.032 528.937
6087.085 542.562
6088.138 441.779
6089.191 514.696
6090.244 428.390
6091.297 486.042
6092.350 477.401
6093.403 461.647
6094.456 482.781
6095.509 553.169
6096.562 500.585
6097.615 525.243
6098.668 523.949
6099.721 500.326
6100.774 502.513
6101.827 529.595
6102.880 464.273
6103.933 474.857
6104.986 429.116
6106.039 514.030
6107.092 502.064
6108.145 518.073
6109.198 597.759
6110.251 509.898
6111.304 523.726
6112.357 480.784
6113.410 500.316
6114.463 490.493
6115.516 447.713
6116.569 421.138
6117.622 463.889
6118.675 478.803
6119.728 494.676
6120.781 482.784
6121.834 414.096
6122.887 437.134
6123.940 536.981
6124.993 507.745
6126.046 440.585
6127.099 456.829
6128.152 487.442
6129.205 472.386
6130.258 504.664
6131.311 479.652
6132.364 478.123
6133.417 496.222
6134.470 506.073
6135.523 534.105
6136.577 595.843
6137.630 515.949
6138.683 586.384
6139.736 642.075
6140.789 611.939
6141.842 501.232
6142.895 522.044
6143.948 655.072
6145.001 657.082
6146.054 476.461
6147.107 423.510
6148.160 494.139
6149.213 466.666
6150.266 543.425
6151.319 551.381
6152.372 427.381
6153.425 485.008
6154.478 501.356
6155.531 719.349
6156.584 1054.372
6157.637 1189.741
6158.690 1043.402
6159.743 681.320
6160.796 447.796
6161.849 467.563
6162.902 415.573
6163.955 410.029
6165.008 432.782
6166.061 487.730
6167.114 466.386
6168.167 465.012
6169.220 531.906
6170.273 711.905
6171.326 787.390
6172.379 576.446
6173.432 458.301
6174.485 445.832
6175.538 566.380
6176.591 563.533
6177.644 489.529
6178.697 489.143
6179.750 422.544
6180.803 420.279
6181.856 496.402
6182.909 533.917
6183.962 484.212
6185.015 429.191
6186.068 406.602
6187.121 422.039
6188.174 437.029
6189.227 508.842
6190.280 492.318
6191.333 369.559
6192.386 536.776
6193.439 552.110
6194.492 459.096
6195.545 485.999
6196.598 418.623
6197.651 438.121
6198.704 537.581
6199.757 465.669
6200.810 418.899
6201.863 692.287
6202.916 759.946
6203.969 657.362
6205.022 496.859
6206.075 353.449
6207.128 475.372
6208.181 408.970
6209.234 443.691
6210.287 471.129
6211.340 460.274
6212.393 522.784
6213.446 518.660
6214.499 479.347
6215.552 454.653
6216.605 407.134
6217.658 451.206
6218.711 469.324
6219.765 426.995
6220.818 659.192
6221.871 787.876
6222.924 716.260
6223.977 491.047
6225.030 472.408
6226.083 438.370
6227.136 419.482
6228.189 457.856
6229.242 434.014
6230.295 449.480
6231.348 382.948
6232.401 429.882
6233.454 750.409
6234.507 1081.868
6235.560 1458.340
6236.613 1486.536
6237.666 1005.207
6238.719 629.794
6239.772 616.842
6240.825 716.949
6241.878 641.430
6242.931 699.991
6243.984 716.976
6245.037 611.626
6246.090 472.065
6247.143 418.780
6248.196 500.707
6249.249 473.129
6250.302 519.323
6251.355 482.501
6252.408 453.393
6253.461 411.879
6254.514 432.575
6255.567 470.171
6256.620 898.993
6257.673 1503.545
6258.726 1574.734
6259.779 876.587
6260.832 459.634
6261.885 490.274
6262.938 486.058
6263.991 686.258
6265.044 847.222
6266.097 768.237
6267.150 632.094
6268.203 519.886
6269.256 523.405
6270.309 445.276
6271.362 466.015
6272.415 539.314
6273.468 508.127
6274.521 515.171
6275.574 539.645
6276.627 556.103
6277.680 548.685
6278.733 528.943
6279.786 473.323
6280.839 419.816
6281.892 366.659
6282.945 434.952
6283.998 505.570
6285.051 439.240
6286.104 799.488
6287.157 1305.180
6288.210 1323.036
6289.263 849.143
6290.316 509.934
6291.369 508.665
6292.422 490.905
6293.475 459.829
6294.528 474.304
6295.581 461.161
6296.634 1031.117
6297.687 254.449
6298.740 11885.781
6299.793 41602.163
6300.846 52664.400
6301.899 26450.751
6302.953 345.217
6304.006 1251.021
6305.059 673.335
6306.112 1256.011
6307.165 1666.778
6308.218 1294.658
6309.271 569.333
6310.324 484.135
6311.377 491.931
6312.430 480.369
6313.483 494.361
6314.536 583.699
6315.589 722.981
6316.642 615.558
6317.695 469.484
6318.748 411.906
6319.801 468.833
6320.854 741.269
6321.907 836.445
6322.960 661.645
6324.013 406.575
6325.066 476.772
6326.119 423.105
6327.172 419.886
6328.225 585.395
6329.278 1109.230
6330.331 1244.637
6331.384 909.935
6332.437 418.713
6333.490 443.085
6334.543 385.769
6335.596 436.958
6336.649 423.869
6337.702 423.058
6338.755 470.291
6339.808 441.102
6340.861 452.972
6341.914 449.070
6342.967 447.231
6344.020 458.718
6345.073 456.939
6346.126 444.362
6347.179 484.952
6348.232 654.108
6349.285 650.454
6350.338 445.924
6351.391 391.418
6352.444 421.572
6353.497 469.154
6354.550 494.191
6355.603 834.034
6356.656 974.866
6357.709 770.559
6358.762 526.447
6359.815 428.192
6360.868 702.520
6361.921 1491.004
6362.974 12254.141
6364.027 17522.258
6365.080 11434.655
6366.133 2066.887
6367.186 326.826
6368.239 609.236
6369.292 458.062
6370.345 439.253
6371.398 408.745
6372.451 382.072
6373.504 401.756
6374.557 474.513
6375.610 474.341
6376.663 435.650
6377.716 413.053
6378.769 484.540
6379.822 536.657
6380.875 442.215
6381.928 392.838
6382.981 405.916
6384.034 375.543
6385.088 464.005
6386.141 627.356
6387.194 717.038
6388.247 505.798
6389.300 298.590
6390.353 404.499
6391.406 416.276
6392.459 389.667
6393.512 394.110
6394.565 420.006
6395.618 415.183
6396.671 408.087
6397.724 381.549
6398.777 408.638
6399.830 396.884
6400.883 399.297
6401.936 367.903
6402.989 364.289
6404.042 404.032
6405.095 410.835
6406.148 388.590
6407.201 364.489
6408.254 354.314
6409.307 350.543
6410.360 359.358
6411.413 450.255
6412.466 361.046
6413.519 457.241
6414.572 451.324
6415.625 412.380
6416.678 337.641
6417.731 331.195
6418.784 423.119
6419.837 509.578
6420.890 497.340
6421.943 531.940
6422.996 371.298
6424.049 347.398
6425.102 381.605
6426.155 329.156
6427.208 375.347
6428.261 415.094
6429.314 418.748
6430.367 356.761
6431.420 343.551
6432.473 357.568
6433.526 347.783
6434.579 410.496
6435.632 367.261
6436.685 376.287
6437.738 362.127
6438.791 369.776
6439.844 287.794
6440.897 344.293
6441.950 314.227
6443.003 357.189
6444.056 418.029
6445.109 368.151
6446.162 366.545
6447.215 363.844
6448.268 395.290
6449.321 361.973
6450.374 309.409
6451.427 336.091
6452.480 422.892
6453.533 491.981
6454.586 579.280
6455.639 586.106
6456.692 485.526
6457.745 520.275
6458.798 449.276
6459.851 383.626
6460.904 356.418
6461.957 408.449
6463.010 544.306
6464.063 648.435
6465.116 821.629
6466.169 859.045
6467.222 737.774
6468.276 462.865
6469.329 505.567
6470.382 878.451
6471.435 813.517
6472.488 664.155
6473.541 301.208
6474.594 340.116
6475.647 333.331
6476.700 374.938
6477.753 411.677
6478.806 510.282
6479.859 351.961
6480.912 337.163
6481.965 328.405
6483.018 351.829
6484.071 274.281
6485.124 313.778
6486.177 332.359
6487.230 338.039
6488.283 353.470
6489.336 315.523
6490.389 306.171
6491.442 321.688
6492.495 318.465
6493.548 320.207
6494.601 321.480
6495.654 389.577
6496.707 461.771
6497.760 1009.561
6498.813 1594.843
6499.866 1257.035
6500.919 521.318
6501.972 337.054
6503.025 436.836
6504.078 510.037
6505.131 764.563
6506.184 612.033
6507.237 338.673
6508.290 315.655
6509.343 384.441
6510.396 363.545
6511.449 320.522
6512.502 372.685
6513.555 418.758
6514.608 386.240
6515.661 414.500
6516.714 313.186
6517.767 344.151
6518.820 326.300
6519.873 298.887
6520.926 382.329
6521.979 584.574
6523.032 641.658
6524.085 467.869
6525.138 379.676
6526.191 382.188
6527.244 322.948
6528.297 366.911
6529.350 372.470
6530.403 349.558
6531.456 487.648
6532.509 1096.993
6533.562 1302.871
6534.615 776.029
6535.668 398.350
6536.721 379.616
6537.774 331.433
6538.827 314.829
6539.880 379.982
6540.933 399.035
6541.986 401.078
6543.039 566.291
6544.092 665.250
6545.145 584.864
6546.198 436.537
6547.251 313.490
6548.304 321.972
6549.357 353.239
6550.411 459.473
6551.464 611.191
6552.517 974.009
6553.570 1473.507
6554.623 1306.684
6555.676 565.740
6556.729 306.524
6557.782 355.440
6558.835 364.576
6559.888 297.588
6560.941 329.098
6561.994 668.575
6563.047 819.448
6564.100 1919.160
6565.153 12535.268
6566.206 35480.725
6567.259 36945.030
6568.312 14719.002
6569.365 1704.789
6570.418 504.316
6571.471 493.392
6572.524 366.956
6573.577 370.846
6574.630 361.360
6575.683 491.792
6576.736 961.006
6577.789 1164.559
6578.842 731.827
6579.895 429.723
6580.948 389.273
6582.001 328.544
6583.054 408.059
6584.107 447.438
6585.160 541.066
6586.213 753.937
6587.266 816.390
6588.319 611.506
6589.372 403.696
6590.425 366.962
6591.478 360.073
6592.531 342.619
6593.584 350.061
6594.637 341.544
6595.690 418.350
6596.743 546.000
6597.796 450.274
6598.849 324.547
6599.902 381.044
6600.955 361.492
6602.008 340.177
6603.061 545.768
6604.114 729.714
6605.167 653.498
6606.220 358.475
6607.273 351.014
6608.326 331.782
6609.379 302.901
6610.432 337.764
6611.485 311.341
6612.538 330.805
6613.591 334.175
6614.644 270.970
6615.697 303.341
6616.750 333.897
6617.803 351.489
6618.856 342.014
6619.909 289.164
6620.962 330.161
6622.015 337.234
6623.068 292.825
6624.121 259.758
6625.174 241.077
6626.227 298.862
6627.280 383.374
6628.333 374.584
6629.386 370.768
6630.439 357.697
6631.492 335.596
6632.545 346.003
6633.599 423.585
6634.652 445.719
6635.705 431.183
6636.758 299.977
6637.811 305.174
6638.864 337.896
6639.917 345.159
6640.970 315.340
6642.023 286.384
6643.076 281.502
6644.129 296.682
6645.182 311.327
6646.235 343.635
6647.288 333.392
6648.341 312.148
6649.394 313.286
6650.447 318.771
6651.500 317.498
6652.553 266.522
6653.606 273.545
6654.659 317.092
6655.712 329.541
6656.765 301.216
6657.818 287.062
6658.871 279.213
6659.924 303.692
6660.977 284.744
6662.030 296.215
6663.083 293.809
6664.136 286.156
6665.189 267.693
6666.242 241.235
6667.295 423.468
6668.348 324.083
6669.401 278.886
6670.454 276.684
6671.507 310.585
6672.560 321.245
6673.613 338.236
6674.666 290.277
6675.719 280.855
6676.772 276.964
6677.825 335.280
6678.878 342.659
6679.931 345.261
6680.984 525.056
6682.037 690.716
6683.090 591.605
6684.143 380.674
6685.196 275.450
6686.249 340.538
6687.302 313.147
6688.355 277.803
6689.408 278.549
6690.461 287.523
6691.514 333.670
6692.567 352.222
6693.620 345.916
6694.673 264.848
6695.726 291.064
6696.779 284.365
6697.832 274.336
6698.885 343.138
6699.938 388.744
6700.991 330.755
6702.044 308.855
6703.097 301.696
6704.150 333.489
6705.203 339.134
6706.256 297.119
6707.309 242.921
6708.362 312.085
6709.415 319.018
6710.468 286.916
6711.521 294.106
6712.574 299.425
6713.627 308.251
6714.680 278.216
6715.734 336.290
6716.787 307.262
6717.840 533.037
6718.893 1085.070
6719.946 1607.900
6720.999 1333.099
6722.052 713.036
6723.105 290.029
6724.158 248.840
6725.211 267.865
6726.264 279.611
6727.317 228.575
6728.370 297.734
6729.423 281.990
6730.476 371.626
6731.529 340.767
6732.582 568.843
6733.635 986.664
6734.688 1156.944
6735.741 879.098
6736.794 435.674
6737.847 291.082
6738.900 318.192
6739.953 364.432
6741.006 360.989
6742.059 284.063
6743.112 308.686
6744.165 319.917
6745.218 327.432
6746.271 339.451
6747.324 323.645
6748.377 276.137
6749.430 246.064
6750.483 250.961
6751.536 265.983
6752.589 273.806
6753.642 239.077
6754.695 258.608
6755.748 302.306
6756.801 321.154
6757.854 244.077
6758.907 250.357
6759.960 324.649
6761.013 315.278
6762.066 260.651
6763.119 293.721
6764.172 312.481
6765.225 273.181
6766.278 303.098
6767.331 251.136
6768.384 255.145
6769.437 271.316
6770.490 239.578
6771.543 294.992
6772.596 235.026
6773.649 277.419
6774.702 282.690
6775.755 232.353
6776.808 319.158
6777.861 272.897
6778.914 274.115
6779.967 291.943
6781.020 274.525
6782.073 263.758
6783.126 269.051
6784.179 327.777
6785.232 263.348
6786.285 286.858
6787.338 294.742
6788.391 349.330
6789.444 326.530
6790.497 275.675
6791.550 313.498
6792.603 296.266
6793.656 301.164
6794.709 323.074
6795.762 285.713
6796.815 245.629
6797.868 277.833
6798.922 259.501
6799.975 282.118
6801.028 272.030
6802.081 290.496
6803.134 289.013
6804.187 319.703
6805.240 288.191
6806.293 273.179
6807.346 300.768
6808.399 258.320
6809.452 294.191
6810.505 248.536
6811.558 283.179
6812.611 277.775
6813.664 291.365
6814.717 281.996
6815.770 291.688
6816.823 295.013
6817.876 304.304
6818.929 322.788
6819.982 307.883
6821.035 257.199
6822.088 252.378
6823.141 293.509
6824.194 299.295
6825.247 290.111
6826.300 422.324
6827.353 815.374
6828.406 1292.094
6829.459 1594.779
6830.512 1248.020
6831.565 590.253
6832.618 572.525
6833.671 1400.318
6834.724 1649.456
6835.777 955.931
6836.830 388.841
6837.883 304.044
6838.936 315.766
6839.989 356.736
6841.042 526.565
6842.095 648.634
6843.148 516.019
6844.201 319.926
6845.254 276.453
6846.307 278.139
6847.360 266.980
6848.413 230.757
6849.466 305.266
6850.519 312.901
6851.572 270.201
6852.625 253.724
6853.678 240.102
6854.731 247.010
6855.784 307.499
6856.837 331.572
6857.890 276.116
6858.943 264.424
6859.996 303.784
6861.049 334.897
6862.102 623.608
6863.155 2145.150
6864.208 2849.271
6865.261 1735.193
6866.314 515.817
6867.367 200.611
6868.420 207.758
6869.473 234.325
6870.526 399.169
6871.579 427.423
6872.632 279.770
6873.685 149.674
6874.738 142.470
6875.791 189.192
6876.844 241.927
6877.897 240.948
6878.950 236.186
6880.003 365.456
6881.056 528.613
6882.110 524.052
6883.163 331.224
6884.216 264.126
6885.269 256.154
6886.322 224.716
6887.375 266.835
6888.428 542.714
6889.481 770.478
6890.534 554.290
6891.587 271.453
6892.640 216.541
6893.693 266.702
6894.746 307.491
6895.799 243.967
6896.852 228.509
6897.905 246.424
6898.958 285.873
6900.011 542.548
6901.064 706.727
6902.117 538.553
6903.170 320.961
6904.223 209.231
6905.276 267.740
6906.329 272.696
6907.382 260.424
6908.435 261.884
6909.488 263.145
6910.541 281.138
6911.594 674.695
6912.647 1031.739
6913.700 818.934
6914.753 407.457
6915.806 231.314
6916.859 215.017
6917.912 248.559
6918.965 301.018
6920.018 271.359
6921.071 311.500
6922.124 910.329
6923.177 1604.510
6924.230 1385.062
6925.283 490.735
6926.336 262.400
6927.389 310.879
6928.442 302.913
6929.495 279.614
6930.548 297.579
6931.601 279.752
6932.654 274.889
6933.707 261.515
6934.760 239.703
6935.813 270.359
6936.866 241.823
6937.919 382.027
6938.972 813.827
6940.025 930.935
6941.078 617.476
6942.131 279.558
6943.184 248.126
6944.237 292.640
6945.290 300.619
6946.343 264.457
6947.396 515.610
6948.449 1564.173
6949.502 1879.988
6950.555 1046.640
6951.608 358.668
6952.661 276.335
6953.714 283.690
6954.767 274.045
6955.820 275.880
6956.873 310.054
6957.926 353.918
6958.979 312.586
6960.032 255.288
6961.085 286.246
6962.138 267.263
6963.191 243.092
6964.245 268.679
6965.298 322.896
6966.351 327.495
6967.404 313.046
6968.457 376.695
6969.510 577.610
6970.563 728.013
6971.616 429.939
6972.669 254.299
6973.722 280.869
6974.775 285.963
6975.828 251.173
6976.881 509.082
6977.934 1044.455
6978.987 1205.994
6980.040 723.055
6981.093 250.254
6982.146 253.199
6983.199 246.585
6984.252 293.953
6985.305 325.439
6986.358 314.409
6987.411 294.655
6988.464 237.338
6989.517 246.784
6990.570 265.844
6991.623 297.898
6992.676 274.805
6993.729 278.472
6994.782 315.678
6995.835 302.124
6996.888 269.856
6997.941 245.746
6998.994 264.674
7000.047 338.852
7001.100 446.127
7002.153 580.270
7003.206 618.615
7004.259 528.631
7005.312 414.863
7006.365 233.649
7007.418 207.688
7008.471 263.485
7009.524 278.075
7010.577 546.457
7011.630 649.161
7012.683 538.623
7013.736 261.721
7014.789 223.216
7015.842 268.308
7016.895 240.081
7017.948 251.816
7019.001 261.819
7020.054 221.902
7021.107 224.344
7022.160 292.244
7023.213 250.000
7024.266 266.302
7025.319 239.085
7026.372 309.066
7027.425 269.276
7028.478 251.968
7029.531 301.178
7030.584 254.743
7031.637 236.780
7032.690 248.266
7033.743 270.989
7034.796 258.437
7035.849 255.523
7036.902 238.388
7037.955 232.301
7039.008 283.558
7040.061 298.682
7041.114 342.473
7042.167 386.365
7043.220 297.784
7044.273 251.858
7045.326 328.011
7046.379 379.171
7047.433 444.748
7048.486 566.281
7049.539 491.762
7050.592 384.795
7051.645 333.730
7052.698 327.613
7053.751 352.373
7054.804 348.038
7055.857 310.241
7056.910 287.296
7057.963 255.171
7059.016 237.331
7060.069 252.107
7061.122 312.082
7062.175 310.350
7063.228 291.225
7064.281 348.437
7065.334 285.994
7066.387 360.092
7067.440 349.336
7068.493 498.341
7069.546 591.133
7070.599 415.698
7071.652 290.888
7072.705 337.907
7073.758 307.629
7074.811 293.106
7075.864 308.608
7076.917 332.042
7077.970 345.717
7079.023 298.004
7080.076 260.407
7081.129 272.121
7082.182 342.988
7083.235 350.855
7084.288 279.370
7085.341 246.466
7086.394 296.174
7087.447 356.500
7088.500 415.690
7089.553 372.248
7090.606 317.562
7091.659 270.179
7092.712 295.130
7093.765 278.155
7094.818 245.672
7095.871 255.441
7096.924 266.298
7097.977 262.998
7099.030 246.921
7100.083 290.325
7101.136 304.897
7102.189 266.909
7103.242 266.289
7104.295 287.292
7105.348 224.554
7106.401 284.511
7107.454 247.485
7108.507 273.434
7109.560 253.022
7110.613 222.154
7111.666 229.193
7112.719 250.832
7113.772 229.001
7114.825 225.393
7115.878 248.007
7116.931 228.137
7117.984 286.545
7119.037 243.428
7120.090 265.275
7121.143 253.407
7122.196 261.260
7123.249 282.561
7124.302 234.715
7125.355 239.992
7126.408 316.448
7127.461 344.161
7128.514 293.599
7129.568 268.598
7130.621 270.597
7131.674 265.235
7132.727 325.591
7133.780 313.151
7134.833 254.761
7135.886 239.351
7136.939 280.071
7137.992 410.551
7139.045 723.754
7140.098 1043.176
7141.151 799.707
7142.204 426.234
7143.257 371.029
7144.310 386.406
7145.363 349.137
7146.416 341.856
7147.469 324.214
7148.522 292.773
7149.575 309.546
7150.628 259.626
7151.681 233.019
7152.734 264.542
7153.787 198.698
7154.840 261.361
7155.893 259.726
7156.946 249.923
7157.999 295.449
7159.052 243.670
7160.105 287.704
7161.158 255.363
7162.211 289.057
7163.264 304.440
7164.317 289.906
7165.370 284.676
7166.423 283.528
7167.476 242.332
7168.529 259.734
7169.582 274.146
7170.635 249.668
7171.688 243.393
7172.741 233.699
7173.794 232.841
7174.847 306.408
7175.900 285.689
7176.953 275.579
7178.006 260.949
7179.059 312.129
7180.112 253.798
7181.165 218.194
7182.218 300.705
7183.271 234.827
7184.324 215.701
7185.377 216.388
7186.430 181.367
7187.483 220.771
7188.536 232.034
7189.589 221.374
7190.642 202.722
7191.695 232.806
7192.748 219.528
7193.801 206.041
7194.854 260.058
7195.907 164.453
7196.960 220.959
7198.013 267.872
7199.066 194.395
7200.119 202.844
7201.172 243.521
7202.225 260.305
7203.278 250.641
7204.331 251.046
7205.384 211.572
7206.437 199.238
7207.490 257.994
7208.543 264.147
7209.596 209.296
7210.649 254.400
7211.702 304.132
7212.756 243.629
7213.809 257.834
7214.862 288.459
7215.915 247.954
7216.968 242.978
7218.021 216.310
7219.074 225.922
7220.127 278.255
7221.180 275.174
7222.233 266.645
7223.286 330.619
7224.339 314.546
7225.392 283.565
7226.445 259.470
7227.498 261.543
7228.551 248.298
7229.604 268.590
7230.657 267.332
7231.710 259.373
7232.763 264.909
7233.816 346.328
7234.869 288.190
7235.922 259.248
7236.975 445.819
7238.028 1038.585
7239.081 1978.738
7240.134 2669.437
7241.187 2452.060
7242.240 1484.480
7243.293 1272.990
7244.346 2250.956
7245.399 2865.974
7246.452 1949.710
7247.505 889.156
7248.558 431.069
7249.611 302.460
7250.664 293.765
7251.717 520.087
7252.770 783.107
7253.823 788.192
7254.876 636.774
7255.929 498.047
7256.982 383.812
7258.035 330.391
7259.088 295.852
7260.141 267.392
7261.194 302.237
7262.247 256.011
7263.300 252.190
7264.353 245.308
7265.406 235.516
7266.459 328.176
7267.512 379.504
7268.565 368.857
7269.618 353.107
7270.671 362.258
7271.724 346.476
7272.777 324.278
7273.830 552.854
7274.883 1903.999
7275.936 4060.462
7276.989 4277.612
7278.042 2247.227
7279.095 660.536
7280.148 359.496
7281.201 378.283
7282.254 501.661
7283.307 1112.114
7284.360 1728.290
7285.413 1617.304
7286.466 879.112
7287.519 342.919
7288.572 298.725
7289.625 307.283
7290.678 286.949
7291.731 333.024
7292.784 325.234
7293.837 284.267
7294.891 522.580
7295.944 723.833
7296.997 668.379
7298.050 417.281
7299.103 284.353
7300.156 237.671
7301.209 258.865
7302.262 569.251
7303.315 1032.644
7304.368 1116.782
7305.421 722.152
7306.474 381.179
7307.527 311.717
7308.580 241.470
7309.633 276.431
7310.686 331.190
7311.739 331.516
7312.792 302.758
7313.845 393.414
7314.898 1541.057
7315.951 3039.670
7317.004 3205.424
7318.057 1735.547
7319.110 502.697
7320.163 270.716
7321.216 285.665
7322.269 285.714
7323.322 331.431
7324.375 347.858
7325.428 278.535
7326.481 304.694
7327.534 611.143
7328.587 1337.436
7329.640 1506.143
7330.693 1003.763
7331.746 490.588
7332.799 331.976
7333.852 365.281
7334.905 364.340
7335.958 315.778
7337.011 253.392
7338.064 281.202
7339.117 1123.702
7340.170 3031.193
7341.223 3898.218
7342.276 2646.414
7343.329 948.613
7344.382 392.971
7345.435 356.835
7346.488 330.868
7347.541 328.965
7348.594 347.215
7349.647 272.414
7350.700 253.753
7351.753 294.170
7352.806 311.331
7353.859 318.777
7354.912 278.761
7355.965 282.141
7357.018 550.352
7358.071 1207.825
7359.124 1432.342
7360.177 893.292
7361.230 484.091
7362.283 279.833
7363.336 280.645
7364.389 316.073
7365.442 318.403
7366.495 292.048
7367.548 874.562
7368.601 2161.039
7369.654 2904.711
7370.707 2107.183
7371.760 737.525
7372.813 379.041
7373.866 341.845
7374.919 312.651
7375.972 262.244
7377.025 256.001
7378.079 265.566
7379.132 260.491
7380.185 237.574
7381.238 209.100
7382.291 249.326
7383.344 266.529
7384.397 233.966
7385.450 268.446
7386.503 253.646
7387.556 249.881
7388.609 224.298
7389.662 258.488
7390.715 525.438
7391.768 836.565
7392.821 984.835
7393.874 590.400
7394.927 301.548
7395.980 257.207
7397.033 252.661
7398.086 249.455
7399.139 246.628
7400.192 674.225
7401.245 1473.140
7402.298 1788.227
7403.351 1284.439
7404.404 511.027
7405.457 286.145
7406.510 219.573
7407.563 233.222
7408.616 217.382
7409.669 202.128
7410.722 253.612
7411.775 279.285
7412.828 309.723
7413.881 282.158
7414.934 232.198
7415.987 287.545
7417.040 306.268
7418.093 249.220
7419.146 214.698
7420.199 176.089
7421.252 213.294
7422.305 266.702
7423.358 248.234
7424.411 182.396
7425.464 229.133
7426.517 229.183
7427.570 231.616
7428.623 431.860
7429.676 655.908
7430.729 559.855
7431.782 329.204
7432.835 246.882
7433.888 208.483
7434.941 242.161
7435.994 262.042
7437.047 531.116
7438.100 886.181
7439.153 987.279
7440.206 617.942
7441.259 391.484
7442.312 249.505
7443.365 193.514
7444.418 231.113
7445.471 223.129
7446.524 193.919
7447.577 163.229
7448.630 217.467
7449.683 202.629
7450.736 231.077
7451.789 219.745
7452.842 235.335
7453.895 218.903
7454.948 197.320
7456.001 225.191
7457.054 210.539
7458.107 216.308
7459.160 266.559
7460.214 249.974
7461.267 268.825
7462.320 304.528
7463.373 392.827
7464.426 391.986
7465.479 382.375
7466.532 443.645
7467.585 502.725
7468.638 431.980
7469.691 341.518
7470.744 390.789
7471.797 537.328
7472.850 709.778
7473.903 861.672
7474.956 821.598
7476.009 577.596
7477.062 346.215
7478.115 297.100
7479.168 512.802
7480.221 720.765
7481.274 720.782
7482.327 720.794
7483.380 720.815
7484.433 720.840
7485.486 720.857
