5329.969 2529.426
5331.022 2310.095
5332.075 2008.742
5333.128 1895.177
5334.181 1747.934
5335.234 1713.427
5336.287 1771.707
5337.340 1716.287
5338.393 1795.980
5339.446 1867.065
5340.499 1762.796
5341.552 1602.825
5342.605 1667.262
5343.658 1705.165
5344.711 1624.946
5345.764 1729.060
5346.817 1762.996
5347.870 1793.019
5348.923 1583.104
5349.976 1718.107
5351.029 1613.998
5352.082 1792.602
5353.135 1850.365
5354.188 1910.976
5355.241 1859.277
5356.294 1748.796
5357.347 1642.711
5358.400 1784.569
5359.453 1654.395
5360.506 1740.558
5361.559 1772.883
5362.612 1655.599
5363.665 1677.023
5364.718 1820.295
5365.771 1735.280
5366.824 1706.827
5367.877 1803.003
5368.930 1836.864
5369.983 1581.000
5371.036 1542.233
5372.089 1593.443
5373.142 1688.545
5374.195 1663.523
5375.248 1763.675
5376.301 1853.125
5377.354 1691.502
5378.407 1630.131
5379.460 1630.793
5380.513 1574.173
5381.566 1632.302
5382.619 1735.172
5383.672 1768.789
5384.725 1709.477
5385.778 1666.297
5386.831 1608.345
5387.884 1750.695
5388.937 1734.389
5389.990 1670.072
5391.043 1726.027
5392.097 1731.798
5393.150 1682.906
5394.203 1612.486
5395.256 1576.268
5396.309 1570.115
5397.362 1644.117
5398.415 1565.191
5399.468 1579.871
5400.521 1649.033
5401.574 1729.453
5402.627 1711.207
5403.680 1790.444
5404.733 1801.715
5405.786 1839.055
5406.839 1851.938
5407.892 1960.180
5408.945 2030.497
5409.998 2104.770
5411.051 2096.183
5412.104 2079.584
5413.157 2251.874
5414.210 2169.921
5415.263 2109.765
5416.316 2116.207
5417.369 2245.412
5418.422 2056.416
5419.475 2004.017
5420.528 1976.904
5421.581 1868.395
5422.634 1923.502
5423.687 1818.364
5424.740 1768.606
5425.793 1737.067
5426.846 1912.916
5427.899 1806.180
5428.952 1711.980
5430.005 1687.492
5431.058 1640.959
5432.111 1716.375
5433.164 1611.434
5434.217 1674.778
5435.270 1773.974
5436.323 1771.021
5437.376 1852.386
5438.429 1611.027
5439.482 1628.498
5440.535 1613.590
5441.588 1678.939
5442.641 1632.097
5443.694 1640.204
5444.747 1610.403
5445.800 1664.067
5446.853 1520.825
5447.906 1558.608
5448.959 1571.985
5450.012 1495.033
5451.065 1557.853
5452.118 1604.836
5453.171 1603.020
5454.224 1619.520
5455.277 1624.793
5456.330 1512.141
5457.383 1661.781
5458.436 1652.594
5459.489 1621.373
5460.542 1633.606
5461.595 1503.651
5462.648 1505.014
5463.701 1568.503
5464.754 1488.378
5465.807 1569.253
5466.860 1561.571
5467.913 1437.545
5468.966 1740.092
5470.019 1583.983
5471.072 1516.729
5472.125 1454.635
5473.178 1525.124
5474.231 1451.008
5475.285 1557.018
5476.338 1486.038
5477.391 1464.174
5478.444 1451.256
5479.497 1550.023
5480.550 1448.392
5481.603 1504.048
5482.656 1530.851
5483.709 1538.627
5484.762 1503.845
5485.815 1476.619
5486.868 1409.841
5487.921 1525.606
5488.974 1530.050
5490.027 1487.798
5491.080 1613.286
5492.133 1537.347
5493.186 1526.886
5494.239 1445.138
5495.292 1571.190
5496.345 1618.034
5497.398 1484.101
5498.451 1463.428
5499.504 1588.446
5500.557 1463.742
5501.610 1511.831
5502.663 1557.228
5503.716 1489.281
5504.769 1612.712
5505.822 1436.681
5506.875 1415.328
5507.928 1538.176
5508.981 1492.345
5510.034 1543.694
5511.087 1451.151
5512.140 1420.395
5513.193 1517.458
5514.246 1473.975
5515.299 1475.158
5516.352 1584.141
5517.405 1475.213
5518.458 1542.916
5519.511 1579.353
5520.564 1652.865
5521.617 1744.572
5522.670 1457.573
5523.723 1545.119
5524.776 1514.985
5525.829 1512.076
5526.882 1394.891
5527.935 1533.447
5528.988 1473.628
5530.041 1395.120
5531.094 1402.691
5532.147 1500.221
5533.200 1542.261
5534.253 1430.295
5535.306 1462.852
5536.359 1484.032
5537.412 1490.144
5538.465 1425.458
5539.518 1443.001
5540.571 1512.351
5541.624 1518.144
5542.677 1610.347
5543.730 1677.771
5544.783 1621.179
5545.836 1573.264
5546.889 1520.596
5547.942 1462.734
5548.995 1510.874
5550.048 1601.956
5551.101 1506.286
5552.154 1535.220
5553.207 1529.542
5554.260 1584.673
5555.313 1475.226
5556.366 1450.686
5557.419 1447.211
5558.473 1375.436
5559.526 1535.275
5560.579 1455.984
5561.632 1468.742
5562.685 1571.019
5563.738 1692.913
5564.791 1829.459
5565.844 1540.391
5566.897 1564.996
5567.950 1594.283
5569.003 1545.703
5570.056 1515.515
5571.109 1562.143
5572.162 1464.765
5573.215 1334.963
5574.268 1764.088
5575.321 2699.936
5576.374 27776.419
5577.427 51927.482
5578.480 38489.104
5579.533 8078.968
5580.586 857.011
5581.639 1685.165
5582.692 1542.346
5583.745 1512.147
5584.798 1414.452
5585.851 1422.776
5586.904 1472.254
5587.957 1470.579
5589.010 1704.767
5590.063 1611.856
5591.116 1498.114
5592.169 1394.291
5593.222 1370.630
5594.275 1458.504
5595.328 1341.124
5596.381 1513.023
5597.434 1587.964
5598.487 1432.879
5599.540 1423.012
5600.593 1397.069
5601.646 1338.697
5602.699 1422.042
5603.752 1468.283
5604.805 1761.736
5605.858 1670.911
5606.911 1505.330
5607.964 1419.294
5609.017 1439.970
5610.070 1334.874
5611.123 1358.601
5612.176 1424.749
5613.229 1402.147
5614.282 1449.959
5615.335 1341.036
5616.388 1376.176
5617.441 1422.991
5618.494 1485.741
5619.547 1391.272
5620.600 1392.623
5621.653 1441.830
5622.706 1497.525
5623.759 1599.415
5624.812 1629.541
5625.865 1488.563
5626.918 1436.740
5627.971 1443.177
5629.024 1400.418
5630.077 1454.647
5631.130 1442.441
5632.183 1397.880
5633.236 1323.490
5634.289 1346.094
5635.342 1397.339
5636.395 1398.807
5637.448 1389.494
5638.501 1401.038
5639.554 1421.376
5640.608 1482.568
5641.661 1243.408
5642.714 1326.368
5643.767 1443.472
5644.820 1507.493
5645.873 1480.780
5646.926 1384.273
5647.979 1455.923
5649.032 1335.345
5650.085 1457.751
5651.138 1403.884
5652.191 1319.714
5653.244 1462.155
5654.297 1430.180
5655.350 1413.915
5656.403 1287.112
5657.456 1411.204
5658.509 1366.662
5659.562 1402.619
5660.615 1449.164
5661.668 1360.395
5662.721 1303.885
5663.774 1364.805
5664.827 1396.746
5665.880 1443.373
5666.933 1366.503
5667.986 1313.108
5669.039 1386.401
5670.092 1451.786
5671.145 1439.927
5672.198 1366.126
5673.251 1425.178
5674.304 1504.422
5675.357 1366.312
5676.410 1315.901
5677.463 1455.126
5678.516 1462.578
5679.569 1416.109
5680.622 1362.867
5681.675 1448.422
5682.728 1427.727
5683.781 1419.926
5684.834 1409.641
5685.887 1359.002
5686.940 1389.843
5687.993 1462.934
5689.046 1471.422
5690.099 1383.002
5691.152 1434.498
5692.205 1339.183
5693.258 1447.174
5694.311 1391.063
5695.364 1409.076
5696.417 1392.213
5697.470 1462.514
5698.523 1320.854
5699.576 1427.785
5700.629 1421.337
5701.682 1345.570
5702.735 1476.883
5703.788 1409.973
5704.841 1366.706
5705.894 1424.308
5706.947 1421.377
5708.000 1260.026
5709.053 1397.185
5710.106 1334.292
5711.159 1391.388
5712.212 1236.047
5713.265 1354.750
5714.318 1435.861
5715.371 1325.666
5716.424 1352.974
5717.477 1352.607
5718.530 1402.161
5719.583 1304.861
5720.636 1351.078
5721.689 1427.445
5722.742 1475.809
5723.796 1405.317
5724.849 1375.677
5725.902 1403.702
5726.955 1438.504
5728.008 1409.527
5729.061 1311.098
5730.114 1331.689
5731.167 1316.909
5732.220 1323.575
5733.273 1271.050
5734.326 1486.661
5735.379 1442.638
5736.432 1276.821
5737.485 1301.565
5738.538 1323.429
5739.591 1294.336
5740.644 1364.076
5741.697 1276.553
5742.750 1233.396
5743.803 1419.620
5744.856 1315.558
5745.909 1324.256
5746.962 1329.190
5748.015 1275.867
5749.068 1278.038
5750.121 1220.025
5751.174 1404.603
5752.227 1274.104
5753.280 1295.723
5754.333 1269.172
5755.386 1286.713
5756.439 1217.966
5757.492 1395.807
5758.545 1327.177
5759.598 1381.849
5760.651 1347.661
5761.704 1279.988
5762.757 1224.813
5763.810 1233.108
5764.863 1253.142
5765.916 1216.283
5766.969 1319.042
5768.022 1237.279
5769.075 1366.448
5770.128 1363.458
5771.181 1328.600
5772.234 1305.362
5773.287 1280.840
5774.340 1279.307
5775.393 1278.398
5776.446 1405.751
5777.499 1308.589
5778.552 1304.809
5779.605 1236.809
5780.658 1305.531
5781.711 1269.257
5782.764 1185.941
5783.817 1295.973
5784.870 1291.947
5785.923 1305.253
5786.976 1304.549
5788.029 1236.214
5789.082 1245.763
5790.135 1333.557
5791.188 1237.708
5792.241 1403.752
5793.294 1356.342
5794.347 1251.477
5795.400 1382.447
5796.453 1358.383
5797.506 1371.603
5798.559 1397.351
5799.612 1428.454
5800.665 1446.618
5801.718 1428.481
5802.771 1446.620
5803.824 1367.716
5804.877 1320.940
5805.931 1317.873
5806.984 1336.530
5808.037 1373.641
5809.090 1390.876
5810.143 1314.349
5811.196 1329.481
5812.249 1402.472
5813.302 1405.407
5814.355 1401.054
5815.408 1363.984
5816.461 1367.242
5817.514 1316.646
5818.567 1279.382
5819.620 1371.388
5820.673 1361.471
5821.726 1290.102
5822.779 1320.109
5823.832 1358.122
5824.885 1342.673
5825.938 1336.739
5826.991 1358.510
5828.044 1324.106
5829.097 1336.370
5830.150 1295.994
5831.203 1211.010
5832.256 1227.750
5833.309 1264.118
5834.362 1224.778
5835.415 1359.811
5836.468 1321.200
5837.521 1286.711
5838.574 1256.533
5839.627 1210.931
5840.680 1384.393
5841.733 1266.719
5842.786 1221.037
5843.839 1325.944
5844.892 1230.981
5845.945 1301.300
5846.998 1303.725
5848.051 1247.111
5849.104 1259.330
5850.157 1313.149
5851.210 1154.327
5852.263 1253.434
5853.316 1274.253
5854.369 1297.889
5855.422 1278.904
5856.475 1178.930
5857.528 1197.300
5858.581 1272.918
5859.634 1294.161
5860.687 1309.232
5861.740 1247.469
5862.793 1304.401
5863.846 1296.289
5864.899 1582.593
5865.952 1754.966
5867.005 1975.958
5868.058 1785.846
5869.111 1748.082
5870.164 1451.421
5871.217 1539.333
5872.270 1548.350
5873.323 1429.689
5874.376 1536.956
5875.429 1461.068
5876.482 1458.978
5877.535 2451.137
5878.588 5510.276
5879.641 6272.216
5880.694 3737.466
5881.747 1543.932
5882.800 1516.552
5883.853 1427.018
5884.906 1403.187
5885.959 1371.140
5887.012 1732.425
5888.065 2478.351
5889.119 5220.393
5890.172 7095.445
5891.225 4704.439
5892.278 1816.662
5893.331 1278.988
5894.384 2130.628
5895.437 4088.589
5896.490 4585.642
5897.543 2614.584
5898.596 1339.320
5899.649 1212.539
5900.702 1162.163
5901.755 1338.688
5902.808 1322.342
5903.861 1350.157
5904.914 1373.148
5905.967 1450.768
5907.020 1369.678
5908.073 1290.943
5909.126 1231.417
5910.179 1294.658
5911.232 1219.451
5912.285 1224.681
5913.338 1268.408
5914.391 1613.128
5915.444 1995.901
5916.497 1635.005
5917.550 1341.196
5918.603 1160.972
5919.656 1130.695
5920.709 1204.419
5921.762 1159.925
5922.815 1227.600
5923.868 1445.172
5924.921 1466.843
5925.974 1394.674
5927.027 1269.469
5928.080 1277.488
5929.133 1260.803
5930.186 1211.653
5931.239 1387.075
5932.292 1769.521
5933.345 2058.406
5934.398 1525.873
5935.451 1204.227
5936.504 1183.347
5937.557 1188.089
5938.610 1153.948
5939.663 1158.962
5940.716 1207.695
5941.769 1217.972
5942.822 1221.399
5943.875 1159.185
5944.928 1293.716
5945.981 1383.850
5947.034 1284.838
5948.087 1200.267
5949.140 1177.452
5950.193 1156.204
5951.246 1259.296
5952.299 1363.297
5953.352 1759.320
5954.405 1645.723
5955.458 1357.240
5956.511 1218.993
5957.564 1124.690
5958.617 1248.522
5959.670 1248.394
5960.723 1141.094
5961.776 1187.243
5962.829 1083.277
5963.882 1208.256
5964.935 1235.515
5965.988 1168.155
5967.041 1120.533
5968.094 1100.886
5969.147 1147.808
5970.200 1388.567
5971.254 1309.649
5972.307 1152.793
5973.360 1177.681
5974.413 1174.833
5975.466 1246.372
5976.519 1432.741
5977.572 1580.948
5978.625 1328.034
5979.678 1171.038
5980.731 1166.536
5981.784 1183.941
5982.837 1177.340
5983.890 1083.053
5984.943 1068.124
5985.996 1235.375
5987.049 1190.362
5988.102 1146.862
5989.155 1127.130
5990.208 1251.490
5991.261 1113.825
5992.314 1168.767
5993.367 1171.657
5994.420 1053.979
5995.473 1053.907
5996.526 1088.960
5997.579 1184.913
5998.632 1136.182
5999.685 1076.670
6000.738 1130.365
6001.791 1114.978
6002.844 1141.813
6003.897 1285.312
6004.950 1204.044
6006.003 1089.041
6007.056 1073.923
6008.109 1040.135
6009.162 1049.541
6010.215 1061.545
6011.268 1082.132
6012.321 1062.271
6013.374 1145.243
6014.427 1058.608
6015.480 1060.098
6016.533 1030.437
6017.586 1096.864
6018.639 1065.279
6019.692 962.613
6020.745 989.437
6021.798 1026.328
6022.851 1004.180
6023.904 1018.648
6024.957 968.274
6026.010 940.491
6027.063 1109.201
6028.116 1070.194
6029.169 1048.033
6030.222 1023.455
6031.275 975.098
6032.328 1090.520
6033.381 1073.829
6034.434 1139.823
6035.487 1110.387
6036.540 978.005
6037.593 977.691
6038.646 1048.251
6039.699 1012.928
6040.752 1036.660
6041.805 1079.801
6042.858 957.381
6043.911 923.591
6044.964 998.995
6046.017 1084.905
6047.070 1014.905
6048.123 968.473
6049.176 1010.345
6050.229 980.773
6051.282 996.848
6052.335 961.614
6053.388 984.175
6054.442 1035.733
6055.495 1001.040
6056.548 962.486
6057.601 1071.847
6058.654 996.524
6059.707 945.083
6060.760 952.031
6061.813 978.485
6062.866 1090.423
6063.919 980.898
6064.972 966.115
6066.025 979.581
6067.078 968.027
6068.131 1082.241
6069.184 1000.078
6070.237 936.743
6071.290 1023.287
6072.343 969.091
6073.396 951.781
6074.449 948.661
6075.502 886.734
6076.555 942.871
6077.608 862.120
6078.661 968.185
6079.714 1026.553
6080.767 901.373
6081.820 936.628
6082.873 933.973
6083.926 893.578
6084.979 956.519
6086.032 956.446
6087.085 976.408
6088.138 963.545
6089.191 924.649
6090.244 929.135
6091.297 961.631
6092.350 929.593
6093.403 946.140
6094.456 979.129
6095.509 1024.934
6096.562 940.217
6097.615 969.053
6098.668 1012.449
6099.721 940.014
6100.774 972.392
6101.827 894.008
6102.880 962.599
6103.933 975.670
6104.986 1001.662
6106.039 990.637
6107.092 1022.138
6108.145 963.974
6109.198 929.770
6110.251 977.789
6111.304 996.105
6112.357 942.987
6113.410 965.822
6114.463 839.099
6115.516 904.403
6116.569 916.354
6117.622 899.218
6118.675 940.300
6119.728 906.947
6120.781 909.501
6121.834 862.837
6122.887 875.718
6123.940 926.632
6124.993 882.820
6126.046 840.102
6127.099 880.745
6128.152 994.346
6129.205 967.848
6130.258 906.376
6131.311 905.367
6132.364 887.507
6133.417 842.422
6134.470 929.369
6135.523 917.096
6136.577 875.186
6137.630 958.170
6138.683 959.386
6139.736 1038.927
6140.789 947.585
6141.842 889.664
6142.895 934.400
6143.948 1084.250
6145.001 1092.619
6146.054 956.006
6147.107 913.395
6148.160 811.443
6149.213 855.788
6150.266 947.202
6151.319 927.026
6152.372 906.234
6153.425 916.478
6154.478 967.025
6155.531 1198.295
6156.584 1496.791
6157.637 1670.743
6158.690 1528.292
6159.743 1118.517
6160.796 931.022
6161.849 932.311
6162.902 829.775
6163.955 810.074
6165.008 830.292
6166.061 855.762
6167.114 906.201
6168.167 811.875
6169.220 993.299
6170.273 1193.492
6171.326 1175.843
6172.379 977.691
6173.432 906.782
6174.485 892.685
6175.538 893.048
6176.591 999.700
6177.644 942.897
6178.697 946.218
6179.750 976.618
6180.803 939.262
6181.856 834.085
6182.909 862.383
6183.962 919.474
6185.015 865.266
6186.068 831.676
6187.121 822.229
6188.174 812.062
6189.227 843.262
6190.280 864.382
6191.333 817.699
6192.386 935.150
6193.439 1019.651
6194.492 892.797
6195.545 870.204
6196.598 843.088
6197.651 750.431
6198.704 857.917
6199.757 879.911
6200.810 826.981
6201.863 993.751
6202.916 1123.809
6203.969 1017.430
6205.022 830.678
6206.075 856.209
6207.128 870.849
6208.181 872.112
6209.234 908.106
6210.287 828.768
6211.340 890.758
6212.393 958.362
6213.446 994.403
6214.499 900.192
6215.552 857.903
6216.605 924.601
6217.658 942.626
6218.711 859.181
6219.765 813.745
6220.818 1092.638
6221.871 1241.010
6222.924 1055.815
6223.977 889.614
6225.030 928.548
6226.083 880.560
6227.136 809.340
6228.189 884.830
6229.242 873.055
6230.295 828.509
6231.348 869.852
6232.401 894.256
6233.454 1152.560
6234.507 1584.784
6235.560 1803.490
6236.613 1795.395
6237.666 1400.014
6238.719 1041.882
6239.772 1047.606
6240.825 1148.826
6241.878 1211.119
6242.931 1140.770
6243.984 1067.797
6245.037 989.952
6246.090 969.479
6247.143 934.146
6248.196 932.978
6249.249 903.277
6250.302 854.625
6251.355 819.883
6252.408 863.334
6253.461 833.216
6254.514 822.900
6255.567 873.055
6256.620 1264.158
6257.673 1885.831
6258.726 1830.699
6259.779 1235.096
6260.832 807.073
6261.885 903.704
6262.938 935.548
6263.991 1072.745
6265.044 1235.155
6266.097 1099.755
6267.150 964.440
6268.203 959.422
6269.256 930.222
6270.309 870.368
6271.362 857.924
6272.415 922.288
6273.468 951.587
6274.521 904.611
6275.574 986.052
6276.627 892.010
6277.680 863.570
6278.733 882.933
6279.786 824.871
6280.839 796.078
6281.892 834.089
6282.945 838.618
6283.998 827.801
6285.051 890.561
6286.104 1160.857
6287.157 1705.807
6288.210 1661.028
6289.263 1232.186
6290.316 810.174
6291.369 830.067
6292.422 837.955
6293.475 831.882
6294.528 899.045
6295.581 859.909
6296.634 1210.066
6297.687 1923.463
6298.740 10088.996
6299.793 43456.359
6300.846 50052.683
6301.899 26076.245
6302.953 1569.404
6304.006 1280.935
6305.059 1170.577
6306.112 1704.133
6307.165 2081.288
6308.218 1585.456
6309.271 1026.622
6310.324 970.722
6311.377 864.163
6312.430 908.998
6313.483 839.537
6314.536 1046.198
6315.589 1312.228
6316.642 1341.095
6317.695 991.395
6318.748 811.203
6319.801 939.481
6320.854 1196.293
6321.907 1225.933
6322.960 1019.226
6324.013 836.219
6325.066 860.145
6326.119 822.906
6327.172 907.809
6328.225 1023.543
6329.278 1495.064
6330.331 1718.986
6331.384 1245.855
6332.437 867.898
6333.490 783.569
6334.543 792.175
6335.596 792.724
6336.649 809.457
6337.702 806.326
6338.755 758.289
6339.808 814.345
6340.861 822.201
6341.914 780.992
6342.967 837.302
6344.020 794.538
6345.073 780.333
6346.126 801.349
6347.179 874.868
6348.232 1015.772
6349.285 1027.837
6350.338 890.348
6351.391 859.475
6352.444 825.037
6353.497 769.882
6354.550 875.055
6355.603 1149.277
6356.656 1335.528
6357.709 1112.539
6358.762 813.658
6359.815 891.522
6360.868 901.046
6361.921 2684.339
6362.974 11098.019
6364.027 17996.673
6365.080 11226.084
6366.133 2043.191
6367.186 833.009
6368.239 929.581
6369.292 855.076
6370.345 700.735
6371.398 839.506
6372.451 827.811
6373.504 785.000
6374.557 779.629
6375.610 717.517
6376.663 831.946
6377.716 835.120
6378.769 887.871
6379.822 953.940
6380.875 916.053
6381.928 794.164
6382.981 804.646
6384.034 743.461
6385.088 869.412
6386.141 973.427
6387.194 1054.894
6388.247 807.586
6389.300 805.430
6390.353 801.035
6391.406 775.942
6392.459 737.541
6393.512 741.843
6394.565 769.964
6395.618 691.451
6396.671 782.638
6397.724 739.450
6398.777 743.280
6399.830 778.517
6400.883 743.367
6401.936 693.629
6402.989 759.734
6404.042 696.255
6405.095 731.660
6406.148 739.204
6407.201 780.929
6408.254 785.228
6409.307 801.235
6410.360 783.701
6411.413 792.859
6412.466 786.917
6413.519 819.160
6414.572 845.628
6415.625 754.172
6416.678 709.712
6417.731 702.611
6418.784 762.526
6419.837 866.286
6420.890 840.075
6421.943 753.641
6422.996 707.637
6424.049 700.958
6425.102 733.220
6426.155 725.616
6427.208 720.489
6428.261 719.806
6429.314 653.242
6430.367 688.140
6431.420 727.936
6432.473 707.394
6433.526 712.660
6434.579 672.281
6435.632 705.771
6436.685 695.378
6437.738 715.617
6438.791 709.808
6439.844 714.247
6440.897 756.473
6441.950 800.889
6443.003 721.865
6444.056 692.286
6445.109 718.399
6446.162 693.058
6447.215 727.694
6448.268 696.347
6449.321 712.852
6450.374 720.654
6451.427 776.632
6452.480 739.991
6453.533 864.864
6454.586 887.524
6455.639 893.539
6456.692 824.274
6457.745 826.374
6458.798 804.199
6459.851 789.683
6460.904 734.539
6461.957 786.956
6463.010 921.460
6464.063 1027.471
6465.116 1122.138
6466.169 1248.987
6467.222 1005.285
6468.276 782.758
6469.329 869.790
6470.382 1091.329
6471.435 1209.801
6472.488 970.956
6473.541 709.454
6474.594 722.417
6475.647 688.112
6476.700 700.383
6477.753 795.458
6478.806 764.603
6479.859 726.594
6480.912 694.857
6481.965 711.883
6483.018 702.025
6484.071 678.036
6485.124 650.572
6486.177 724.182
6487.230 698.396
6488.283 672.059
6489.336 759.892
6490.389 666.577
6491.442 612.420
6492.495 629.123
6493.548 676.018
6494.601 675.610
6495.654 674.204
6496.707 747.973
6497.760 1392.631
6498.813 1811.507
6499.866 1411.739
6500.919 808.220
6501.972 739.842
6503.025 726.279
6504.078 959.580
6505.131 1030.682
6506.184 934.379
6507.237 772.989
6508.290 764.089
6509.343 747.605
6510.396 715.462
6511.449 691.159
6512.502 740.383
6513.555 792.055
6514.608 754.507
6515.661 699.118
6516.714 670.870
6517.767 704.509
6518.820 705.183
6519.873 705.984
6520.926 756.769
6521.979 893.037
6523.032 987.988
6524.085 855.898
6525.138 761.291
6526.191 755.182
6527.244 718.188
6528.297 689.519
6529.350 697.071
6530.403 720.135
6531.456 870.659
6532.509 1461.317
6533.562 1666.754
6534.615 1114.786
6535.668 707.408
6536.721 744.171
6537.774 763.252
6538.827 706.089
6539.880 763.759
6540.933 780.180
6541.986 788.540
6543.039 976.505
6544.092 1117.309
6545.145 1058.051
6546.198 872.204
6547.251 804.148
6548.304 806.416
6549.357 827.549
6550.411 905.462
6551.464 1106.738
6552.517 1683.161
6553.570 2077.160
6554.623 1895.763
6555.676 1318.323
6556.729 1059.942
6557.782 1163.690
6558.835 1212.927
6559.888 1225.650
6560.941 1325.943
6561.994 1364.549
6563.047 2084.743
6564.100 1989.502
6565.153 27172.414
6566.206 82701.737
6567.259 84705.663
6568.312 37860.279
6569.365 5684.280
6570.418 5259.439
6571.471 2477.343
6572.524 1303.023
6573.577 1124.618
6574.630 974.188
6575.683 1095.396
6576.736 1631.101
6577.789 1715.479
6578.842 1267.962
6579.895 872.437
6580.948 938.400
6582.001 819.635
6583.054 877.232
6584.107 886.816
6585.160 869.567
6586.213 1124.435
6587.266 1396.988
6588.319 1371.316
6589.372 1059.697
6590.425 1013.799
6591.478 936.131
6592.531 778.827
6593.584 678.315
6594.637 668.397
6595.690 834.933
6596.743 875.884
6597.796 817.083
6598.849 726.710
6599.902 650.676
6600.955 671.387
6602.008 681.137
6603.061 833.311
6604.114 1073.280
6605.167 1013.157
6606.220 736.719
6607.273 677.876
6608.326 621.829
6609.379 650.960
6610.432 635.783
6611.485 680.157
6612.538 643.802
6613.591 643.817
6614.644 663.302
6615.697 629.304
6616.750 635.112
6617.803 558.497
6618.856 654.029
6619.909 631.363
6620.962 612.969
6622.015 618.561
6623.068 612.223
6624.121 666.225
6625.174 635.234
6626.227 649.495
6627.280 718.189
6628.333 673.701
6629.386 663.495
6630.439 689.545
6631.492 647.060
6632.545 626.044
6633.599 747.131
6634.652 801.697
6635.705 708.320
6636.758 652.686
6637.811 647.090
6638.864 609.839
6639.917 638.006
6640.970 574.387
6642.023 590.488
6643.076 622.620
6644.129 600.882
6645.182 599.130
6646.235 588.769
6647.288 642.230
6648.341 639.495
6649.394 635.829
6650.447 647.371
6651.500 626.695
6652.553 642.697
6653.606 596.914
6654.659 583.963
6655.712 613.595
6656.765 544.840
6657.818 596.682
6658.871 649.214
6659.924 648.108
6660.977 662.619
6662.030 641.873
6663.083 686.569
6664.136 660.514
6665.189 596.026
6666.242 615.654
6667.295 646.885
6668.348 662.016
6669.401 657.216
6670.454 610.630
6671.507 605.667
6672.560 584.434
6673.613 625.712
6674.666 622.483
6675.719 660.470
6676.772 639.613
6677.825 696.235
6678.878 649.446
6679.931 657.729
6680.984 1172.506
6682.037 1611.395
6683.090 1404.351
6684.143 808.872
6685.196 620.059
6686.249 676.890
6687.302 702.838
6688.355 638.359
6689.408 599.189
6690.461 646.738
6691.514 655.780
6692.567 633.264
6693.620 593.298
6694.673 627.970
6695.726 628.140
6696.779 623.207
6697.832 578.888
6698.885 663.638
6699.938 741.230
6700.991 654.665
6702.044 602.824
6703.097 560.346
6704.150 581.567
6705.203 648.536
6706.256 671.165
6707.309 664.418
6708.362 600.181
6709.415 598.762
6710.468 591.992
6711.521 612.245
6712.574 627.627
6713.627 563.619
6714.680 609.058
6715.734 655.835
6716.787 647.898
6717.840 622.071
6718.893 996.303
6719.946 1772.218
6720.999 1960.794
6722.052 1446.106
6723.105 1145.359
6724.158 1254.558
6725.211 816.215
6726.264 631.297
6727.317 597.578
6728.370 651.665
6729.423 578.936
6730.476 613.733
6731.529 621.691
6732.582 630.415
6733.635 991.158
6734.688 1531.776
6735.741 1475.263
6736.794 1102.988
6737.847 1052.553
6738.900 952.570
6739.953 760.730
6741.006 613.328
6742.059 582.385
6743.112 578.377
6744.165 613.502
6745.218 645.992
6746.271 638.501
6747.324 610.866
6748.377 566.585
6749.430 572.545
6750.483 598.223
6751.536 618.601
6752.589 555.549
6753.642 546.598
6754.695 553.924
6755.748 601.091
6756.801 510.886
6757.854 523.469
6758.907 557.281
6759.960 544.923
6761.013 557.372
6762.066 585.386
6763.119 599.495
6764.172 608.033
6765.225 545.461
6766.278 459.953
6767.331 570.782
6768.384 557.954
6769.437 513.828
6770.490 518.140
6771.543 531.222
6772.596 573.995
6773.649 548.723
6774.702 546.272
6775.755 581.836
6776.808 584.721
6777.861 562.723
6778.914 519.814
6779.967 577.800
6781.020 598.584
6782.073 546.895
6783.126 580.069
6784.179 585.531
6785.232 568.639
6786.285 553.659
6787.338 623.743
6788.391 610.479
6789.444 554.469
6790.497 571.364
6791.550 561.429
6792.603 566.817
6793.656 613.848
6794.709 595.327
6795.762 557.850
6796.815 553.915
6797.868 524.994
6798.922 528.114
6799.975 585.435
6801.028 560.306
6802.081 557.532
6803.134 573.313
6804.187 538.360
6805.240 517.494
6806.293 516.183
6807.346 546.533
6808.399 559.257
6809.452 575.595
6810.505 602.827
6811.558 548.853
6812.611 580.851
6813.664 543.061
6814.717 535.267
6815.770 525.766
6816.823 521.015
6817.876 544.896
6818.929 571.670
6819.982 537.734
6821.035 525.538
6822.088 540.086
6823.141 516.494
6824.194 529.398
6825.247 565.179
6826.300 681.865
6827.353 1091.124
6828.406 1513.684
6829.459 1862.410
6830.512 1569.830
6831.565 845.657
6832.618 775.883
6833.671 1619.529
6834.724 1855.516
6835.777 1310.036
6836.830 636.232
6837.883 493.171
6838.936 550.989
6839.989 599.336
6841.042 823.049
6842.095 944.494
6843.148 754.172
6844.201 545.500
6845.254 538.198
6846.307 582.691
6847.360 537.875
6848.413 525.194
6849.466 572.343
6850.519 589.472
6851.572 573.839
6852.625 558.481
6853.678 530.270
6854.731 524.751
6855.784 506.915
6856.837 557.823
6857.890 511.260
6858.943 501.710
6859.996 563.992
6861.049 578.028
6862.102 718.864
6863.155 2409.198
6864.208 3262.920
6865.261 1973.889
6866.314 701.338
6867.367 401.941
6868.420 378.086
6869.473 406.166
6870.526 482.372
6871.579 536.094
6872.632 510.771
6873.685 369.219
6874.738 335.982
6875.791 429.796
6876.844 355.681
6877.897 471.186
6878.950 478.075
6880.003 630.944
6881.056 758.204
6882.110 790.565
6883.163 590.645
6884.216 487.999
6885.269 496.611
6886.322 430.417
6887.375 455.113
6888.428 776.712
6889.481 996.165
6890.534 808.861
6891.587 524.935
6892.640 457.211
6893.693 533.876
6894.746 594.186
6895.799 537.178
6896.852 450.445
6897.905 509.995
6898.958 574.306
6900.011 823.111
6901.064 940.447
6902.117 798.912
6903.170 574.023
6904.223 480.594
6905.276 430.447
6906.329 458.466
6907.382 491.665
6908.435 411.442
6909.488 461.156
6910.541 520.995
6911.594 907.507
6912.647 1352.481
6913.700 1032.842
6914.753 543.511
6915.806 473.246
6916.859 476.423
6917.912 492.860
6918.965 474.118
6920.018 443.511
6921.071 561.976
6922.124 1144.385
6923.177 1749.546
6924.230 1676.127
6925.283 682.678
6926.336 481.687
6927.389 543.674
6928.442 530.965
6929.495 492.619
6930.548 495.270
6931.601 513.841
6932.654 529.265
6933.707 508.636
6934.760 486.548
6935.813 473.650
6936.866 473.194
6937.919 676.693
6938.972 1028.462
6940.025 1168.969
6941.078 859.408
6942.131 536.866
6943.184 448.227
6944.237 514.312
6945.290 473.367
6946.343 536.485
6947.396 711.526
6948.449 1868.298
6949.502 2266.335
6950.555 1261.507
6951.608 580.313
6952.661 545.577
6953.714 535.328
6954.767 536.314
6955.820 537.923
6956.873 501.630
6957.926 494.103
6958.979 518.365
6960.032 543.194
6961.085 523.320
6962.138 531.358
6963.191 536.960
6964.245 539.845
6965.298 575.143
6966.351 537.983
6967.404 593.921
6968.457 605.025
6969.510 830.917
6970.563 921.348
6971.616 697.112
6972.669 553.160
6973.722 536.249
6974.775 493.457
6975.828 467.265
6976.881 736.920
6977.934 1262.432
6978.987 1394.345
6980.040 971.016
6981.093 558.392
6982.146 500.981
6983.199 507.047
6984.252 542.913
6985.305 562.486
6986.358 579.362
6987.411 494.403
6988.464 518.517
6989.517 524.247
6990.570 494.949
6991.623 490.252
6992.676 509.613
6993.729 512.536
6994.782 495.053
6995.835 561.826
6996.888 575.611
6997.941 488.934
6998.994 503.877
7000.047 521.557
7001.100 603.903
7002.153 777.023
7003.206 918.051
7004.259 792.134
7005.312 653.082
7006.365 450.706
7007.418 524.191
7008.471 501.187
7009.524 504.487
7010.577 825.084
7011.630 978.146
7012.683 750.195
7013.736 542.459
7014.789 465.326
7015.842 461.695
7016.895 483.418
7017.948 463.879
7019.001 460.004
7020.054 468.020
7021.107 499.976
7022.160 505.414
7023.213 475.828
7024.266 490.266
7025.319 488.114
7026.372 476.572
7027.425 430.915
7028.478 457.888
7029.531 468.741
7030.584 507.080
7031.637 527.221
7032.690 463.927
7033.743 464.265
7034.796 460.878
7035.849 459.995
7036.902 486.086
7037.955 470.956
7039.008 513.346
7040.061 525.684
7041.114 587.868
7042.167 630.529
7043.220 596.247
7044.273 505.709
7045.326 524.038
7046.379 586.624
7047.433 766.935
7048.486 797.959
7049.539 729.193
7050.592 613.572
7051.645 568.986
7052.698 576.348
7053.751 530.432
7054.804 512.638
7055.857 542.409
7056.910 520.353
7057.963 494.769
7059.016 516.363
7060.069 542.798
7061.122 539.912
7062.175 544.825
7063.228 610.366
7064.281 586.662
7065.334 526.457
7066.387 618.926
7067.440 675.082
7068.493 942.104
7069.546 1190.207
7070.599 984.410
7071.652 650.303
7072.705 551.967
7073.758 574.827
7074.811 594.172
7075.864 534.551
7076.917 463.956
7077.970 513.346
7079.023 553.528
7080.076 514.322
7081.129 549.306
7082.182 594.940
7083.235 612.864
7084.288 523.829
7085.341 522.541
7086.394 479.002
7087.447 595.168
7088.500 633.510
7089.553 620.147
7090.606 631.190
7091.659 580.386
7092.712 574.640
7093.765 573.258
7094.818 501.467
7095.871 492.586
7096.924 499.390
7097.977 545.121
7099.030 490.878
7100.083 510.367
7101.136 501.781
7102.189 527.732
7103.242 557.505
7104.295 520.070
7105.348 525.464
7106.401 563.550
7107.454 567.282
7108.507 542.016
7109.560 567.145
7110.613 574.685
7111.666 533.827
7112.719 548.954
7113.772 583.673
7114.825 541.520
7115.878 560.911
7116.931 631.367
7117.984 540.424
7119.037 533.859
7120.090 577.553
7121.143 521.773
7122.196 556.203
7123.249 566.678
7124.302 537.260
7125.355 573.234
7126.408 586.344
7127.461 624.400
7128.514 598.543
7129.568 514.844
7130.621 528.318
7131.674 561.802
7132.727 632.264
7133.780 564.264
7134.833 517.090
7135.886 479.793
7136.939 479.353
7137.992 610.726
7139.045 1704.019
7140.098 2351.845
7141.151 1721.899
7142.204 872.788
7143.257 625.980
7144.310 628.789
7145.363 601.976
7146.416 567.657
7147.469 557.026
7148.522 559.716
7149.575 511.534
7150.628 543.082
7151.681 478.905
7152.734 501.138
7153.787 501.065
7154.840 465.953
7155.893 454.939
7156.946 486.751
7157.999 491.604
7159.052 479.173
7160.105 513.053
7161.158 535.963
7162.211 537.490
7163.264 520.080
7164.317 470.820
7165.370 480.195
7166.423 523.354
7167.476 478.914
7168.529 482.507
7169.582 498.306
7170.635 481.474
7171.688 459.977
7172.741 470.251
7173.794 507.321
7174.847 543.012
7175.900 524.870
7176.953 495.578
7178.006 537.053
7179.059 519.655
7180.112 543.464
7181.165 558.431
7182.218 509.243
7183.271 510.372
7184.324 484.772
7185.377 483.801
7186.430 383.118
7187.483 450.067
7188.536 466.706
7189.589 489.814
7190.642 449.285
7191.695 457.204
7192.748 425.829
7193.801 406.402
7194.854 461.751
7195.907 410.919
7196.960 447.223
7198.013 475.262
7199.066 416.458
7200.119 458.974
7201.172 434.493
7202.225 427.687
7203.278 438.056
7204.331 411.282
7205.384 384.811
7206.437 354.748
7207.490 443.946
7208.543 452.670
7209.596 431.584
7210.649 447.429
7211.702 419.508
7212.756 424.877
7213.809 428.910
7214.862 435.609
7215.915 466.142
7216.968 455.968
7218.021 456.109
7219.074 445.646
7220.127 420.652
7221.180 455.959
7222.233 494.475
7223.286 476.751
7224.339 509.202
7225.392 494.253
7226.445 449.049
7227.498 478.058
7228.551 489.783
7229.604 474.372
7230.657 473.085
7231.710 494.127
7232.763 487.644
7233.816 487.722
7234.869 498.051
7235.922 434.085
7236.975 554.324
7238.028 1196.033
7239.081 2200.795
7240.134 2947.817
7241.187 2677.661
7242.240 1594.139
7243.293 1322.133
7244.346 2357.734
7245.399 3162.666
7246.452 2163.169
7247.505 958.972
7248.558 609.847
7249.611 472.947
7250.664 509.677
7251.717 689.011
7252.770 971.870
7253.823 1050.741
7254.876 832.920
7255.929 682.107
7256.982 546.850
7258.035 478.019
7259.088 540.495
7260.141 469.542
7261.194 476.690
7262.247 498.625
7263.300 518.919
7264.353 470.971
7265.406 405.167
7266.459 468.833
7267.512 550.608
7268.565 598.507
7269.618 558.096
7270.671 489.943
7271.724 491.013
7272.777 473.237
7273.830 593.356
7274.883 2010.706
7275.936 4277.243
7276.989 4544.896
7278.042 2386.472
7279.095 732.780
7280.148 517.228
7281.201 592.541
7282.254 660.905
7283.307 1216.616
7284.360 2089.332
7285.413 2070.520
7286.466 1101.049
7287.519 551.987
7288.572 443.620
7289.625 476.560
7290.678 426.969
7291.731 490.829
7292.784 549.581
7293.837 504.954
7294.891 713.593
7295.944 956.538
7296.997 842.943
7298.050 605.642
7299.103 467.277
7300.156 441.157
7301.209 502.928
7302.262 720.871
7303.315 1292.608
7304.368 1348.705
7305.421 868.997
7306.474 497.343
7307.527 512.807
7308.580 449.730
7309.633 468.899
7310.686 524.479
7311.739 536.830
7312.792 509.371
7313.845 474.552
7314.898 1532.026
7315.951 3422.395
7317.004 3447.815
7318.057 1758.022
7319.110 631.490
7320.163 402.074
7321.216 473.802
7322.269 497.182
7323.322 549.575
7324.375 619.381
7325.428 554.343
7326.481 494.995
7327.534 857.971
7328.587 1583.853
7329.640 1776.953
7330.693 1187.134
7331.746 651.725
7332.799 544.810
7333.852 597.655
7334.905 615.937
7335.958 613.732
7337.011 492.649
7338.064 453.141
7339.117 1154.830
7340.170 3251.196
7341.223 4383.061
7342.276 2833.281
7343.329 1015.661
7344.382 504.516
7345.435 498.596
7346.488 495.234
7347.541 488.977
7348.594 505.274
7349.647 482.492
7350.700 507.993
7351.753 478.961
7352.806 494.524
7353.859 418.361
7354.912 460.297
7355.965 424.326
7357.018 721.993
7358.071 1349.823
7359.124 1610.371
7360.177 1121.035
7361.230 581.323
7362.283 463.411
7363.336 440.784
7364.389 463.729
7365.442 411.725
7366.495 470.527
7367.548 809.289
7368.601 2458.268
7369.654 3264.570
7370.707 2202.644
7371.760 976.949
7372.813 542.584
7373.866 469.770
7374.919 470.932
7375.972 449.018
7377.025 447.716
7378.079 478.207
7379.132 422.382
7380.185 451.880
7381.238 424.349
7382.291 438.985
7383.344 410.147
7384.397 470.887
7385.450 475.809
7386.503 417.177
7387.556 468.464
7388.609 407.976
7389.662 415.302
7390.715 704.243
7391.768 1102.208
7392.821 1180.653
7393.874 829.647
7394.927 515.248
7395.980 402.664
7397.033 442.057
7398.086 387.018
7399.139 438.195
7400.192 855.344
7401.245 1702.496
7402.298 2054.953
7403.351 1418.978
7404.404 702.762
7405.457 437.377
7406.510 408.115
7407.563 428.899
7408.616 405.954
7409.669 369.236
7410.722 388.682
7411.775 421.355
7412.828 463.964
7413.881 409.287
7414.934 428.923
7415.987 409.093
7417.040 461.855
7418.093 420.415
7419.146 363.784
7420.199 421.598
7421.252 399.439
7422.305 404.325
7423.358 446.713
7424.411 368.183
7425.464 434.146
7426.517 388.379
7427.570 444.805
7428.623 658.129
7429.676 803.866
7430.729 777.902
7431.782 535.916
7432.835 412.525
7433.888 380.154
7434.941 394.130
7435.994 420.936
7437.047 660.941
7438.100 1133.586
7439.153 1198.289
7440.206 776.848
7441.259 518.134
7442.312 385.872
7443.365 387.405
7444.418 385.648
7445.471 366.107
7446.524 387.124
7447.577 398.656
7448.630 393.231
7449.683 375.380
7450.736 362.546
7451.789 391.600
7452.842 393.011
7453.895 399.117
7454.948 401.388
7456.001 389.889
7457.054 406.281
7458.107 415.172
7459.160 418.252
7460.214 413.514
7461.267 424.319
7462.320 465.692
7463.373 495.264
7464.426 543.498
7465.479 528.594
7466.532 634.749
7467.585 714.572
7468.638 573.716
7469.691 445.242
7470.744 584.091
7471.797 739.928
7472.850 787.931
7473.903 969.599
7474.956 1033.993
7476.009 782.006
7477.062 528.923
7478.115 532.199
7479.168 552.627
7480.221 552.494
7481.274 552.366
7482.327 552.234
7483.380 552.108
7484.433 551.975
7485.486 551.839
