3561.035 3317.468
3562.213 3383.258
3563.392 2943.316
3564.571 3958.608
3565.750 2978.647
3566.929 3152.957
3568.108 3741.319
3569.286 3330.700
3570.465 2728.140
3571.644 3037.148
3572.823 3094.903
3574.002 2317.082
3575.180 3103.062
3576.359 3505.440
3577.538 2881.561
3578.717 2928.806
3579.896 3005.566
3581.075 2844.866
3582.253 3102.348
3583.432 3036.005
3584.611 2775.960
3585.790 2250.030
3586.969 2285.321
3588.147 3187.678
3589.326 2940.076
3590.505 3178.032
3591.684 2564.678
3592.863 2796.181
3594.042 2499.121
3595.220 2987.610
3596.399 2718.593
3597.578 2836.070
3598.757 2852.302
3599.936 3133.624
3601.114 3086.478
3602.293 2906.351
3603.472 2959.810
3604.651 2552.884
3605.830 3049.357
3607.009 3222.899
3608.187 2872.512
3609.366 3169.938
3610.545 3048.623
3611.724 2960.209
3612.903 2956.074
3614.081 3236.443
3615.260 3232.195
3616.439 4239.662
3617.618 3801.876
3618.797 2973.899
3619.976 3316.632
3621.154 3585.352
3622.333 3034.103
3623.512 3132.832
3624.691 3257.608
3625.870 3424.319
3627.048 3716.194
3628.227 3255.052
3629.406 3857.210
3630.585 3276.464
3631.764 3540.754
3632.943 3076.009
3634.121 3515.906
3635.300 3575.221
3636.479 4189.423
3637.658 3697.159
3638.837 3276.994
3640.015 3511.490
3641.194 3092.164
3642.373 3592.774
3643.552 3854.683
3644.731 3418.931
3645.910 3266.848
3647.088 3381.512
3648.267 3195.548
3649.446 3311.479
3650.625 3062.729
3651.804 3263.387
3652.982 2892.670
3654.161 2900.698
3655.340 3040.969
3656.519 2583.041
3657.698 2587.596
3658.877 2835.258
3660.055 2666.028
3661.234 3316.931
3662.413 3032.070
3663.592 2825.904
3664.771 2439.677
3665.949 2644.242
3667.128 3008.677
3668.307 2886.203
3669.486 2674.486
3670.665 3099.846
3671.844 3026.614
3673.022 2926.302
3674.201 2560.538
3675.380 2370.080
3676.559 2690.443
3677.738 2688.095
3678.916 2614.388
3680.095 2482.609
3681.274 2663.260
3682.453 2427.350
3683.632 2437.363
3684.811 2717.510
3685.989 2695.069
3687.168 2174.431
3688.347 2773.716
3689.526 2781.588
3690.705 2413.745
3691.883 2451.816
3693.062 2864.318
3694.241 2649.974
3695.420 2722.148
3696.599 1820.868
3697.777 2274.497
3698.956 3252.000
3700.135 3349.448
3701.314 2724.576
3702.493 2252.774
3703.672 2406.613
3704.850 2385.346
3706.029 3943.450
3707.208 3718.721
3708.387 2792.083
3709.566 2108.242
3710.744 1973.496
3711.923 1741.376
3713.102 3154.042
3714.281 3872.664
3715.460 2936.784
3716.639 2260.307
3717.817 1836.169
3718.996 1869.806
3720.175 2074.158
3721.354 1689.022
3722.533 2796.808
3723.711 4814.309
3724.890 4472.706
3726.069 5737.169
3727.248 16693.068
3728.427 29894.532
3729.606 33603.960
3730.784 39773.952
3731.963 34768.092
3733.142 12205.224
3734.321 2268.239
3735.500 3865.794
3736.678 4293.587
3737.857 3601.536
3739.036 2492.924
3740.215 2260.967
3741.394 2714.192
3742.573 2570.557
3743.751 2067.833
3744.930 2194.772
3746.109 2112.280
3747.288 2097.424
3748.467 1710.037
3749.645 2069.278
3750.824 3166.276
3752.003 4686.770
3753.182 4595.507
3754.361 3108.150
3755.540 1908.154
3756.718 1926.932
3757.897 2069.668
3759.076 1899.119
3760.255 1972.906
3761.434 1817.082
3762.612 2010.325
3763.791 2080.056
3764.970 1960.946
3766.149 2008.432
3767.328 2029.388
3768.507 2193.842
3769.685 1913.557
3770.864 2200.440
3772.043 4438.649
3773.222 5599.444
3774.401 3725.648
3775.579 1702.210
3776.758 1631.263
3777.937 1763.017
3779.116 1942.727
3780.295 1954.249
3781.474 2122.669
3782.652 2014.363
3783.831 1827.552
3785.010 1922.795
3786.189 1867.262
3787.368 1835.376
3788.546 1971.498
3789.725 1874.027
3790.904 1871.952
3792.083 2058.586
3793.262 2079.955
3794.441 1878.667
3795.619 2341.884
3796.798 1896.512
3797.977 2266.480
3799.156 4629.340
3800.335 6804.330
3801.513 4765.183
3802.692 2140.744
3803.871 1718.214
3805.050 1677.016
3806.229 1598.118
3807.408 1701.178
3808.586 1735.586
3809.765 1613.851
3810.944 1767.174
3812.123 1633.902
3813.302 1736.879
3814.480 1811.213
3815.659 1861.016
3816.838 1906.108
3818.017 1999.190
3819.196 1708.944
3820.375 1797.616
3821.553 2535.097
3822.732 2581.230
3823.911 1906.468
3825.090 1652.263
3826.269 1488.859
3827.447 1727.536
3828.626 1750.211
3829.805 1935.128
3830.984 1912.312
3832.163 1895.838
3833.342 1764.168
3834.520 1709.714
3835.699 2521.334
3836.878 6645.320
3838.057 8220.572
3839.236 4864.255
3840.414 1723.244
3841.593 1696.340
3842.772 1473.844
3843.951 1781.263
3845.130 1572.691
3846.309 1810.673
3847.487 1786.374
3848.666 1580.058
3849.845 1619.252
3851.024 1657.727
3852.203 1830.866
3853.381 1572.734
3854.560 1626.943
3855.739 1711.435
3856.918 1638.208
3858.097 1804.490
3859.275 1683.353
3860.454 1857.752
3861.633 1758.074
3862.812 1698.235
3863.991 1739.528
3865.170 1615.978
3866.348 1602.611
3867.527 1894.208
3868.706 3629.578
3869.885 21106.224
3871.064 35496.780
3872.242 27805.788
3873.421 6040.608
3874.600 1656.299
3875.779 1671.074
3876.958 1485.340
3878.137 1439.855
3879.315 1409.208
3880.494 1518.656
3881.673 1398.134
3882.852 1376.854
3884.031 1336.159
3885.209 1415.227
3886.388 1408.297
3887.567 1557.611
3888.746 2132.306
3889.925 9707.222
3891.104 17289.264
3892.282 14418.948
3893.461 4227.936
3894.640 1392.583
3895.819 1281.440
3896.998 1374.400
3898.176 1427.596
3899.355 1446.996
3900.534 1427.201
3901.713 1573.595
3902.892 1510.512
3904.071 1670.248
3905.249 1656.625
3906.428 1692.923
3907.607 1545.943
3908.786 1647.893
3909.965 1603.864
3911.143 1662.751
3912.322 1883.441
3913.501 1803.688
3914.680 1612.682
3915.859 1563.130
3917.038 1312.121
3918.216 1539.157
3919.395 1255.358
3920.574 1389.704
3921.753 1255.634
3922.932 1323.988
3924.110 1290.947
3925.289 1224.385
3926.468 1327.451
3927.647 1353.707
3928.826 1369.709
3930.005 1395.676
3931.183 1266.578
3932.362 1266.841
3933.541 1225.741
3934.720 1150.917
3935.899 1103.580
3937.077 1235.186
3938.256 1206.982
3939.435 1475.978
3940.614 1438.855
3941.793 1360.663
3942.972 1543.482
3944.150 1307.753
3945.329 1370.179
3946.508 1542.168
3947.687 1584.162
3948.866 1447.422
3950.044 1397.610
3951.223 1582.925
3952.402 1478.058
3953.581 1384.067
3954.760 1174.809
3955.939 1355.672
3957.117 1291.374
3958.296 1328.074
3959.475 1268.387
3960.654 1264.518
3961.833 1164.340
3963.011 1164.391
3964.190 1199.685
3965.369 1372.457
3966.548 1754.940
3967.727 2710.978
3968.906 7632.558
3970.084 10778.390
3971.263 12967.248
3972.442 13002.900
3973.621 9747.326
3974.800 2687.053
3975.978 1096.862
3977.157 1205.675
3978.336 1195.207
3979.515 1206.445
3980.694 1202.885
3981.873 1402.678
3983.051 1282.475
3984.230 1298.998
3985.409 1229.098
3986.588 1165.657
3987.767 1197.532
3988.945 1248.418
3990.124 1304.081
3991.303 1260.864
3992.482 1162.376
3993.661 1286.333
3994.840 1245.652
3996.018 1253.183
3997.197 1184.291
3998.376 1246.934
3999.555 1197.344
4000.734 1087.627
4001.912 1158.626
4003.091 1243.784
4004.270 1218.584
4005.449 1180.159
4006.628 1336.006
4007.807 1277.578
4008.985 1198.605
4010.164 1309.054
4011.343 1396.686
4012.522 1335.905
4013.701 1351.514
4014.879 1153.864
4016.058 1265.146
4017.237 1207.297
4018.416 1319.968
4019.595 1116.728
4020.773 1201.789
4021.952 1178.751
4023.131 1115.230
4024.310 1131.870
4025.489 1289.204
4026.668 1306.703
4027.846 2141.236
4029.025 2305.505
4030.204 1766.911
4031.383 1195.175
4032.562 1162.798
4033.740 1106.606
4034.919 1102.819
4036.098 1107.689
4037.277 1142.741
4038.456 1183.392
4039.635 1252.274
4040.813 1203.498
4041.992 1169.185
4043.171 1207.271
4044.350 1213.374
4045.529 1163.180
4046.707 1233.016
4047.886 1103.096
4049.065 1218.731
4050.244 1182.122
4051.423 1213.378
4052.602 1074.405
4053.780 1198.018
4054.959 1094.476
4056.138 1160.279
4057.317 1132.079
4058.496 1172.579
4059.674 1136.909
4060.853 1156.026
4062.032 1137.390
4063.211 1218.515
4064.390 1144.695
4065.569 1094.664
4066.747 1135.328
4067.926 1177.831
4069.105 1187.927
4070.284 1353.720
4071.463 1444.319
4072.641 1285.828
4073.820 1093.905
4074.999 1097.460
4076.178 1152.204
4077.357 1160.664
4078.536 1075.640
4079.714 1223.783
4080.893 1103.511
4082.072 1062.497
4083.251 1101.830
4084.430 1005.667
4085.608 1025.754
4086.787 1076.613
4087.966 1104.736
4089.145 1118.657
4090.324 973.641
4091.503 996.149
4092.681 972.127
4093.860 930.696
4095.039 975.369
4096.218 1007.074
4097.397 1010.374
4098.575 894.566
4099.754 920.041
4100.933 1169.380
4102.112 2911.002
4103.291 11678.501
4104.470 16213.572
4105.648 9763.948
4106.827 2004.480
4108.006 833.230
4109.185 908.020
4110.364 935.013
4111.542 1026.217
4112.721 885.379
4113.900 986.293
4115.079 952.029
4116.258 979.545
4117.437 1010.468
4118.615 1031.518
4119.794 954.419
4120.973 912.289
4122.152 1033.288
4123.331 1078.685
4124.509 1095.926
4125.688 1019.328
4126.867 1026.130
4128.046 1036.424
4129.225 1062.108
4130.404 1021.701
4131.582 942.766
4132.761 959.856
4133.940 978.474
4135.119 978.393
4136.298 988.215
4137.476 999.147
4138.655 923.653
4139.834 975.634
4141.013 937.895
4142.192 937.953
4143.371 912.364
4144.549 946.580
4145.728 1063.322
4146.907 1074.754
4148.086 902.388
4149.265 875.022
4150.443 974.635
4151.622 947.341
4152.801 892.635
4153.980 1048.299
4155.159 922.881
4156.338 1000.651
4157.516 960.862
4158.695 930.760
4159.874 942.699
4161.053 971.417
4162.232 955.079
4163.410 950.061
4164.589 965.582
4165.768 967.255
4166.947 1009.651
4168.126 1031.352
4169.305 1037.172
4170.483 969.801
4171.662 1041.331
4172.841 975.436
4174.020 907.146
4175.199 865.099
4176.377 877.570
4177.556 879.735
4178.735 928.641
4179.914 961.421
4181.093 877.443
4182.271 926.060
4183.450 914.516
4184.629 902.053
4185.808 954.312
4186.987 813.311
4188.166 824.940
4189.344 774.256
4190.523 845.806
4191.702 852.064
4192.881 871.215
4194.060 857.142
4195.238 840.950
4196.417 872.199
4197.596 824.794
4198.775 822.929
4199.954 758.618
4201.133 827.435
4202.311 810.591
4203.490 831.378
4204.669 768.107
4205.848 779.076
4207.027 844.506
4208.205 859.153
4209.384 866.906
4210.563 807.880
4211.742 787.068
4212.921 810.497
4214.100 849.240
4215.278 840.680
4216.457 779.593
4217.636 839.632
4218.815 815.283
4219.994 808.594
4221.172 850.749
4222.351 829.002
4223.530 813.132
4224.709 757.585
4225.888 700.152
4227.067 780.714
4228.245 765.433
4229.424 792.977
4230.603 741.887
4231.782 708.962
4232.961 779.062
4234.139 752.605
4235.318 801.552
4236.497 714.891
4237.676 787.413
4238.855 772.716
4240.034 812.330
4241.212 779.869
4242.391 837.777
4243.570 710.842
4244.749 783.580
4245.928 839.681
4247.106 818.316
4248.285 764.745
4249.464 787.302
4250.643 736.704
4251.822 796.222
4253.001 799.191
4254.179 762.535
4255.358 765.525
4256.537 782.478
4257.716 789.864
4258.895 774.631
4260.073 797.798
4261.252 730.507
4262.431 741.743
4263.610 768.364
4264.789 827.947
4265.968 835.824
4267.146 744.108
4268.325 726.585
4269.504 773.714
4270.683 760.337
4271.862 755.888
4273.040 759.522
4274.219 729.513
4275.398 750.123
4276.577 779.911
4277.756 772.881
4278.935 751.570
4280.113 707.344
4281.292 773.751
4282.471 714.863
4283.650 729.837
4284.829 735.073
4286.007 736.156
4287.186 700.736
4288.365 657.433
4289.544 738.100
4290.723 697.294
4291.902 665.114
4293.080 661.376
4294.259 728.776
4295.438 721.507
4296.617 683.813
4297.796 655.974
4298.974 660.028
4300.153 608.060
4301.332 653.738
4302.511 646.558
4303.690 672.303
4304.869 761.901
4306.047 743.966
4307.226 679.153
4308.405 678.562
4309.584 668.480
4310.763 636.226
4311.941 724.930
4313.120 716.814
4314.299 667.022
4315.478 685.782
4316.657 684.777
4317.836 757.122
4319.014 737.731
4320.193 741.768
4321.372 772.024
4322.551 725.370
4323.730 601.404
4324.908 656.018
4326.087 684.199
4327.266 717.234
4328.445 708.318
4329.624 672.510
4330.803 664.291
4331.981 671.513
4333.160 711.630
4334.339 669.107
4335.518 716.822
4336.697 653.995
4337.875 638.570
4339.054 753.737
4340.233 893.233
4341.412 6809.970
4342.591 18714.504
4343.769 19269.936
4344.948 8819.825
4346.127 408.270
4347.306 868.292
4348.485 624.205
4349.664 675.410
4350.842 685.824
4352.021 647.995
4353.200 636.505
4354.379 622.364
4355.558 648.297
4356.736 664.095
4357.915 624.475
4359.094 642.811
4360.273 639.766
4361.452 662.554
4362.631 632.875
4363.809 1121.055
4364.988 2845.872
4366.167 3671.395
4367.346 2293.079
4368.525 942.131
4369.703 685.419
4370.882 675.333
4372.061 560.551
4373.240 579.367
4374.419 646.338
4375.598 607.742
4376.776 650.988
4377.955 687.613
4379.134 676.487
4380.313 604.897
4381.492 634.171
4382.670 614.818
4383.849 598.582
4385.028 580.306
4386.207 613.682
4387.386 637.072
4388.565 666.481
4389.743 752.006
4390.922 788.694
4392.101 709.200
4393.280 654.552
4394.459 636.308
4395.637 614.837
4396.816 617.401
4397.995 599.701
4399.174 588.490
4400.353 569.086
4401.532 595.305
4402.710 630.333
4403.889 671.390
4405.068 610.122
4406.247 668.330
4407.426 610.491
4408.604 662.010
4409.783 654.613
4410.962 653.135
4412.141 654.653
4413.320 679.873
4414.499 654.903
4415.677 700.727
4416.856 692.806
4418.035 657.016
4419.214 646.290
4420.393 642.864
4421.571 619.977
4422.750 654.253
4423.929 633.365
4425.108 624.721
4426.287 641.297
4427.466 604.745
4428.644 641.606
4429.823 596.181
4431.002 616.879
4432.181 644.257
4433.360 610.991
4434.538 581.138
4435.717 621.555
4436.896 602.121
4438.075 640.364
4439.254 628.567
4440.433 629.687
4441.611 505.728
4442.790 605.483
4443.969 571.976
4445.148 623.747
4446.327 597.022
4447.505 579.693
4448.684 565.803
4449.863 567.690
4451.042 579.963
4452.221 515.360
4453.400 621.207
4454.578 567.984
4455.757 608.617
4456.936 559.102
4458.115 564.261
4459.294 589.150
4460.472 622.141
4461.651 566.836
4462.830 556.350
4464.009 590.075
4465.188 608.784
4466.367 595.198
4467.545 577.705
4468.724 550.117
4469.903 551.231
4471.082 534.521
4472.261 823.896
4473.439 1838.617
4474.618 2053.133
4475.797 1424.536
4476.976 658.785
4478.155 576.682
4479.334 578.421
4480.512 553.253
4481.691 578.253
4482.870 549.938
4484.049 552.746
4485.228 593.644
4486.406 593.805
4487.585 592.088
4488.764 563.583
4489.943 609.759
4491.122 580.903
4492.301 560.376
4493.479 576.187
4494.658 536.659
4495.837 557.737
4497.016 538.001
4498.195 607.370
4499.373 600.527
4500.552 543.569
4501.731 560.187
4502.910 576.123
4504.089 572.153
4505.267 540.702
4506.446 561.241
4507.625 583.695
4508.804 566.792
4509.983 556.727
4511.162 610.932
4512.340 557.190
4513.519 615.569
4514.698 553.969
4515.877 557.644
4517.056 536.187
4518.234 523.552
4519.413 534.232
4520.592 601.029
4521.771 564.897
4522.950 592.090
4524.129 572.722
4525.307 547.252
4526.486 566.834
4527.665 584.610
4528.844 563.061
4530.023 579.267
4531.201 583.715
4532.380 582.501
4533.559 600.876
4534.738 564.954
4535.917 596.349
4537.096 590.098
4538.274 627.307
4539.453 573.349
4540.632 525.919
4541.811 576.318
4542.990 513.611
4544.168 583.260
4545.347 610.191
4546.526 561.510
4547.705 546.015
4548.884 543.215
4550.063 582.478
4551.241 543.869
4552.420 599.544
4553.599 559.996
4554.778 559.594
4555.957 528.784
4557.135 531.178
4558.314 552.452
4559.493 567.438
4560.672 543.946
4561.851 539.200
4563.030 558.938
4564.208 625.442
4565.387 617.316
4566.566 556.647
4567.745 547.538
4568.924 589.933
4570.102 561.635
4571.281 544.959
4572.460 543.031
4573.639 531.340
4574.818 558.609
4575.997 549.022
4577.175 572.469
4578.354 563.199
4579.533 571.135
4580.712 557.901
4581.891 502.457
4583.069 560.549
4584.248 567.178
4585.427 547.621
4586.606 555.928
4587.785 549.414
4588.964 590.096
4590.142 572.650
4591.321 543.960
4592.500 561.526
4593.679 564.308
4594.858 556.606
4596.036 558.454
4597.215 537.868
4598.394 514.760
4599.573 546.618
4600.752 569.243
4601.931 544.454
4603.109 571.206
4604.288 553.205
4605.467 499.120
4606.646 495.241
4607.825 545.424
4609.003 579.058
4610.182 561.981
4611.361 550.403
4612.540 555.260
4613.719 545.728
4614.898 511.818
4616.076 543.673
4617.255 522.712
4618.434 505.539
4619.613 531.203
4620.792 546.189
4621.970 551.690
4623.149 545.703
4624.328 561.876
4625.507 541.945
4626.686 552.349
4627.865 539.237
4629.043 535.636
4630.222 549.506
4631.401 562.535
4632.580 569.734
4633.759 514.868
4634.937 543.593
4636.116 611.681
4637.295 583.859
4638.474 544.383
4639.653 532.941
4640.832 577.200
4642.010 541.445
4643.189 552.657
4644.368 558.087
4645.547 564.855
4646.726 554.329
4647.904 479.446
4649.083 514.864
4650.262 543.586
4651.441 534.105
4652.620 560.608
4653.799 580.583
4654.977 563.308
4656.156 571.558
4657.335 532.978
4658.514 545.611
4659.693 618.039
4660.871 569.746
4662.050 619.760
4663.229 586.247
4664.408 577.794
4665.587 561.764
4666.765 520.342
4667.944 533.100
4669.123 552.811
4670.302 520.747
4671.481 543.817
4672.660 629.650
4673.838 577.241
4675.017 539.390
4676.196 595.340
4677.375 557.965
4678.554 535.786
4679.732 566.661
4680.911 567.428
4682.090 529.505
4683.269 510.486
4684.448 514.815
4685.627 562.424
4686.805 566.850
4687.984 554.094
4689.163 550.254
4690.342 513.949
4691.521 550.302
4692.699 546.551
4693.878 550.937
4695.057 542.768
4696.236 550.210
4697.415 550.855
4698.594 514.662
4699.772 511.241
4700.951 533.959
4702.130 560.088
4703.309 552.731
4704.488 541.758
4705.666 527.964
4706.845 526.655
4708.024 550.570
4709.203 545.480
4710.382 551.669
4711.561 579.342
4712.739 624.705
4713.918 771.909
4715.097 816.079
4716.276 789.135
4717.455 651.905
4718.633 545.038
4719.812 585.897
4720.991 544.038
4722.170 524.352
4723.349 511.864
4724.528 531.259
4725.706 553.597
4726.885 496.796
4728.064 526.029
4729.243 508.314
4730.422 512.966
4731.600 535.621
4732.779 546.101
4733.958 550.709
4735.137 558.046
4736.316 570.090
4737.495 536.479
4738.673 552.903
4739.852 513.485
4741.031 539.757
4742.210 601.994
4743.389 734.680
4744.567 672.094
4745.746 538.474
4746.925 534.471
4748.104 499.216
4749.283 504.293
4750.462 517.453
4751.640 517.876
4752.819 518.887
4753.998 526.114
4755.177 506.032
4756.356 500.416
4757.534 521.084
4758.713 524.198
4759.892 553.822
4761.071 528.610
4762.250 516.552
4763.429 533.494
4764.607 516.202
4765.786 501.949
4766.965 498.488
4768.144 513.102
4769.323 498.526
4770.501 523.101
4771.680 534.212
4772.859 556.740
4774.038 545.002
4775.217 550.883
4776.396 529.190
4777.574 542.651
4778.753 541.623
4779.932 515.274
4781.111 487.438
4782.290 597.311
4783.468 665.115
4784.647 626.717
4785.826 533.074
4787.005 531.894
4788.184 533.369
4789.363 468.792
4790.541 524.805
4791.720 550.243
4792.899 513.961
4794.078 512.106
4795.257 514.922
4796.435 533.149
4797.614 521.624
4798.793 505.476
4799.972 527.805
4801.151 489.454
4802.330 523.751
4803.508 528.030
4804.687 506.028
4805.866 547.057
4807.045 543.812
4808.224 518.112
4809.402 552.804
4810.581 535.168
4811.760 518.832
4812.939 545.650
4814.118 511.318
4815.296 545.463
4816.475 526.366
4817.654 559.089
4818.833 577.284
4820.012 546.086
4821.191 550.852
4822.369 554.671
4823.548 564.688
4824.727 555.294
4825.906 519.627
4827.085 576.681
4828.263 544.012
4829.442 569.004
4830.621 559.400
4831.800 536.267
4832.979 564.386
4834.158 552.426
4835.336 558.401
4836.515 571.072
4837.694 554.312
4838.873 541.499
4840.052 505.159
4841.230 528.045
4842.409 555.514
4843.588 536.667
4844.767 518.631
4845.946 537.112
4847.125 505.680
4848.303 529.010
4849.482 505.119
4850.661 505.601
4851.840 554.885
4853.019 539.576
4854.197 531.312
4855.376 529.730
4856.555 504.620
4857.734 520.157
4858.913 455.244
4860.092 717.698
4861.270 309.200
4862.449 11097.823
4863.628 34715.136
4864.807 36486.108
4865.986 17451.060
4867.164 304.338
4868.343 798.184
4869.522 465.288
4870.701 572.636
4871.880 490.554
4873.059 512.230
4874.237 479.137
4875.416 504.758
4876.595 505.585
4877.774 516.369
4878.953 536.015
4880.131 536.907
4881.310 517.873
4882.489 517.297
4883.668 517.774
4884.847 526.539
4886.026 511.059
4887.204 516.810
4888.383 495.171
4889.562 533.529
4890.741 529.983
4891.920 501.041
4893.098 518.583
4894.277 476.399
4895.456 472.780
4896.635 513.922
4897.814 547.476
4898.993 529.885
4900.171 507.018
4901.350 545.292
4902.529 529.396
4903.708 531.788
4904.887 538.097
4906.065 522.114
4907.244 517.057
4908.423 505.020
4909.602 518.140
4910.781 542.054
4911.960 501.631
4913.138 514.633
4914.317 496.786
4915.496 538.901
4916.675 532.587
4917.854 517.599
4919.032 514.211
4920.211 480.138
4921.390 492.598
4922.569 493.178
4923.748 780.303
4924.927 977.532
4926.105 818.286
4927.284 582.536
4928.463 507.236
4929.642 521.564
4930.821 527.636
4931.999 525.223
4933.178 563.714
4934.357 559.029
4935.536 528.054
4936.715 508.686
4937.894 538.976
4939.072 546.415
4940.251 489.604
4941.430 515.640
4942.609 553.003
4943.788 501.886
4944.966 508.940
4946.145 549.193
4947.324 552.421
4948.503 554.192
4949.682 551.592
4950.861 527.957
4952.039 553.213
4953.218 556.616
4954.397 581.840
4955.576 541.178
4956.755 555.590
4957.933 746.548
4959.112 823.529
4960.291 26499.504
4961.470 65981.484
4962.649 67661.244
4963.828 20538.048
4965.006 496.811
4966.185 780.886
4967.364 584.539
4968.543 697.538
4969.722 632.394
4970.900 593.465
4972.079 585.245
4973.258 565.887
4974.437 581.694
4975.616 578.129
4976.794 593.296
4977.973 570.640
4979.152 566.522
4980.331 588.044
4981.510 539.287
4982.689 538.953
4983.867 541.923
4985.046 539.931
4986.225 571.802
4987.404 567.656
4988.583 616.650
4989.761 633.867
4990.940 581.274
4992.119 577.906
4993.298 536.081
4994.477 568.221
4995.656 549.888
4996.834 613.988
4998.013 589.724
4999.192 637.450
5000.371 595.671
5001.550 619.871
5002.728 631.309
5003.907 639.742
5005.086 767.699
5006.265 776.581
5007.444 10172.515
5008.623 118687.704
5009.801 220932.480
5010.980 151561.080
5012.159 33783.540
5013.338 -2442.281
5014.517 1683.940
5015.695 395.165
5016.874 903.691
5018.053 1300.895
5019.232 1318.661
5020.411 941.809
5021.590 593.672
5022.768 616.714
5023.947 592.719
5025.126 582.544
5026.305 545.821
5027.484 526.904
5028.662 507.679
5029.841 578.795
5031.020 540.047
5032.199 525.297
5033.378 561.405
5034.557 487.787
5035.735 505.097
5036.914 524.907
5038.093 520.250
5039.272 526.029
5040.451 506.443
5041.629 501.479
5042.808 531.220
5043.987 517.996
5045.166 493.119
5046.345 502.755
5047.524 516.645
5048.702 523.696
5049.881 544.314
5051.060 546.121
5052.239 515.959
5053.418 503.940
5054.596 493.452
5055.775 493.392
5056.954 449.076
5058.133 466.015
5059.312 474.201
5060.491 476.679
5061.669 490.591
5062.848 491.756
5064.027 485.796
5065.206 495.071
5066.385 450.214
5067.563 470.160
5068.742 464.676
5069.921 446.375
5071.100 459.728
5072.279 506.498
5073.458 480.899
5074.636 469.171
5075.815 478.453
5076.994 458.679
5078.173 463.084
5079.352 451.160
5080.530 450.674
5081.709 451.569
5082.888 445.666
5084.067 456.444
5085.246 451.868
5086.425 449.361
5087.603 486.101
5088.782 487.509
5089.961 461.221
5091.140 483.786
5092.319 504.566
5093.497 479.653
5094.676 488.300
5095.855 427.907
5097.034 456.454
5098.213 459.707
5099.392 446.374
5100.570 448.876
5101.749 451.221
5102.928 449.243
5104.107 455.151
5105.286 456.835
5106.464 460.996
5107.643 465.227
5108.822 457.189
5110.001 455.745
5111.180 435.015
5112.359 418.669
5113.537 411.939
5114.716 447.738
5115.895 424.938
5117.074 441.364
5118.253 503.649
5119.431 463.070
5120.610 419.683
5121.789 449.160
5122.968 426.444
5124.147 390.687
5125.326 405.812
5126.504 421.178
5127.683 461.730
5128.862 426.686
5130.041 424.715
5131.220 443.657
5132.398 450.875
5133.577 461.848
5134.756 457.520
5135.935 460.329
5137.114 451.498
5138.292 420.438
5139.471 409.936
5140.650 423.370
5141.829 451.270
5143.008 398.012
5144.187 400.340
5145.365 451.942
5146.544 461.649
5147.723 446.151
5148.902 427.782
5150.081 423.746
5151.259 425.539
5152.438 443.106
5153.617 434.706
5154.796 471.363
5155.975 411.853
5157.154 431.481
5158.332 472.720
5159.511 453.832
5160.690 425.163
5161.869 426.558
5163.048 449.164
5164.226 435.081
5165.405 410.876
5166.584 400.189
5167.763 402.304
5168.942 404.605
5170.121 374.781
5171.299 438.525
5172.478 369.476
5173.657 407.034
5174.836 402.038
5176.015 387.331
5177.193 408.037
5178.372 437.608
5179.551 430.383
5180.730 427.295
5181.909 427.210
5183.088 413.708
5184.266 392.351
5185.445 377.139
5186.624 446.006
5187.803 466.005
5188.982 467.115
5190.160 456.180
5191.339 416.914
5192.518 427.211
5193.697 456.612
5194.876 433.013
5196.055 533.573
5197.233 802.426
5198.412 918.843
5199.591 948.586
5200.770 725.551
5201.949 669.124
5203.127 495.828
5204.306 434.725
5205.485 430.257
5206.664 395.260
5207.843 372.715
5209.022 404.457
5210.200 404.412
5211.379 391.933
5212.558 450.800
5213.737 451.729
5214.916 440.939
5216.094 400.468
5217.273 393.681
5218.452 420.609
5219.631 389.797
5220.810 396.911
5221.989 433.121
5223.167 440.322
5224.346 483.139
5225.525 477.536
5226.704 408.619
5227.883 378.445
5229.061 405.225
5230.240 415.967
5231.419 422.453
5232.598 414.167
5233.777 392.999
5234.956 433.468
5236.134 409.850
5237.313 451.094
5238.492 436.127
5239.671 477.921
5240.850 438.667
5242.028 395.775
5243.207 402.710
5244.386 406.284
5245.565 403.326
5246.744 399.968
5247.923 403.710
5249.101 400.170
5250.280 421.493
5251.459 419.822
5252.638 396.497
5253.817 412.657
5254.995 414.961
5256.174 415.865
5257.353 439.575
5258.532 438.308
5259.711 406.501
5260.890 412.829
5262.068 404.947
5263.247 428.427
5264.426 374.626
5265.605 357.066
5266.784 396.695
5267.962 362.441
5269.141 368.416
5270.320 400.353
5271.499 375.492
5272.678 414.096
5273.857 437.935
5275.035 425.557
5276.214 450.749
5277.393 407.631
5278.572 418.034
5279.751 399.187
5280.929 395.150
5282.108 386.472
5283.287 378.143
5284.466 401.324
5285.645 391.036
5286.824 355.834
5288.002 392.095
5289.181 404.531
5290.360 398.803
5291.539 398.416
5292.718 414.637
5293.896 383.265
5295.075 409.194
5296.254 431.041
5297.433 381.317
5298.612 415.039
5299.790 432.063
5300.969 400.825
5302.148 403.059
5303.327 407.879
5304.506 401.416
5305.685 403.244
5306.863 394.430
5308.042 398.414
5309.221 375.738
5310.400 377.502
5311.579 403.572
5312.757 419.651
5313.936 435.686
5315.115 396.210
5316.294 385.623
5317.473 386.953
5318.652 403.819
5319.830 391.663
5321.009 380.507
5322.188 400.101
5323.367 388.168
5324.546 396.533
5325.724 398.139
5326.903 381.143
5328.082 410.295
5329.261 459.321
5330.440 522.126
5331.619 518.444
5332.797 408.227
5333.976 396.532
5335.155 443.427
5336.334 409.901
5337.513 374.762
5338.691 393.081
5339.870 372.358
5341.049 406.862
5342.228 414.889
5343.407 384.276
5344.586 388.432
5345.764 402.291
5346.943 401.313
5348.122 371.460
5349.301 371.567
5350.480 394.732
5351.658 397.147
5352.837 396.667
5354.016 391.326
5355.195 421.019
5356.374 367.077
5357.553 375.665
5358.731 399.960
5359.910 376.530
5361.089 363.570
5362.268 367.021
5363.447 369.243
5364.625 385.333
5365.804 387.331
5366.983 374.683
5368.162 367.872
5369.341 343.801
5370.520 358.010
5371.698 396.911
5372.877 365.476
5374.056 362.438
5375.235 359.612
5376.414 355.886
5377.592 358.107
5378.771 384.539
5379.950 367.955
5381.129 417.755
5382.308 376.475
5383.487 356.615
5384.665 379.600
5385.844 355.180
5387.023 344.489
5388.202 337.564
5389.381 351.020
5390.559 362.430
5391.738 367.663
5392.917 361.882
5394.096 354.120
5395.275 380.041
5396.454 375.596
5397.632 345.188
5398.811 327.940
5399.990 353.076
5401.169 345.507
5402.348 324.907
5403.526 371.319
5404.705 352.036
5405.884 358.484
5407.063 344.731
5408.242 351.420
5409.421 354.984
5410.599 337.485
5411.778 347.057
5412.957 372.222
5414.136 368.707
5415.315 348.040
5416.493 353.941
5417.672 364.396
5418.851 358.692
5420.030 370.462
5421.209 354.230
5422.388 353.294
5423.566 342.360
5424.745 335.838
5425.924 340.885
5427.103 345.797
5428.282 351.178
5429.460 352.791
5430.639 341.051
5431.818 329.117
5432.997 330.453
5434.176 338.308
5435.355 356.341
5436.533 383.301
5437.712 368.183
5438.891 332.434
5440.070 338.381
5441.249 340.575
5442.427 315.974
5443.606 341.536
5444.785 343.584
5445.964 320.725
5447.143 325.252
5448.322 355.755
5449.500 333.829
5450.679 328.364
5451.858 335.421
5453.037 331.932
5454.216 343.376
5455.394 356.457
5456.573 343.033
5457.752 344.197
5458.931 364.666
5460.110 371.541
5461.288 356.322
5462.467 339.183
5463.646 350.025
5464.825 350.550
5466.004 331.268
5467.183 328.318
5468.361 363.386
5469.540 319.063
5470.719 331.300
5471.898 358.797
5473.077 331.716
5474.255 339.382
5475.434 334.979
5476.613 334.054
5477.792 342.035
5478.971 322.274
5480.150 331.071
5481.328 343.951
5482.507 329.959
5483.686 339.607
5484.865 341.010
5486.044 303.781
5487.222 314.462
5488.401 337.131
5489.580 330.776
5490.759 342.883
5491.938 305.028
5493.117 332.709
5494.295 297.090
5495.474 343.215
5496.653 313.159
5497.832 347.404
5499.011 344.248
5500.189 333.802
5501.368 336.624
5502.547 347.164
5503.726 333.053
5504.905 337.863
5506.084 337.429
5507.262 295.861
5508.441 338.454
5509.620 366.628
5510.799 340.445
5511.978 332.783
5513.156 327.864
5514.335 337.195
5515.514 328.140
5516.693 353.027
5517.872 355.191
5519.051 323.710
5520.229 408.421
5521.408 444.166
5522.587 373.701
5523.766 333.676
5524.945 314.136
5526.123 310.929
5527.302 323.579
5528.481 330.000
5529.660 334.011
5530.839 292.114
5532.018 315.149
5533.196 311.544
5534.375 322.305
5535.554 322.134
5536.733 280.420
5537.912 292.035
5539.090 375.319
5540.269 370.086
5541.448 379.550
5542.627 341.442
5543.806 368.487
5544.985 360.666
5546.163 333.768
5547.342 351.121
5548.521 329.159
5549.700 306.522
5550.879 319.351
5552.057 359.393
5553.236 348.973
5554.415 319.743
5555.594 334.363
5556.773 341.685
5557.952 326.631
5559.130 323.004
5560.309 301.409
5561.488 316.274
5562.667 358.343
5563.846 387.470
5565.024 383.565
5566.203 338.339
5567.382 317.832
5568.561 335.629
5569.740 349.717
5570.919 348.692
5572.097 318.823
5573.276 305.648
5574.455 369.211
5575.634 2656.900
5576.813 9618.161
5577.991 11040.656
5579.170 5522.156
5580.349 929.312
5581.528 282.546
5582.707 350.744
5583.886 284.975
5585.064 308.911
5586.243 315.135
5587.422 352.578
5588.601 371.883
5589.780 368.963
5590.958 365.333
5592.137 319.302
5593.316 299.429
5594.495 300.359
5595.674 333.263
5596.853 339.768
5598.031 333.095
5599.210 357.797
5600.389 356.086
5601.568 339.598
5602.747 324.578
5603.925 362.848
5605.104 380.601
5606.283 363.328
5607.462 336.147
5608.641 337.969
5609.820 329.576
5610.998 323.241
5612.177 330.251
5613.356 311.059
5614.535 318.735
5615.714 316.683
5616.892 306.318
5618.071 347.837
5619.250 322.475
5620.429 334.979
5621.608 333.599
5622.786 345.035
5623.965 348.024
5625.144 344.789
5626.323 317.770
5627.502 295.033
5628.681 309.285
5629.859 309.555
5631.038 315.237
5632.217 326.345
5633.396 310.385
5634.575 328.302
5635.753 324.891
5636.932 328.383
5638.111 333.046
5639.290 304.865
5640.469 322.234
5641.648 308.748
5642.826 302.752
5644.005 324.586
5645.184 339.490
5646.363 321.773
5647.542 328.664
5648.720 336.063
5649.899 324.431
5651.078 336.358
5652.257 347.375
5653.436 345.587
5654.615 340.597
5655.793 310.891
5656.972 311.170
5658.151 311.059
5659.330 306.170
5660.509 306.419
5661.687 304.779
5662.866 296.182
5664.045 315.473
5665.224 311.415
5666.403 324.514
5667.582 345.465
5668.760 319.631
5669.939 314.235
5671.118 314.307
5672.297 294.351
5673.476 305.395
5674.654 314.432
5675.833 330.053
5677.012 314.509
5678.191 308.686
5679.370 345.694
5680.549 312.461
5681.727 316.487
5682.906 325.072
5684.085 329.560
5685.264 331.799
5686.443 306.680
5687.621 301.098
5688.800 320.869
5689.979 325.805
5691.158 321.615
5692.337 323.529
5693.516 316.838
5694.694 307.558
5695.873 309.401
5697.052 304.210
5698.231 317.003
5699.410 323.855
5700.588 313.600
5701.767 329.616
5702.946 312.421
5704.125 312.029
5705.304 295.690
5706.483 298.651
5707.661 311.577
5708.840 323.195
5710.019 319.735
5711.198 313.621
5712.377 323.688
5713.555 318.296
5714.734 326.680
5715.913 344.744
5717.092 306.068
5718.271 329.696
5719.450 333.424
5720.628 309.712
5721.807 302.027
5722.986 301.180
5724.165 323.380
5725.344 313.514
5726.522 316.104
5727.701 309.630
5728.880 309.059
5730.059 325.693
5731.238 318.094
5732.417 322.033
5733.595 328.025
5734.774 308.175
5735.953 317.672
5737.132 294.021
5738.311 303.320
5739.489 330.520
5740.668 314.802
5741.847 327.511
5743.026 343.102
5744.205 320.670
5745.384 303.736
5746.562 321.178
5747.741 307.020
5748.920 283.123
5750.099 308.541
5751.278 314.194
5752.456 283.929
5753.635 288.802
5754.814 316.305
5755.993 327.845
5757.172 328.314
5758.351 313.866
5759.529 321.722
5760.708 304.879
5761.887 307.739
5763.066 308.534
5764.245 306.488
5765.423 325.567
5766.602 325.396
5767.781 310.322
5768.960 316.491
5770.139 303.986
5771.318 281.564
5772.496 302.168
5773.675 306.150
5774.854 299.254
5776.033 290.322
5777.212 282.643
5778.390 299.400
5779.569 292.762
5780.748 280.667
5781.927 305.963
5783.106 283.546
5784.284 296.942
5785.463 310.556
5786.642 276.195
5787.821 293.072
5789.000 323.296
5790.179 317.894
5791.357 314.994
5792.536 276.678
5793.715 272.943
5794.894 288.614
5796.073 308.950
5797.251 303.430
5798.430 296.449
5799.609 307.503
5800.788 311.757
5801.967 295.101
5803.146 304.730
5804.324 301.759
5805.503 303.391
5806.682 326.832
5807.861 340.463
5809.040 319.809
5810.218 294.986
5811.397 306.703
5812.576 310.091
5813.755 302.096
5814.934 278.070
5816.113 300.221
5817.291 296.018
5818.470 318.577
5819.649 312.288
5820.828 288.850
5822.007 307.407
5823.185 326.530
5824.364 306.894
5825.543 304.989
5826.722 306.152
5827.901 300.927
5829.080 316.676
5830.258 306.690
5831.437 304.517
5832.616 292.950
5833.795 320.081
5834.974 319.742
5836.152 314.082
5837.331 302.763
5838.510 312.171
5839.689 299.887
5840.868 319.752
5842.047 311.349
5843.225 277.735
5844.404 293.926
5845.583 306.028
5846.762 303.346
5847.941 310.930
5849.119 300.671
5850.298 291.663
5851.477 299.361
5852.656 300.360
5853.835 277.311
5855.014 311.842
5856.192 318.357
5857.371 306.654
5858.550 283.541
5859.729 318.533
5860.908 308.528
5862.086 290.687
5863.265 320.547
5864.444 340.775
5865.623 379.687
5866.802 433.042
5867.981 431.332
5869.159 393.114
5870.338 339.431
5871.517 309.008
5872.696 327.263
5873.875 317.382
5875.053 324.045
5876.232 331.158
5877.411 1392.682
5878.590 2715.866
5879.769 2892.566
5880.948 1584.638
5882.126 467.413
5883.305 320.214
5884.484 290.391
5885.663 317.263
5886.842 399.576
5888.020 671.093
5889.199 1303.732
5890.378 1438.219
5891.557 961.571
5892.736 487.775
5893.915 463.853
5895.093 820.673
5896.272 1033.679
5897.451 742.004
5898.630 413.960
5899.809 340.725
5900.987 321.618
5902.166 309.137
5903.345 325.652
5904.524 316.342
5905.703 327.139
5906.882 358.733
5908.060 343.586
5909.239 285.313
5910.418 307.908
5911.597 319.600
5912.776 312.666
5913.954 365.503
5915.133 419.268
5916.312 422.172
5917.491 360.979
5918.670 316.156
5919.849 304.374
5921.027 293.878
5922.206 298.288
5923.385 317.718
5924.564 344.806
5925.743 331.578
5926.921 320.555
5928.100 311.910
5929.279 295.999
5930.458 287.291
5931.637 349.307
5932.815 456.213
5933.994 450.588
5935.173 341.553
5936.352 291.568
5937.531 307.949
5938.710 313.809
5939.888 307.533
5941.067 290.255
5942.246 297.442
5943.425 289.546
5944.604 297.560
5945.782 346.332
5946.961 335.708
5948.140 321.038
5949.319 301.795
5950.498 277.494
5951.677 301.998
5952.855 372.107
5954.034 407.661
5955.213 374.997
5956.392 321.034
5957.571 289.741
5958.749 310.076
5959.928 308.710
5961.107 289.454
5962.286 299.006
5963.465 294.928
5964.644 274.345
5965.822 272.100
5967.001 291.600
5968.180 303.023
5969.359 309.122
5970.538 314.508
5971.716 313.008
5972.895 312.942
5974.074 312.876
