3561.035 2581.295
3562.213 2622.561
3563.392 2136.667
3564.571 2410.859
3565.750 2668.786
3566.929 1992.475
3568.108 2394.344
3569.286 2589.555
3570.465 2221.820
3571.644 2417.856
3572.823 2471.183
3574.002 2074.335
3575.180 2344.204
3576.359 2636.993
3577.538 2163.586
3578.717 2414.370
3579.896 2758.004
3581.075 2237.952
3582.253 2580.174
3583.432 2124.339
3584.611 2196.224
3585.790 1828.702
3586.969 2046.604
3588.147 2353.166
3589.326 2441.030
3590.505 3185.135
3591.684 2186.275
3592.863 2432.452
3594.042 2620.392
3595.220 2475.958
3596.399 2187.922
3597.578 2138.158
3598.757 2306.848
3599.936 2600.634
3601.114 2623.493
3602.293 2571.680
3603.472 2561.653
3604.651 2416.479
3605.830 2506.356
3607.009 2620.660
3608.187 2570.617
3609.366 2347.569
3610.545 2279.494
3611.724 2566.485
3612.903 2689.131
3614.081 2429.766
3615.260 2969.907
3616.439 3439.949
3617.618 3133.013
3618.797 2717.744
3619.976 2731.590
3621.154 2687.211
3622.333 3012.496
3623.512 2517.170
3624.691 2478.029
3625.870 2765.170
3627.048 2868.375
3628.227 2378.985
3629.406 2732.110
3630.585 2999.963
3631.764 3073.352
3632.943 2946.708
3634.121 3152.909
3635.300 3217.550
3636.479 3466.610
3637.658 3097.242
3638.837 2701.524
3640.015 3042.661
3641.194 2870.795
3642.373 2667.367
3643.552 2656.543
3644.731 3256.550
3645.910 3063.927
3647.088 2969.448
3648.267 2420.954
3649.446 2795.546
3650.625 2270.185
3651.804 2371.713
3652.982 2138.732
3654.161 2004.308
3655.340 2479.305
3656.519 2393.830
3657.698 2370.640
3658.877 2459.538
3660.055 2442.226
3661.234 2221.555
3662.413 2133.416
3663.592 2231.247
3664.771 2006.705
3665.949 1851.588
3667.128 2290.327
3668.307 2033.114
3669.486 2413.132
3670.665 2083.844
3671.844 2398.816
3673.022 1852.616
3674.201 2171.505
3675.380 2523.005
3676.559 2190.074
3677.738 2324.042
3678.916 2118.866
3680.095 2045.424
3681.274 2508.025
3682.453 2095.728
3683.632 1975.596
3684.811 2245.950
3685.989 2036.896
3687.168 1675.201
3688.347 2059.318
3689.526 2196.752
3690.705 1960.508
3691.883 1522.943
3693.062 2335.215
3694.241 2773.211
3695.420 1922.596
3696.599 1541.955
3697.777 1740.184
3698.956 2860.090
3700.135 2956.150
3701.314 1650.476
3702.493 1368.445
3703.672 1899.075
3704.850 2237.160
3706.029 3699.241
3707.208 3823.745
3708.387 2672.404
3709.566 1530.614
3710.744 1668.630
3711.923 1484.133
3713.102 2865.000
3714.281 3635.430
3715.460 3241.787
3716.639 1619.609
3717.817 1505.597
3718.996 1719.601
3720.175 1190.263
3721.354 1484.579
3722.533 2959.039
3723.711 5087.784
3724.890 5638.812
3726.069 6791.384
3727.248 33895.846
3728.427 62762.135
3729.606 70332.646
3730.784 87401.853
3731.963 74725.044
3733.142 28109.729
3734.321 24.767
3735.500 3988.545
3736.678 4448.255
3737.857 4275.029
3739.036 1994.860
3740.215 1799.042
3741.394 1854.072
3742.573 1630.132
3743.751 1706.889
3744.930 1341.093
3746.109 1493.573
3747.288 1622.073
3748.467 1463.147
3749.645 1592.444
3750.824 2468.409
3752.003 5045.829
3753.182 4999.515
3754.361 2426.361
3755.540 1479.220
3756.718 1321.798
3757.897 1367.942
3759.076 1397.594
3760.255 1307.637
3761.434 1229.583
3762.612 1347.489
3763.791 1394.109
3764.970 1411.291
3766.149 1355.214
3767.328 1446.541
3768.507 1249.289
3769.685 1290.863
3770.864 1890.186
3772.043 4423.503
3773.222 6236.357
3774.401 4161.021
3775.579 1716.439
3776.758 1263.897
3777.937 1319.034
3779.116 1326.396
3780.295 1361.877
3781.474 1274.368
3782.652 1487.030
3783.831 1504.123
3785.010 1515.458
3786.189 1475.023
3787.368 1325.826
3788.546 1358.160
3789.725 1190.382
3790.904 1438.440
3792.083 1307.600
3793.262 1443.490
3794.441 1435.727
3795.619 1301.209
3796.798 1313.860
3797.977 1736.822
3799.156 5045.418
3800.335 7459.921
3801.513 5592.906
3802.692 1610.739
3803.871 1246.338
3805.050 1535.358
3806.229 1456.634
3807.408 1470.063
3808.586 1460.953
3809.765 1390.443
3810.944 1316.524
3812.123 1496.856
3813.302 1464.891
3814.480 1623.486
3815.659 1463.285
3816.838 1247.622
3818.017 1359.615
3819.196 1493.610
3820.375 1905.056
3821.553 2511.773
3822.732 2553.122
3823.911 1812.577
3825.090 1287.822
3826.269 1375.736
3827.447 1295.805
3828.626 1574.602
3829.805 1370.643
3830.984 1430.141
3832.163 1355.134
3833.342 1389.694
3834.520 1226.274
3835.699 2301.303
3836.878 7068.842
3838.057 9726.794
3839.236 5660.640
3840.414 1662.666
3841.593 1189.673
3842.772 1192.130
3843.951 1179.350
3845.130 1230.096
3846.309 1507.837
3847.487 1163.734
3848.666 1552.703
3849.845 1422.370
3851.024 1457.153
3852.203 1287.002
3853.381 1501.412
3854.560 1351.173
3855.739 1301.962
3856.918 1280.780
3858.097 1310.692
3859.275 1271.095
3860.454 1311.800
3861.633 1325.736
3862.812 1285.484
3863.991 1321.327
3865.170 1325.625
3866.348 1456.133
3867.527 1439.064
3868.706 4155.487
3869.885 23292.398
3871.064 45545.455
3872.242 32794.623
3873.421 8280.577
3874.600 692.358
3875.779 1530.770
3876.958 1303.769
3878.137 1337.827
3879.315 1311.626
3880.494 1217.669
3881.673 1080.965
3882.852 1198.822
3884.031 1032.549
3885.209 1130.183
3886.388 989.896
3887.567 1137.102
3888.746 2178.215
3889.925 10593.940
3891.104 21195.327
3892.282 16918.722
3893.461 5327.421
3894.640 679.426
3895.819 1111.607
3896.998 1149.495
3898.176 1216.377
3899.355 1221.203
3900.534 1139.038
3901.713 1052.100
3902.892 1205.200
3904.071 1185.869
3905.249 1349.495
3906.428 1275.268
3907.607 1358.293
3908.786 1336.924
3909.965 1276.814
3911.143 1320.954
3912.322 1368.496
3913.501 1324.792
3914.680 1286.385
3915.859 1291.018
3917.038 1169.452
3918.216 1248.491
3919.395 1240.758
3920.574 1075.934
3921.753 1137.421
3922.932 1171.351
3924.110 1204.222
3925.289 1074.119
3926.468 1138.878
3927.647 1209.543
3928.826 1142.752
3930.005 1169.513
3931.183 1179.053
3932.362 1071.293
3933.541 805.681
3934.720 872.777
3935.899 925.426
3937.077 909.575
3938.256 1030.290
3939.435 1124.222
3940.614 1161.537
3941.793 1152.430
3942.972 1153.898
3944.150 1213.767
3945.329 1231.236
3946.508 1231.657
3947.687 1507.906
3948.866 1301.149
3950.044 1219.445
3951.223 1054.350
3952.402 1121.297
3953.581 1065.564
3954.760 1020.908
3955.939 1067.286
3957.117 1078.706
3958.296 987.148
3959.475 1054.070
3960.654 1014.051
3961.833 1009.910
3963.011 882.060
3964.190 841.992
3965.369 1144.250
3966.548 1667.152
3967.727 2989.583
3968.906 7903.905
3970.084 12245.853
3971.263 14655.145
3972.442 16042.781
3973.621 11341.996
3974.800 3545.023
3975.978 661.649
3977.157 1143.161
3978.336 1045.746
3979.515 953.176
3980.694 1044.721
3981.873 1139.255
3983.051 1000.004
3984.230 1079.543
3985.409 1104.167
3986.588 1016.978
3987.767 1106.560
3988.945 985.890
3990.124 1063.251
3991.303 912.165
3992.482 967.591
3993.661 1072.231
3994.840 1107.758
3996.018 1078.841
3997.197 1123.186
3998.376 1115.102
3999.555 1088.074
4000.734 1029.629
4001.912 1074.703
4003.091 1125.762
4004.270 1112.260
4005.449 1069.048
4006.628 1110.543
4007.807 1108.783
4008.985 1058.268
4010.164 1053.578
4011.343 1159.786
4012.522 1194.909
4013.701 1178.580
4014.879 1178.043
4016.058 1067.197
4017.237 1059.955
4018.416 1137.457
4019.595 1142.188
4020.773 1143.656
4021.952 1085.971
4023.131 1026.956
4024.310 1125.098
4025.489 1059.602
4026.668 1304.404
4027.846 2180.287
4029.025 2573.551
4030.204 1734.297
4031.383 1087.718
4032.562 942.300
4033.740 1097.099
4034.919 926.731
4036.098 978.894
4037.277 1006.660
4038.456 1023.408
4039.635 1007.234
4040.813 1031.736
4041.992 1069.199
4043.171 1084.332
4044.350 1030.762
4045.529 1074.138
4046.707 1084.192
4047.886 1056.692
4049.065 1021.554
4050.244 1057.442
4051.423 1042.299
4052.602 1007.173
4053.780 1000.636
4054.959 1000.758
4056.138 987.073
4057.317 852.628
4058.496 1036.646
4059.674 1040.188
4060.853 1092.481
4062.032 1048.082
4063.211 1016.021
4064.390 1053.611
4065.569 954.330
4066.747 1090.916
4067.926 960.629
4069.105 1020.744
4070.284 1416.987
4071.463 1553.187
4072.641 1407.818
4073.820 960.770
4074.999 907.743
4076.178 1025.514
4077.357 985.155
4078.536 1098.901
4079.714 1104.362
4080.893 1079.065
4082.072 1010.904
4083.251 858.312
4084.430 897.692
4085.608 882.977
4086.787 902.346
4087.966 887.838
4089.145 925.829
4090.324 847.636
4091.503 834.955
4092.681 879.661
4093.860 900.770
4095.039 930.250
4096.218 819.908
4097.397 783.065
4098.575 829.323
4099.754 769.019
4100.933 880.134
4102.112 3370.582
4103.291 13733.519
4104.470 20050.084
4105.648 12631.605
4106.827 1832.592
4108.006 801.771
4109.185 773.901
4110.364 788.749
4111.542 730.028
4112.721 800.059
4113.900 809.848
4115.079 835.622
4116.258 843.629
4117.437 814.988
4118.615 853.154
4119.794 838.534
4120.973 892.992
4122.152 941.793
4123.331 990.198
4124.509 932.667
4125.688 904.286
4126.867 856.291
4128.046 915.675
4129.225 881.290
4130.404 839.254
4131.582 846.584
4132.761 828.099
4133.940 896.282
4135.119 833.245
4136.298 849.835
4137.476 907.095
4138.655 824.759
4139.834 848.209
4141.013 885.877
4142.192 819.235
4143.371 729.721
4144.549 812.190
4145.728 971.415
4146.907 1040.789
4148.086 937.581
4149.265 829.216
4150.443 838.528
4151.622 765.776
4152.801 850.780
4153.980 861.259
4155.159 819.431
4156.338 901.902
4157.516 856.729
4158.695 875.585
4159.874 868.584
4161.053 785.030
4162.232 835.922
4163.410 880.394
4164.589 934.757
4165.768 940.268
4166.947 884.250
4168.126 891.017
4169.305 875.845
4170.483 886.393
4171.662 905.416
4172.841 843.319
4174.020 684.935
4175.199 809.953
4176.377 780.088
4177.556 814.260
4178.735 807.587
4179.914 866.681
4181.093 799.302
4182.271 794.715
4183.450 807.876
4184.629 794.071
4185.808 837.842
4186.987 814.341
4188.166 781.303
4189.344 850.780
4190.523 773.446
4191.702 751.788
4192.881 771.558
4194.060 766.443
4195.238 782.560
4196.417 741.556
4197.596 710.498
4198.775 734.703
4199.954 724.899
4201.133 756.168
4202.311 718.889
4203.490 745.083
4204.669 752.344
4205.848 761.090
4207.027 776.307
4208.205 817.043
4209.384 722.324
4210.563 779.873
4211.742 758.468
4212.921 729.826
4214.100 724.877
4215.278 720.206
4216.457 744.466
4217.636 725.958
4218.815 692.154
4219.994 710.137
4221.172 766.143
4222.351 771.047
4223.530 705.813
4224.709 747.526
4225.888 762.829
4227.067 687.020
4228.245 666.956
4229.424 684.733
4230.603 731.008
4231.782 708.828
4232.961 706.799
4234.139 680.456
4235.318 762.668
4236.497 763.952
4237.676 763.204
4238.855 748.819
4240.034 691.808
4241.212 708.585
4242.391 751.450
4243.570 719.010
4244.749 713.199
4245.928 688.895
4247.106 776.091
4248.285 758.649
4249.464 695.855
4250.643 672.380
4251.822 699.297
4253.001 691.712
4254.179 711.255
4255.358 728.863
4256.537 717.436
4257.716 653.870
4258.895 706.778
4260.073 703.112
4261.252 702.240
4262.431 694.489
4263.610 703.718
4264.789 718.059
4265.968 722.713
4267.146 711.645
4268.325 683.488
4269.504 645.225
4270.683 688.490
4271.862 623.831
4273.040 664.107
4274.219 680.959
4275.398 625.275
4276.577 656.484
4277.756 710.577
4278.935 684.654
4280.113 694.105
4281.292 693.732
4282.471 675.933
4283.650 616.040
4284.829 611.821
4286.007 695.555
4287.186 682.428
4288.365 657.077
4289.544 735.987
4290.723 670.907
4291.902 671.220
4293.080 581.809
4294.259 606.921
4295.438 691.209
4296.617 617.347
4297.796 662.005
4298.974 623.022
4300.153 626.660
4301.332 583.751
4302.511 613.471
4303.690 604.293
4304.869 635.255
4306.047 607.108
4307.226 606.363
4308.405 642.452
4309.584 628.295
4310.763 627.297
4311.941 624.586
4313.120 585.359
4314.299 649.449
4315.478 668.707
4316.657 639.370
4317.836 684.668
4319.014 687.438
4320.193 659.706
4321.372 653.295
4322.551 652.169
4323.730 648.027
4324.908 590.370
4326.087 565.099
4327.266 581.160
4328.445 599.417
4329.624 571.716
4330.803 609.923
4331.981 581.842
4333.160 626.753
4334.339 579.725
4335.518 590.535
4336.697 547.354
4337.875 567.394
4339.054 664.426
4340.233 1009.107
4341.412 7463.448
4342.591 22312.360
4343.769 24918.091
4344.948 10125.782
4346.127 1140.723
4347.306 466.575
4348.485 627.337
4349.664 575.293
4350.842 582.153
4352.021 551.908
4353.200 607.201
4354.379 614.634
4355.558 567.415
4356.736 545.606
4357.915 635.936
4359.094 585.535
4360.273 579.287
4361.452 616.455
4362.631 702.193
4363.809 1152.084
4364.988 3310.908
4366.167 4124.300
4367.346 2826.909
4368.525 841.330
4369.703 711.972
4370.882 570.495
4372.061 612.569
4373.240 585.521
4374.419 641.221
4375.598 578.441
4376.776 591.211
4377.955 581.041
4379.134 578.105
4380.313 616.707
4381.492 614.916
4382.670 579.469
4383.849 520.961
4385.028 554.123
4386.207 580.382
4387.386 592.016
4388.565 596.311
4389.743 710.373
4390.922 803.968
4392.101 700.030
4393.280 610.737
4394.459 562.829
4395.637 564.098
4396.816 534.323
4397.995 562.020
4399.174 577.455
4400.353 583.699
4401.532 583.919
4402.710 607.738
4403.889 606.820
4405.068 587.433
4406.247 620.660
4407.426 592.722
4408.604 624.924
4409.783 607.154
4410.962 573.074
4412.141 605.091
4413.320 628.451
4414.499 653.062
4415.677 639.416
4416.856 631.385
4418.035 598.016
4419.214 628.186
4420.393 630.313
4421.571 592.072
4422.750 618.213
4423.929 608.980
4425.108 590.208
4426.287 577.145
4427.466 562.870
4428.644 575.948
4429.823 585.075
4431.002 612.064
4432.181 588.651
4433.360 596.654
4434.538 553.177
4435.717 564.711
4436.896 565.410
4438.075 559.328
4439.254 583.854
4440.433 585.642
4441.611 558.487
4442.790 538.153
4443.969 552.049
4445.148 590.500
4446.327 600.894
4447.505 550.818
4448.684 547.434
4449.863 580.262
4451.042 562.854
4452.221 553.326
4453.400 564.833
4454.578 559.080
4455.757 530.353
4456.936 542.841
4458.115 533.559
4459.294 539.949
4460.472 571.016
4461.651 535.072
4462.830 536.463
4464.009 569.006
4465.188 561.565
4466.367 523.413
4467.545 502.804
4468.724 534.761
4469.903 574.398
4471.082 503.522
4472.261 846.486
4473.439 1932.415
4474.618 2449.117
4475.797 1610.787
4476.976 584.731
4478.155 589.405
4479.334 545.870
4480.512 527.845
4481.691 514.146
4482.870 515.293
4484.049 506.549
4485.228 487.831
4486.406 567.970
4487.585 552.545
4488.764 511.258
4489.943 526.671
4491.122 548.905
4492.301 548.830
4493.479 559.528
4494.658 570.976
4495.837 576.363
4497.016 533.161
4498.195 559.073
4499.373 550.732
4500.552 547.119
4501.731 536.774
4502.910 544.474
4504.089 530.836
4505.267 488.164
4506.446 535.724
4507.625 545.134
4508.804 515.476
4509.983 507.970
4511.162 478.031
4512.340 526.575
4513.519 531.426
4514.698 501.338
4515.877 510.295
4517.056 530.392
4518.234 563.943
4519.413 540.703
4520.592 545.874
4521.771 529.381
4522.950 564.177
4524.129 518.282
4525.307 523.599
4526.486 544.781
4527.665 574.133
4528.844 547.089
4530.023 552.648
4531.201 531.387
4532.380 561.200
4533.559 539.422
4534.738 550.065
4535.917 547.271
4537.096 546.079
4538.274 511.552
4539.453 513.305
4540.632 561.589
4541.811 546.124
4542.990 537.393
4544.168 533.798
4545.347 535.063
4546.526 532.913
4547.705 484.781
4548.884 531.800
4550.063 514.297
4551.241 545.054
4552.420 534.317
4553.599 576.037
4554.778 538.048
4555.957 544.801
4557.135 549.005
4558.314 535.614
4559.493 510.713
4560.672 534.048
4561.851 522.194
4563.030 532.126
4564.208 545.495
4565.387 583.787
4566.566 558.386
4567.745 513.454
4568.924 483.878
4570.102 515.584
4571.281 510.501
4572.460 547.875
4573.639 552.699
4574.818 515.848
4575.997 543.718
4577.175 539.327
4578.354 544.707
4579.533 523.025
4580.712 531.290
4581.891 542.991
4583.069 530.853
4584.248 503.788
4585.427 541.778
4586.606 494.034
4587.785 502.830
4588.964 577.216
4590.142 507.935
4591.321 536.895
4592.500 503.864
4593.679 515.066
4594.858 479.977
4596.036 498.411
4597.215 505.128
4598.394 488.969
4599.573 522.049
4600.752 509.120
4601.931 525.616
4603.109 543.816
4604.288 476.143
4605.467 536.445
4606.646 484.975
4607.825 482.031
4609.003 519.110
4610.182 558.548
4611.361 524.957
4612.540 503.311
4613.719 489.465
4614.898 489.145
4616.076 512.065
4617.255 505.530
4618.434 519.198
4619.613 509.858
4620.792 515.300
4621.970 498.070
4623.149 475.981
4624.328 538.226
4625.507 542.295
4626.686 490.648
4627.865 483.473
4629.043 522.904
4630.222 510.396
4631.401 488.332
4632.580 523.464
4633.759 519.629
4634.937 483.183
4636.116 507.279
4637.295 558.248
4638.474 515.803
4639.653 476.654
4640.832 513.651
4642.010 522.224
4643.189 510.771
4644.368 515.880
4645.547 509.433
4646.726 497.790
4647.904 505.005
4649.083 495.876
4650.262 488.861
4651.441 533.373
4652.620 560.375
4653.799 563.811
4654.977 572.186
4656.156 528.938
4657.335 513.116
4658.514 541.799
4659.693 589.427
4660.871 689.493
4662.050 621.280
4663.229 589.156
4664.408 543.073
4665.587 524.029
4666.765 513.774
4667.944 502.251
4669.123 498.617
4670.302 528.455
4671.481 552.897
4672.660 510.469
4673.838 554.497
4675.017 520.883
4676.196 549.844
4677.375 514.268
4678.554 519.660
4679.732 528.797
4680.911 519.690
4682.090 501.131
4683.269 545.238
4684.448 565.609
4685.627 560.439
4686.805 554.553
4687.984 550.096
4689.163 564.304
4690.342 528.641
4691.521 491.668
4692.699 496.531
4693.878 500.810
4695.057 529.344
4696.236 512.174
4697.415 523.185
4698.594 501.916
4699.772 492.121
4700.951 540.187
4702.130 508.573
4703.309 516.151
4704.488 568.704
4705.666 555.820
4706.845 527.854
4708.024 494.687
4709.203 490.471
4710.382 516.161
4711.561 541.176
4712.739 642.798
4713.918 774.927
4715.097 883.603
4716.276 872.441
4717.455 657.075
4718.633 553.016
4719.812 539.421
4720.991 493.319
4722.170 495.910
4723.349 510.955
4724.528 508.784
4725.706 523.607
4726.885 537.910
4728.064 535.766
4729.243 499.798
4730.422 501.979
4731.600 521.442
4732.779 538.033
4733.958 527.946
4735.137 500.062
4736.316 502.362
4737.495 503.755
4738.673 564.900
4739.852 506.338
4741.031 520.088
4742.210 623.015
4743.389 648.977
4744.567 599.232
4745.746 529.914
4746.925 490.164
4748.104 497.011
4749.283 497.341
4750.462 518.570
4751.640 525.765
4752.819 476.511
4753.998 486.690
4755.177 496.412
4756.356 523.919
4757.534 517.505
4758.713 472.126
4759.892 536.055
4761.071 521.268
4762.250 482.500
4763.429 492.783
4764.607 493.082
4765.786 499.704
4766.965 460.124
4768.144 457.327
4769.323 489.498
4770.501 503.711
4771.680 526.539
4772.859 570.371
4774.038 581.091
4775.217 523.945
4776.396 542.462
4777.574 530.582
4778.753 481.566
4779.932 517.730
4781.111 491.725
4782.290 519.713
4783.468 538.375
4784.647 494.401
4785.826 472.026
4787.005 510.145
4788.184 478.346
4789.363 491.747
4790.541 516.870
4791.720 508.088
4792.899 549.309
4794.078 534.681
4795.257 511.552
4796.435 487.819
4797.614 503.522
4798.793 528.825
4799.972 533.023
4801.151 482.700
4802.330 494.642
4803.508 538.016
4804.687 519.717
4805.866 502.007
4807.045 508.861
4808.224 503.971
4809.402 490.303
4810.581 486.891
4811.760 522.350
4812.939 446.481
4814.118 512.847
4815.296 525.836
4816.475 525.472
4817.654 544.288
4818.833 552.294
4820.012 546.448
4821.191 544.279
4822.369 531.371
4823.548 527.359
4824.727 524.391
4825.906 488.391
4827.085 512.055
4828.263 537.872
4829.442 530.949
4830.621 535.682
4831.800 511.679
4832.979 504.311
4834.158 536.555
4835.336 534.445
4836.515 540.175
4837.694 531.566
4838.873 555.959
4840.052 515.115
4841.230 500.613
4842.409 479.879
4843.588 501.231
4844.767 501.144
4845.946 540.207
4847.125 524.401
4848.303 534.914
4849.482 460.744
4850.661 494.886
4851.840 534.685
4853.019 522.597
4854.197 465.540
4855.376 489.850
4856.555 487.410
4857.734 502.891
4858.913 383.884
4860.092 779.466
4861.270 14.419
4862.449 14099.535
4863.628 40509.828
4864.807 47302.365
4865.986 20483.759
4867.164 936.821
4868.343 663.858
4869.522 475.207
4870.701 519.341
4871.880 480.501
4873.059 487.068
4874.237 499.539
4875.416 502.083
4876.595 502.213
4877.774 506.730
4878.953 507.546
4880.131 506.115
4881.310 520.251
4882.489 507.680
4883.668 552.703
4884.847 529.345
4886.026 502.396
4887.204 518.269
4888.383 479.519
4889.562 516.800
4890.741 474.680
4891.920 473.419
4893.098 498.949
4894.277 486.734
4895.456 478.411
4896.635 508.720
4897.814 490.714
4898.993 495.221
4900.171 534.588
4901.350 486.489
4902.529 503.856
4903.708 516.448
4904.887 522.045
4906.065 544.518
4907.244 534.728
4908.423 500.660
4909.602 501.273
4910.781 515.854
4911.960 497.303
4913.138 510.063
4914.317 510.605
4915.496 522.213
4916.675 559.775
4917.854 534.938
4919.032 481.630
4920.211 500.420
4921.390 471.320
4922.569 505.670
4923.748 822.788
4924.927 998.283
4926.105 872.829
4927.284 567.571
4928.463 498.407
4929.642 515.801
4930.821 522.560
4931.999 511.737
4933.178 549.255
4934.357 546.847
4935.536 529.362
4936.715 556.884
4937.894 545.367
4939.072 496.066
4940.251 500.209
4941.430 534.765
4942.609 529.795
4943.788 525.587
4944.966 518.077
4946.145 520.785
4947.324 533.311
4948.503 536.762
4949.682 523.673
4950.861 537.336
4952.039 556.550
4953.218 553.294
4954.397 552.724
4955.576 542.137
4956.755 598.355
4957.933 563.563
4959.112 1683.327
4960.291 27196.658
4961.470 81103.888
4962.649 75184.726
4963.828 25537.353
4965.006 749.384
4966.185 687.282
4967.364 648.778
4968.543 651.651
4969.722 629.148
4970.900 551.464
4972.079 551.741
4973.258 546.223
4974.437 582.167
4975.616 587.321
4976.794 559.238
4977.973 567.104
4979.152 556.031
4980.331 517.039
4981.510 531.781
4982.689 545.666
4983.867 542.456
4985.046 560.753
4986.225 566.653
4987.404 639.947
4988.583 738.660
4989.761 693.048
4990.940 608.100
4992.119 605.495
4993.298 582.429
4994.477 592.506
4995.656 603.806
4996.834 595.855
4998.013 598.842
4999.192 610.597
5000.371 596.606
5001.550 630.556
5002.728 652.586
5003.907 730.154
5005.086 454.078
5006.265 2341.638
5007.444 5407.370
5008.623 148705.938
5009.801 245938.809
5010.980 185394.695
5012.159 40318.499
5013.338 -4658.028
5014.517 2511.582
5015.695 136.810
5016.874 1053.408
5018.053 1406.753
5019.232 1599.582
5020.411 1041.234
5021.590 588.628
5022.768 607.688
5023.947 566.320
5025.126 561.595
5026.305 546.839
5027.484 529.822
5028.662 554.866
5029.841 548.460
5031.020 553.424
5032.199 518.305
5033.378 495.757
5034.557 525.836
5035.735 493.117
5036.914 498.489
5038.093 471.431
5039.272 499.123
5040.451 509.381
5041.629 465.896
5042.808 520.956
5043.987 513.630
5045.166 500.880
5046.345 497.678
5047.524 461.462
5048.702 473.110
5049.881 536.190
5051.060 548.154
5052.239 511.296
5053.418 473.722
5054.596 472.147
5055.775 460.298
5056.954 447.229
5058.133 513.283
5059.312 487.237
5060.491 440.373
5061.669 470.624
5062.848 475.055
5064.027 466.049
5065.206 482.624
5066.385 494.642
5067.563 463.442
5068.742 432.098
5069.921 448.235
5071.100 452.759
5072.279 453.041
5073.458 471.816
5074.636 480.875
5075.815 465.797
5076.994 448.640
5078.173 472.935
5079.352 449.887
5080.530 443.152
5081.709 457.318
5082.888 477.650
5084.067 472.570
5085.246 458.919
5086.425 460.972
5087.603 449.827
5088.782 398.071
5089.961 318.415
5091.140 509.855
5092.319 444.104
5093.497 453.871
5094.676 450.067
5095.855 441.524
5097.034 431.017
5098.213 430.208
5099.392 425.410
5100.570 461.865
5101.749 444.391
5102.928 433.209
5104.107 447.553
5105.286 440.878
5106.464 427.805
5107.643 394.418
5108.822 403.450
5110.001 432.624
5111.180 436.262
5112.359 411.034
5113.537 423.467
5114.716 457.273
5115.895 431.236
5117.074 421.430
5118.253 432.985
5119.431 412.469
5120.610 420.627
5121.789 441.335
5122.968 418.774
5124.147 418.799
5125.326 401.968
5126.504 395.378
5127.683 416.193
5128.862 428.497
5130.041 423.272
5131.220 445.630
5132.398 432.558
5133.577 424.820
5134.756 417.338
5135.935 413.854
5137.114 424.333
5138.292 401.666
5139.471 421.723
5140.650 420.492
5141.829 397.106
5143.008 426.248
5144.187 428.453
5145.365 422.881
5146.544 435.149
5147.723 421.056
5148.902 424.592
5150.081 437.660
5151.259 434.286
5152.438 422.592
5153.617 424.498
5154.796 412.522
5155.975 441.355
5157.154 444.043
5158.332 424.355
5159.511 435.222
5160.690 411.016
5161.869 423.964
5163.048 455.309
5164.226 412.308
5165.405 407.170
5166.584 409.606
5167.763 408.464
5168.942 387.444
5170.121 389.103
5171.299 393.880
5172.478 384.202
5173.657 400.098
5174.836 383.820
5176.015 380.482
5177.193 422.009
5178.372 417.358
5179.551 424.040
5180.730 412.659
5181.909 414.096
5183.088 367.768
5184.266 353.217
5185.445 376.988
5186.624 390.191
5187.803 387.557
5188.982 423.120
5190.160 417.434
5191.339 411.997
5192.518 389.409
5193.697 442.455
5194.876 446.665
5196.055 524.146
5197.233 762.672
5198.412 953.436
5199.591 889.289
5200.770 753.147
5201.949 659.124
5203.127 490.493
5204.306 470.034
5205.485 421.873
5206.664 394.562
5207.843 389.169
5209.022 395.368
5210.200 390.848
5211.379 372.962
5212.558 387.791
5213.737 400.134
5214.916 417.746
5216.094 428.935
5217.273 423.927
5218.452 401.055
5219.631 407.453
5220.810 422.588
5221.989 411.415
5223.167 403.735
5224.346 432.640
5225.525 415.509
5226.704 384.535
5227.883 403.478
5229.061 397.486
5230.240 395.377
5231.419 397.292
5232.598 389.237
5233.777 416.496
5234.956 413.019
5236.134 386.777
5237.313 396.537
5238.492 463.568
5239.671 444.377
5240.850 409.552
5242.028 411.115
5243.207 414.687
5244.386 404.527
5245.565 392.241
5246.744 392.460
5247.923 402.855
5249.101 368.621
5250.280 381.292
5251.459 386.460
5252.638 368.771
5253.817 387.384
5254.995 415.265
5256.174 453.773
5257.353 420.615
5258.532 403.871
5259.711 394.819
5260.890 408.243
5262.068 367.464
5263.247 359.924
5264.426 373.259
5265.605 382.104
5266.784 382.694
5267.962 402.114
5269.141 371.679
5270.320 365.222
5271.499 371.265
5272.678 390.808
5273.857 418.648
5275.035 454.111
5276.214 437.691
5277.393 377.953
5278.572 383.280
5279.751 392.086
5280.929 381.905
5282.108 412.791
5283.287 379.827
5284.466 373.461
5285.645 377.305
5286.824 383.699
5288.002 385.099
5289.181 387.691
5290.360 362.893
5291.539 388.975
5292.718 375.951
5293.896 371.949
5295.075 417.760
5296.254 391.023
5297.433 389.604
5298.612 394.908
5299.790 395.559
5300.969 396.586
5302.148 372.014
5303.327 373.994
5304.506 397.396
5305.685 406.038
5306.863 390.132
5308.042 357.969
5309.221 383.505
5310.400 377.790
5311.579 373.686
5312.757 384.090
5313.936 367.388
5315.115 376.811
5316.294 370.496
5317.473 389.130
5318.652 372.455
5319.830 368.598
5321.009 392.660
5322.188 378.637
5323.367 383.035
5324.546 399.999
5325.724 366.714
5326.903 363.177
5328.082 408.330
5329.261 448.586
5330.440 509.901
5331.619 495.388
5332.797 390.122
5333.976 369.403
5335.155 381.776
5336.334 379.895
5337.513 353.267
5338.691 372.446
5339.870 351.672
5341.049 353.728
5342.228 361.234
5343.407 373.365
5344.586 368.279
5345.764 384.469
5346.943 372.776
5348.122 366.643
5349.301 380.017
5350.480 394.450
5351.658 373.727
5352.837 372.226
5354.016 400.706
5355.195 357.666
5356.374 360.429
5357.553 353.888
5358.731 349.571
5359.910 373.963
5361.089 397.823
5362.268 328.724
5363.447 381.417
5364.625 330.108
5365.804 376.516
5366.983 368.681
5368.162 368.471
5369.341 375.520
5370.520 363.253
5371.698 347.659
5372.877 365.887
5374.056 360.036
5375.235 348.459
5376.414 377.002
5377.592 383.029
5378.771 376.852
5379.950 342.333
5381.129 351.177
5382.308 373.856
5383.487 346.451
5384.665 359.377
5385.844 361.721
5387.023 371.669
5388.202 366.939
5389.381 351.575
5390.559 354.416
5391.738 345.038
5392.917 349.739
5394.096 352.683
5395.275 350.956
5396.454 372.376
5397.632 375.070
5398.811 342.495
5399.990 334.315
5401.169 359.502
5402.348 346.319
5403.526 314.047
5404.705 325.859
5405.884 342.594
5407.063 333.190
5408.242 328.744
5409.421 351.462
5410.599 361.285
5411.778 376.180
5412.957 323.787
5414.136 346.954
5415.315 349.593
5416.493 344.193
5417.672 355.055
5418.851 339.225
5420.030 341.597
5421.209 355.032
5422.388 351.328
5423.566 333.313
5424.745 324.183
5425.924 355.308
5427.103 334.995
5428.282 339.432
5429.460 333.094
5430.639 312.735
5431.818 333.821
5432.997 308.808
5434.176 344.769
5435.355 349.131
5436.533 358.124
5437.712 356.908
5438.891 345.924
5440.070 330.168
5441.249 347.661
5442.427 354.765
5443.606 335.934
5444.785 351.571
5445.964 345.940
5447.143 311.074
5448.322 333.519
5449.500 329.004
5450.679 315.864
5451.858 338.402
5453.037 342.087
5454.216 326.755
5455.394 310.348
5456.573 319.541
5457.752 311.079
5458.931 325.290
5460.110 313.700
5461.288 315.073
5462.467 343.665
5463.646 316.610
5464.825 301.959
5466.004 331.262
5467.183 337.031
5468.361 330.276
5469.540 320.189
5470.719 334.398
5471.898 337.293
5473.077 305.637
5474.255 327.929
5475.434 308.600
5476.613 298.349
5477.792 359.158
5478.971 329.105
5480.150 322.718
5481.328 321.093
5482.507 305.501
5483.686 322.060
5484.865 337.987
5486.044 337.905
5487.222 320.655
5488.401 309.724
5489.580 338.164
5490.759 345.344
5491.938 314.906
5493.117 325.387
5494.295 336.483
5495.474 296.886
5496.653 315.236
5497.832 325.697
5499.011 332.814
5500.189 308.798
5501.368 328.421
5502.547 328.013
5503.726 315.589
5504.905 334.721
5506.084 323.421
5507.262 321.564
5508.441 334.650
5509.620 340.743
5510.799 351.073
5511.978 324.287
5513.156 314.036
5514.335 334.872
5515.514 352.235
5516.693 324.193
5517.872 313.972
5519.051 334.557
5520.229 431.119
5521.408 456.120
5522.587 372.223
5523.766 329.256
5524.945 327.173
5526.123 323.483
5527.302 316.407
5528.481 315.628
5529.660 299.168
5530.839 304.690
5532.018 324.153
5533.196 299.258
5534.375 301.456
5535.554 307.138
5536.733 294.711
5537.912 337.191
5539.090 345.109
5540.269 403.549
5541.448 426.211
5542.627 419.150
5543.806 360.069
5544.985 344.913
5546.163 345.666
5547.342 326.515
5548.521 326.593
5549.700 349.674
5550.879 366.946
5552.057 342.996
5553.236 312.298
5554.415 326.043
5555.594 326.996
5556.773 307.631
5557.952 323.672
5559.130 334.025
5560.309 307.005
5561.488 304.242
5562.667 353.812
5563.846 361.089
5565.024 357.828
5566.203 327.943
5567.382 313.291
5568.561 326.924
5569.740 305.677
5570.919 323.587
5572.097 308.049
5573.276 366.045
5574.455 131.610
5575.634 2681.446
5576.813 9391.367
5577.991 10622.138
5579.170 5656.310
5580.349 723.321
5581.528 354.864
5582.707 358.649
5583.886 314.635
5585.064 314.475
5586.243 314.460
5587.422 334.727
5588.601 355.077
5589.780 350.148
5590.958 336.334
5592.137 298.672
5593.316 281.112
5594.495 317.865
5595.674 330.229
5596.853 325.968
5598.031 324.718
5599.210 324.824
5600.389 331.373
5601.568 310.582
5602.747 295.104
5603.925 335.930
5605.104 345.191
5606.283 362.373
5607.462 336.140
5608.641 319.142
5609.820 315.386
5610.998 301.729
5612.177 309.278
5613.356 337.250
5614.535 337.651
5615.714 319.689
5616.892 309.689
5618.071 301.142
5619.250 328.964
5620.429 318.327
5621.608 296.571
5622.786 305.711
5623.965 350.813
5625.144 347.798
5626.323 322.571
5627.502 299.009
5628.681 292.652
5629.859 314.991
5631.038 310.704
5632.217 312.705
5633.396 330.126
5634.575 326.396
5635.753 323.489
5636.932 319.338
5638.111 322.884
5639.290 331.104
5640.469 316.946
5641.648 311.671
5642.826 319.205
5644.005 283.610
5645.184 332.371
5646.363 334.768
5647.542 297.498
5648.720 291.612
5649.899 312.592
5651.078 313.550
5652.257 305.228
5653.436 314.875
5654.615 319.696
5655.793 306.206
5656.972 292.337
5658.151 287.947
5659.330 304.218
5660.509 312.038
5661.687 317.002
5662.866 293.567
5664.045 295.376
5665.224 309.804
5666.403 302.234
5667.582 319.706
5668.760 305.397
5669.939 311.351
5671.118 304.063
5672.297 304.104
5673.476 311.309
5674.654 304.745
5675.833 319.683
5677.012 321.961
5678.191 318.861
5679.370 331.352
5680.549 291.388
5681.727 324.265
5682.906 307.638
5684.085 324.703
5685.264 314.928
5686.443 319.197
5687.621 327.577
5688.800 316.232
5689.979 311.414
5691.158 328.218
5692.337 337.491
5693.516 320.187
5694.694 313.534
5695.873 307.647
5697.052 300.993
5698.231 331.521
5699.410 323.119
5700.588 321.527
5701.767 333.291
5702.946 320.661
5704.125 309.097
5705.304 318.673
5706.483 324.590
5707.661 297.825
5708.840 306.896
5710.019 305.591
5711.198 302.652
5712.377 301.261
5713.555 299.514
5714.734 309.857
5715.913 304.778
5717.092 306.051
5718.271 314.787
5719.450 303.375
5720.628 328.465
5721.807 316.763
5722.986 281.721
5724.165 334.624
5725.344 313.567
5726.522 315.294
5727.701 310.327
5728.880 302.219
5730.059 298.949
5731.238 312.758
5732.417 308.030
5733.595 305.848
5734.774 324.633
5735.953 305.623
5737.132 298.718
5738.311 298.770
5739.489 315.850
5740.668 309.244
5741.847 298.667
5743.026 317.981
5744.205 295.987
5745.384 292.718
5746.562 307.832
5747.741 284.198
5748.920 297.397
5750.099 302.430
5751.278 310.793
5752.456 315.788
5753.635 283.174
5754.814 293.195
5755.993 306.209
5757.172 316.465
5758.351 341.964
5759.529 330.279
5760.708 321.005
5761.887 292.245
5763.066 292.862
5764.245 277.240
5765.423 295.868
5766.602 295.843
5767.781 301.262
5768.960 277.718
5770.139 287.141
5771.318 301.516
5772.496 292.243
5773.675 304.536
5774.854 297.109
5776.033 297.711
5777.212 280.396
5778.390 302.070
5779.569 296.183
5780.748 301.992
5781.927 292.384
5783.106 302.460
5784.284 302.740
5785.463 280.535
5786.642 276.907
5787.821 289.239
5789.000 294.091
5790.179 286.327
5791.357 280.337
5792.536 283.694
5793.715 290.094
5794.894 291.595
5796.073 292.169
5797.251 316.336
5798.430 295.535
5799.609 274.158
5800.788 287.219
5801.967 300.340
5803.146 283.310
5804.324 282.247
5805.503 304.363
5806.682 312.381
5807.861 297.560
5809.040 293.206
5810.218 294.398
5811.397 285.078
5812.576 297.560
5813.755 304.640
5814.934 291.566
5816.113 312.865
5817.291 308.923
5818.470 309.773
5819.649 287.149
5820.828 296.693
5822.007 307.462
5823.185 297.802
5824.364 314.216
5825.543 296.438
5826.722 280.663
5827.901 298.285
5829.080 293.357
5830.258 279.769
5831.437 290.618
5832.616 290.296
5833.795 265.973
5834.974 287.744
5836.152 294.834
5837.331 301.978
5838.510 296.042
5839.689 319.082
5840.868 274.820
5842.047 285.450
5843.225 277.937
5844.404 290.535
5845.583 292.307
5846.762 290.840
5847.941 289.234
5849.119 260.120
5850.298 277.815
5851.477 296.600
5852.656 284.659
5853.835 296.705
5855.014 278.007
5856.192 293.159
5857.371 293.784
5858.550 281.349
5859.729 274.864
5860.908 292.319
5862.086 307.058
5863.265 306.595
5864.444 318.398
5865.623 361.677
5866.802 396.870
5867.981 415.352
5869.159 390.950
5870.338 327.725
5871.517 338.232
5872.696 322.771
5873.875 331.117
5875.053 323.949
5876.232 343.055
5877.411 1563.774
5878.590 3318.626
5879.769 3716.918
5880.948 1970.584
5882.126 572.207
5883.305 354.713
5884.484 308.543
5885.663 304.726
5886.842 365.555
5888.020 650.508
5889.199 1246.924
5890.378 1396.893
5891.557 1000.810
5892.736 453.695
5893.915 460.351
5895.093 799.072
5896.272 973.981
5897.451 717.251
5898.630 435.575
5899.809 312.125
5900.987 278.674
5902.166 294.791
5903.345 300.860
5904.524 297.913
5905.703 308.169
5906.882 315.526
5908.060 314.292
5909.239 279.140
5910.418 299.154
5911.597 275.466
5912.776 295.535
5913.954 360.543
5915.133 405.336
5916.312 413.640
5917.491 354.680
5918.670 298.495
5919.849 303.325
5921.027 289.082
5922.206 277.973
5923.385 323.198
5924.564 351.878
5925.743 343.275
5926.921 312.735
5928.100 311.265
5929.279 309.155
5930.458 303.182
5931.637 370.018
5932.815 437.204
5933.994 420.492
5935.173 348.144
5936.352 291.914
5937.531 279.734
5938.710 301.108
5939.888 296.354
5941.067 278.662
5942.246 303.222
5943.425 285.134
5944.604 267.851
5945.782 316.769
5946.961 323.118
5948.140 309.136
5949.319 279.541
5950.498 262.124
5951.677 293.770
5952.855 378.081
5954.034 412.169
5955.213 363.048
5956.392 296.540
5957.571 284.379
5958.749 316.558
5959.928 299.935
5961.107 300.814
5962.286 290.635
5963.465 297.387
5964.644 263.966
5965.822 274.402
5967.001 288.860
5968.180 276.724
5969.359 289.599
5970.538 313.597
5971.716 318.621
5972.895 318.596
5974.074 318.571
