5329.969 2491.034
5331.022 2527.302
5332.075 2156.494
5333.128 1995.384
5334.181 2057.882
5335.234 2021.476
5336.287 1918.504
5337.340 2075.993
5338.393 1828.627
5339.446 1986.142
5340.499 2098.885
5341.552 1687.354
5342.605 1981.580
5343.658 2020.866
5344.711 1968.058
5345.764 1919.833
5346.817 2102.253
5347.870 1975.019
5348.923 1965.407
5349.976 1993.643
5351.029 2093.098
5352.082 1921.366
5353.135 1909.384
5354.188 2034.660
5355.241 1963.131
5356.294 1948.108
5357.347 1940.098
5358.400 1999.513
5359.453 1957.424
5360.506 2041.997
5361.559 2061.442
5362.612 1885.213
5363.665 1837.331
5364.718 1974.940
5365.771 1976.883
5366.824 1877.057
5367.877 1833.634
5368.930 1742.933
5369.983 1853.917
5371.036 1766.501
5372.089 1795.170
5373.142 1919.891
5374.195 1857.464
5375.248 1827.333
5376.301 2012.900
5377.354 1951.733
5378.407 2047.081
5379.460 1886.184
5380.513 2017.011
5381.566 1957.552
5382.619 1821.609
5383.672 1971.741
5384.725 1879.872
5385.778 2002.895
5386.831 1936.644
5387.884 1850.206
5388.937 1830.084
5389.990 1928.971
5391.043 1862.061
5392.097 1751.526
5393.150 1998.344
5394.203 1795.128
5395.256 1888.615
5396.309 1882.358
5397.362 1783.710
5398.415 1794.991
5399.468 1757.346
5400.521 1788.179
5401.574 1779.830
5402.627 1788.679
5403.680 1888.550
5404.733 1857.753
5405.786 1893.413
5406.839 1800.597
5407.892 1686.837
5408.945 1771.276
5409.998 1680.003
5411.051 1682.549
5412.104 1732.418
5413.157 1916.293
5414.210 1832.074
5415.263 1845.601
5416.316 1873.069
5417.369 1843.695
5418.422 1860.300
5419.475 1894.033
5420.528 1870.352
5421.581 1870.834
5422.634 1781.445
5423.687 1804.332
5424.740 1739.172
5425.793 1891.952
5426.846 1851.854
5427.899 1922.791
5428.952 1734.449
5430.005 1726.372
5431.058 1810.083
5432.111 1864.963
5433.164 1677.041
5434.217 1709.688
5435.270 1889.589
5436.323 1951.809
5437.376 1967.758
5438.429 1865.476
5439.482 1747.155
5440.535 1933.766
5441.588 1903.366
5442.641 1964.718
5443.694 1843.280
5444.747 1875.098
5445.800 1851.009
5446.853 1713.725
5447.906 1747.204
5448.959 1682.888
5450.012 1748.886
5451.065 1790.623
5452.118 1829.636
5453.171 1866.651
5454.224 1802.258
5455.277 1741.515
5456.330 1855.762
5457.383 1672.684
5458.436 1763.073
5459.489 1766.788
5460.542 1846.316
5461.595 1794.326
5462.648 1799.025
5463.701 1844.894
5464.754 1760.588
5465.807 1798.088
5466.860 1849.942
5467.913 1689.030
5468.966 1825.650
5470.019 1779.506
5471.072 1804.630
5472.125 1714.504
5473.178 1795.226
5474.231 1780.102
5475.285 1828.113
5476.338 1694.448
5477.391 1714.639
5478.444 1755.327
5479.497 1724.876
5480.550 1657.258
5481.603 1738.565
5482.656 1761.655
5483.709 1774.661
5484.762 1862.601
5485.815 1682.313
5486.868 1732.799
5487.921 1700.697
5488.974 1782.355
5490.027 1745.515
5491.080 1759.618
5492.133 1843.199
5493.186 1773.752
5494.239 1864.648
5495.292 1836.829
5496.345 1768.740
5497.398 1827.603
5498.451 1791.526
5499.504 1842.324
5500.557 1753.740
5501.610 1713.323
5502.663 1808.840
5503.716 1777.923
5504.769 1752.631
5505.822 1707.703
5506.875 1635.900
5507.928 1931.401
5508.981 1803.402
5510.034 1748.333
5511.087 1780.436
5512.140 1784.488
5513.193 1902.136
5514.246 1771.556
5515.299 1789.302
5516.352 1803.911
5517.405 1754.932
5518.458 1799.739
5519.511 1779.943
5520.564 1889.012
5521.617 1781.237
5522.670 1895.139
5523.723 1806.609
5524.776 1791.809
5525.829 1678.824
5526.882 1730.563
5527.935 1797.242
5528.988 1783.753
5530.041 1704.641
5531.094 1707.688
5532.147 1722.682
5533.200 1758.407
5534.253 1661.572
5535.306 1707.835
5536.359 1698.460
5537.412 1809.595
5538.465 1808.090
5539.518 1810.654
5540.571 1717.570
5541.624 1908.192
5542.677 1889.696
5543.730 1986.721
5544.783 1955.700
5545.836 1989.972
5546.889 1854.210
5547.942 1878.862
5548.995 1747.586
5550.048 1792.445
5551.101 1736.296
5552.154 1628.354
5553.207 1876.532
5554.260 1790.401
5555.313 1847.816
5556.366 1744.512
5557.419 1714.239
5558.473 1703.962
5559.526 1805.026
5560.579 1650.774
5561.632 1662.241
5562.685 1868.118
5563.738 2109.043
5564.791 1899.770
5565.844 1745.384
5566.897 1747.654
5567.950 1812.961
5569.003 1770.898
5570.056 1789.673
5571.109 1680.069
5572.162 1777.664
5573.215 1725.796
5574.268 2119.649
5575.321 4174.945
5576.374 29510.300
5577.427 53226.473
5578.480 42124.883
5579.533 7455.502
5580.586 1765.119
5581.639 1882.294
5582.692 1818.889
5583.745 1795.803
5584.798 1697.225
5585.851 1872.568
5586.904 1803.276
5587.957 1812.229
5589.010 1954.692
5590.063 1895.803
5591.116 1693.497
5592.169 1743.583
5593.222 1642.436
5594.275 1583.229
5595.328 1802.850
5596.381 1738.508
5597.434 1875.581
5598.487 1860.078
5599.540 1811.214
5600.593 1722.020
5601.646 1675.939
5602.699 1722.660
5603.752 1795.996
5604.805 1917.898
5605.858 2033.081
5606.911 1764.868
5607.964 1694.891
5609.017 1792.869
5610.070 1691.862
5611.123 1735.268
5612.176 1766.153
5613.229 1617.116
5614.282 1754.070
5615.335 1733.148
5616.388 1855.908
5617.441 1775.689
5618.494 1706.467
5619.547 1546.496
5620.600 1701.026
5621.653 1708.473
5622.706 1908.729
5623.759 1860.206
5624.812 1806.482
5625.865 1760.938
5626.918 1688.219
5627.971 1798.460
5629.024 1757.906
5630.077 1658.664
5631.130 1651.615
5632.183 1739.262
5633.236 1790.391
5634.289 1786.579
5635.342 1662.247
5636.395 1679.330
5637.448 1713.918
5638.501 1663.079
5639.554 1725.149
5640.608 1643.206
5641.661 1725.848
5642.714 1628.074
5643.767 1684.971
5644.820 1731.586
5645.873 1785.982
5646.926 1667.889
5647.979 1700.017
5649.032 1628.350
5650.085 1809.983
5651.138 1791.267
5652.191 1676.291
5653.244 1702.872
5654.297 1687.471
5655.350 1801.064
5656.403 1664.822
5657.456 1624.325
5658.509 1619.718
5659.562 1642.322
5660.615 1729.802
5661.668 1629.829
5662.721 1593.714
5663.774 1835.446
5664.827 1712.973
5665.880 1788.922
5666.933 1664.672
5667.986 1726.704
5669.039 1697.161
5670.092 1877.283
5671.145 1720.098
5672.198 1725.516
5673.251 1743.874
5674.304 1646.267
5675.357 1790.536
5676.410 1692.651
5677.463 1762.421
5678.516 1632.695
5679.569 1670.927
5680.622 1754.520
5681.675 1695.486
5682.728 1907.177
5683.781 1759.849
5684.834 1771.769
5685.887 1701.206
5686.940 1852.795
5687.993 1671.541
5689.046 1764.676
5690.099 1818.439
5691.152 1801.466
5692.205 1643.487
5693.258 1741.718
5694.311 1697.285
5695.364 1747.953
5696.417 1792.908
5697.470 1823.076
5698.523 1801.894
5699.576 1775.069
5700.629 1730.538
5701.682 1752.112
5702.735 1735.951
5703.788 1747.753
5704.841 1695.534
5705.894 1742.826
5706.947 1719.595
5708.000 1686.706
5709.053 1684.212
5710.106 1634.285
5711.159 1696.522
5712.212 1732.967
5713.265 1666.086
5714.318 1714.787
5715.371 1642.000
5716.424 1675.932
5717.477 1687.262
5718.530 1779.367
5719.583 1748.103
5720.636 1751.696
5721.689 1704.325
5722.742 1804.919
5723.796 1711.250
5724.849 1640.541
5725.902 1713.327
5726.955 1756.381
5728.008 1744.827
5729.061 1709.023
5730.114 1609.082
5731.167 1728.802
5732.220 1727.718
5733.273 1641.783
5734.326 1759.544
5735.379 1738.481
5736.432 1700.503
5737.485 1728.214
5738.538 1696.123
5739.591 1730.387
5740.644 1761.455
5741.697 1768.614
5742.750 1596.937
5743.803 1706.922
5744.856 1651.594
5745.909 1630.141
5746.962 1713.562
5748.015 1520.632
5749.068 1634.852
5750.121 1764.602
5751.174 1691.118
5752.227 1560.058
5753.280 1699.018
5754.333 1720.367
5755.386 1662.367
5756.439 1746.430
5757.492 1592.521
5758.545 1589.650
5759.598 1626.219
5760.651 1591.433
5761.704 1614.847
5762.757 1637.677
5763.810 1780.413
5764.863 1549.964
5765.916 1641.709
5766.969 1645.024
5768.022 1560.925
5769.075 1588.690
5770.128 1684.683
5771.181 1607.882
5772.234 1510.951
5773.287 1579.953
5774.340 1513.469
5775.393 1583.709
5776.446 1646.704
5777.499 1521.643
5778.552 1620.336
5779.605 1565.371
5780.658 1585.438
5781.711 1532.998
5782.764 1503.288
5783.817 1608.746
5784.870 1563.663
5785.923 1593.044
5786.976 1568.214
5788.029 1590.765
5789.082 1581.895
5790.135 1706.175
5791.188 1624.218
5792.241 1562.307
5793.294 1739.684
5794.347 1704.028
5795.400 1625.002
5796.453 1653.686
5797.506 1600.662
5798.559 1591.378
5799.612 1642.647
5800.665 1627.558
5801.718 1682.073
5802.771 1594.224
5803.824 1636.035
5804.877 1615.692
5805.931 1670.441
5806.984 1632.452
5808.037 1647.997
5809.090 1692.382
5810.143 1617.440
5811.196 1719.406
5812.249 1528.227
5813.302 1448.292
5814.355 1659.910
5815.408 1701.567
5816.461 1664.283
5817.514 1683.058
5818.567 1601.123
5819.620 1632.089
5820.673 1571.172
5821.726 1519.007
5822.779 1614.879
5823.832 1654.331
5824.885 1611.568
5825.938 1529.646
5826.991 1565.959
5828.044 1629.772
5829.097 1575.934
5830.150 1615.900
5831.203 1678.811
5832.256 1647.145
5833.309 1630.980
5834.362 1620.318
5835.415 1646.094
5836.468 1569.142
5837.521 1664.065
5838.574 1564.530
5839.627 1659.604
5840.680 1580.482
5841.733 1588.014
5842.786 1595.091
5843.839 1651.632
5844.892 1753.319
5845.945 1550.896
5846.998 1476.414
5848.051 1548.664
5849.104 1628.991
5850.157 1625.936
5851.210 1601.960
5852.263 1658.997
5853.316 1526.274
5854.369 1489.117
5855.422 1524.393
5856.475 1558.901
5857.528 1558.423
5858.581 1575.679
5859.634 1590.677
5860.687 1498.818
5861.740 1550.768
5862.793 1591.842
5863.846 1650.809
5864.899 1931.420
5865.952 2205.743
5867.005 2072.214
5868.058 2067.539
5869.111 1981.879
5870.164 1722.340
5871.217 1605.104
5872.270 1721.468
5873.323 1675.279
5874.376 1591.336
5875.429 1654.272
5876.482 1806.874
5877.535 2427.025
5878.588 4451.925
5879.641 4754.480
5880.694 2811.361
5881.747 1769.196
5882.800 1629.917
5883.853 1634.682
5884.906 1672.464
5885.959 1675.719
5887.012 1867.823
5888.065 2940.454
5889.119 5661.292
5890.172 7354.781
5891.225 5457.978
5892.278 1948.328
5893.331 1729.024
5894.384 2494.633
5895.437 4565.485
5896.490 4897.892
5897.543 3149.344
5898.596 1435.236
5899.649 1569.742
5900.702 1531.019
5901.755 1591.742
5902.808 1596.721
5903.861 1700.130
5904.914 1662.441
5905.967 1717.207
5907.020 1755.024
5908.073 1740.550
5909.126 1558.209
5910.179 1616.814
5911.232 1614.611
5912.285 1678.581
5913.338 1632.261
5914.391 2073.723
5915.444 2258.496
5916.497 2090.633
5917.550 1717.464
5918.603 1481.609
5919.656 1550.814
5920.709 1630.574
5921.762 1634.326
5922.815 1562.199
5923.868 1658.927
5924.921 1703.868
5925.974 1845.278
5927.027 1589.824
5928.080 1656.696
5929.133 1538.536
5930.186 1547.606
5931.239 1751.435
5932.292 2266.023
5933.345 2481.226
5934.398 2024.899
5935.451 1504.249
5936.504 1486.186
5937.557 1540.708
5938.610 1520.538
5939.663 1423.316
5940.716 1480.190
5941.769 1534.709
5942.822 1512.843
5943.875 1504.550
5944.928 1645.235
5945.981 1738.941
5947.034 1642.072
5948.087 1511.433
5949.140 1463.643
5950.193 1609.543
5951.246 1526.027
5952.299 1774.074
5953.352 2140.184
5954.405 2070.724
5955.458 1596.642
5956.511 1370.697
5957.564 1606.114
5958.617 1675.444
5959.670 1635.523
5960.723 1561.634
5961.776 1506.060
5962.829 1552.208
5963.882 1506.437
5964.935 1565.036
5965.988 1552.163
5967.041 1531.397
5968.094 1441.683
5969.147 1543.699
5970.200 1655.996
5971.254 1730.973
5972.307 1438.345
5973.360 1328.449
5974.413 1474.626
5975.466 1616.050
5976.519 1827.389
5977.572 1777.151
5978.625 1646.113
5979.678 1462.125
5980.731 1431.835
5981.784 1475.629
5982.837 1410.184
5983.890 1406.731
5984.943 1489.545
5985.996 1504.967
5987.049 1418.608
5988.102 1403.172
5989.155 1394.630
5990.208 1411.387
5991.261 1428.720
5992.314 1405.258
5993.367 1432.433
5994.420 1616.888
5995.473 1509.149
5996.526 1462.970
5997.579 1523.007
5998.632 1536.364
5999.685 1430.325
6000.738 1436.194
6001.791 1393.764
6002.844 1525.021
6003.897 1550.650
6004.950 1596.264
6006.003 1434.572
6007.056 1458.700
6008.109 1413.344
6009.162 1469.704
6010.215 1398.677
6011.268 1318.965
6012.321 1365.223
6013.374 1303.095
6014.427 1424.902
6015.480 1448.720
6016.533 1343.355
6017.586 1299.452
6018.639 1373.924
6019.692 1255.847
6020.745 1327.247
6021.798 1361.996
6022.851 1307.605
6023.904 1325.741
6024.957 1365.276
6026.010 1203.391
6027.063 1365.096
6028.116 1351.391
6029.169 1379.182
6030.222 1322.721
6031.275 1331.495
6032.328 1396.357
6033.381 1505.712
6034.434 1427.321
6035.487 1303.667
6036.540 1291.402
6037.593 1386.284
6038.646 1353.204
6039.699 1367.859
6040.752 1300.781
6041.805 1386.478
6042.858 1344.401
6043.911 1318.458
6044.964 1318.678
6046.017 1360.307
6047.070 1369.056
6048.123 1309.342
6049.176 1270.675
6050.229 1282.297
6051.282 1367.813
6052.335 1313.156
6053.388 1345.307
6054.442 1311.068
6055.495 1376.830
6056.548 1320.499
6057.601 1314.097
6058.654 1313.416
6059.707 1288.991
6060.760 1258.842
6061.813 1368.008
6062.866 1409.298
6063.919 1296.057
6064.972 1234.058
6066.025 1315.679
6067.078 1309.936
6068.131 1224.617
6069.184 1294.873
6070.237 1320.533
6071.290 1262.357
6072.343 1172.902
6073.396 1286.113
6074.449 1371.899
6075.502 1307.416
6076.555 1299.677
6077.608 1285.829
6078.661 1273.761
6079.714 1217.680
6080.767 1261.762
6081.820 1302.515
6082.873 1253.444
6083.926 1218.444
6084.979 1216.136
6086.032 1212.857
6087.085 1207.046
6088.138 1309.337
6089.191 1312.150
6090.244 1212.490
6091.297 1273.506
6092.350 1316.542
6093.403 1261.688
6094.456 1281.695
6095.509 1262.741
6096.562 1355.819
6097.615 1208.980
6098.668 1357.695
6099.721 1369.676
6100.774 1276.110
6101.827 1264.675
6102.880 1229.390
6103.933 1263.127
6104.986 1321.759
6106.039 1300.442
6107.092 1168.391
6108.145 1294.946
6109.198 1306.617
6110.251 1222.851
6111.304 1245.808
6112.357 1259.313
6113.410 1274.423
6114.463 1281.507
6115.516 1286.503
6116.569 1249.760
6117.622 1249.121
6118.675 1219.166
6119.728 1212.230
6120.781 1263.021
6121.834 1296.316
6122.887 1250.468
6123.940 1212.517
6124.993 1230.767
6126.046 1096.561
6127.099 1224.313
6128.152 1308.393
6129.205 1231.844
6130.258 1203.785
6131.311 1242.682
6132.364 1202.532
6133.417 1202.891
6134.470 1201.070
6135.523 1203.281
6136.577 1367.578
6137.630 1243.169
6138.683 1371.807
6139.736 1367.145
6140.789 1180.938
6141.842 1179.490
6142.895 1277.163
6143.948 1463.490
6145.001 1339.901
6146.054 1242.944
6147.107 1240.605
6148.160 1193.904
6149.213 1215.214
6150.266 1190.043
6151.319 1271.816
6152.372 1171.962
6153.425 1226.300
6154.478 1287.080
6155.531 1532.716
6156.584 1795.179
6157.637 2017.822
6158.690 1833.328
6159.743 1543.948
6160.796 1267.166
6161.849 1280.357
6162.902 1185.900
6163.955 1194.512
6165.008 1145.953
6166.061 1113.613
6167.114 1151.452
6168.167 1079.196
6169.220 1187.788
6170.273 1579.563
6171.326 1509.309
6172.379 1282.282
6173.432 1142.080
6174.485 1155.567
6175.538 1167.473
6176.591 1292.632
6177.644 1241.796
6178.697 1200.911
6179.750 1140.745
6180.803 1255.309
6181.856 1324.969
6182.909 1190.373
6183.962 1257.269
6185.015 1236.516
6186.068 1206.523
6187.121 1205.848
6188.174 1238.698
6189.227 1243.476
6190.280 1201.272
6191.333 1240.489
6192.386 1183.903
6193.439 1193.816
6194.492 1239.009
6195.545 1221.984
6196.598 1239.754
6197.651 1210.515
6198.704 1131.026
6199.757 1196.527
6200.810 1223.729
6201.863 1359.175
6202.916 1420.709
6203.969 1348.377
6205.022 1196.670
6206.075 1168.722
6207.128 1166.235
6208.181 1161.098
6209.234 1181.381
6210.287 1233.471
6211.340 1287.299
6212.393 1255.694
6213.446 1270.770
6214.499 1275.547
6215.552 1162.656
6216.605 1147.432
6217.658 1139.291
6218.711 1136.829
6219.765 1175.252
6220.818 1317.031
6221.871 1475.694
6222.924 1347.453
6223.977 1201.821
6225.030 1130.575
6226.083 1195.572
6227.136 1130.977
6228.189 1163.095
6229.242 1168.549
6230.295 1094.426
6231.348 1156.312
6232.401 1228.272
6233.454 1403.797
6234.507 1835.818
6235.560 2133.400
6236.613 2064.080
6237.666 1779.057
6238.719 1382.033
6239.772 1330.032
6240.825 1373.394
6241.878 1387.231
6242.931 1493.277
6243.984 1445.169
6245.037 1315.966
6246.090 1220.306
6247.143 1252.308
6248.196 1217.025
6249.249 1166.629
6250.302 1069.179
6251.355 1117.043
6252.408 1074.468
6253.461 1099.308
6254.514 1137.359
6255.567 1092.476
6256.620 1605.656
6257.673 2323.188
6258.726 2148.268
6259.779 1559.934
6260.832 1089.254
6261.885 1174.970
6262.938 1161.384
6263.991 1325.193
6265.044 1564.628
6266.097 1470.558
6267.150 1321.827
6268.203 1281.501
6269.256 1235.119
6270.309 1128.827
6271.362 1116.611
6272.415 1189.572
6273.468 1135.039
6274.521 1169.839
6275.574 1266.786
6276.627 1314.139
6277.680 1173.455
6278.733 1157.211
6279.786 1165.340
6280.839 1069.015
6281.892 1128.827
6282.945 1157.050
6283.998 1162.580
6285.051 1203.350
6286.104 1445.139
6287.157 2119.670
6288.210 2120.849
6289.263 1492.610
6290.316 1151.449
6291.369 1098.310
6292.422 1106.799
6293.475 1123.926
6294.528 1101.909
6295.581 1156.380
6296.634 1413.657
6297.687 1946.627
6298.740 9550.425
6299.793 47037.272
6300.846 53559.728
6301.899 27225.013
6302.953 2278.255
6304.006 1753.485
6305.059 1428.146
6306.112 1927.959
6307.165 2214.756
6308.218 1979.627
6309.271 1227.637
6310.324 1201.848
6311.377 1223.115
6312.430 1128.748
6313.483 1146.599
6314.536 1261.213
6315.589 1414.199
6316.642 1365.330
6317.695 1133.626
6318.748 1146.248
6319.801 1176.288
6320.854 1416.835
6321.907 1511.767
6322.960 1219.694
6324.013 1108.607
6325.066 1070.000
6326.119 1132.309
6327.172 1134.881
6328.225 1273.945
6329.278 1944.632
6330.331 2166.689
6331.384 1522.239
6332.437 1155.787
6333.490 1136.776
6334.543 1176.426
6335.596 1200.616
6336.649 1103.566
6337.702 1099.565
6338.755 1123.104
6339.808 1067.197
6340.861 1012.925
6341.914 1091.993
6342.967 1152.913
6344.020 1088.811
6345.073 1105.396
6346.126 1092.889
6347.179 1164.090
6348.232 1347.800
6349.285 1305.669
6350.338 1102.290
6351.391 1060.372
6352.444 1089.533
6353.497 1075.366
6354.550 1110.686
6355.603 1434.723
6356.656 1738.190
6357.709 1413.587
6358.762 1049.217
6359.815 1223.374
6360.868 1106.522
6361.921 2668.627
6362.974 11883.290
6364.027 19638.791
6365.080 12378.968
6366.133 2328.679
6367.186 1189.944
6368.239 1131.375
6369.292 1136.068
6370.345 1025.101
6371.398 1068.954
6372.451 1047.918
6373.504 1087.737
6374.557 1045.226
6375.610 1065.056
6376.663 1137.626
6377.716 1112.817
6378.769 1171.360
6379.822 1190.663
6380.875 1113.102
6381.928 1053.890
6382.981 1003.069
6384.034 1079.289
6385.088 1135.794
6386.141 1271.006
6387.194 1411.861
6388.247 1145.521
6389.300 1092.988
6390.353 1096.822
6391.406 1083.228
6392.459 1074.661
6393.512 1031.204
6394.565 1092.816
6395.618 972.749
6396.671 1072.776
6397.724 941.237
6398.777 1040.472
6399.830 1010.126
6400.883 1054.316
6401.936 1097.144
6402.989 1043.099
6404.042 1015.834
6405.095 1013.254
6406.148 1018.535
6407.201 1003.066
6408.254 1037.017
6409.307 1073.763
6410.360 1067.162
6411.413 1041.360
6412.466 1015.579
6413.519 1070.738
6414.572 1100.183
6415.625 1027.797
6416.678 998.336
6417.731 1054.205
6418.784 1060.966
6419.837 1091.144
6420.890 1189.441
6421.943 1078.906
6422.996 939.247
6424.049 900.859
6425.102 940.292
6426.155 977.665
6427.208 1034.991
6428.261 1056.423
6429.314 984.045
6430.367 954.583
6431.420 942.463
6432.473 964.120
6433.526 993.260
6434.579 936.317
6435.632 990.429
6436.685 1042.359
6437.738 1036.144
6438.791 989.461
6439.844 1006.465
6440.897 993.757
6441.950 1002.600
6443.003 982.254
6444.056 946.279
6445.109 1021.355
6446.162 965.028
6447.215 1014.164
6448.268 995.269
6449.321 1011.899
6450.374 1043.453
6451.427 1061.965
6452.480 1078.711
6453.533 1123.478
6454.586 1173.728
6455.639 1310.967
6456.692 1175.180
6457.745 1099.420
6458.798 1053.564
6459.851 1039.246
6460.904 1034.566
6461.957 1119.018
6463.010 1248.012
6464.063 1403.364
6465.116 1414.333
6466.169 1428.877
6467.222 1303.635
6468.276 1100.255
6469.329 1136.666
6470.382 1402.142
6471.435 1507.872
6472.488 1203.679
6473.541 978.860
6474.594 984.402
6475.647 928.843
6476.700 1033.545
6477.753 1135.836
6478.806 1050.768
6479.859 993.918
6480.912 955.309
6481.965 942.764
6483.018 927.408
6484.071 903.405
6485.124 904.707
6486.177 974.041
6487.230 977.468
6488.283 927.805
6489.336 917.699
6490.389 968.559
6491.442 952.654
6492.495 978.035
6493.548 934.818
6494.601 929.113
6495.654 954.106
6496.707 1019.355
6497.760 1596.398
6498.813 2176.427
6499.866 1869.024
6500.919 1097.000
6501.972 980.430
6503.025 995.262
6504.078 1176.566
6505.131 1315.894
6506.184 1249.255
6507.237 973.843
6508.290 973.573
6509.343 1045.348
6510.396 936.285
6511.449 941.591
6512.502 992.830
6513.555 1010.392
6514.608 1113.984
6515.661 975.014
6516.714 880.202
6517.767 918.889
6518.820 960.642
6519.873 894.022
6520.926 960.117
6521.979 1175.743
6523.032 1224.766
6524.085 1080.303
6525.138 941.491
6526.191 954.381
6527.244 956.957
6528.297 926.204
6529.350 975.197
6530.403 889.185
6531.456 1074.597
6532.509 1747.371
6533.562 1919.222
6534.615 1375.666
6535.668 915.284
6536.721 954.606
6537.774 917.983
6538.827 875.398
6539.880 916.031
6540.933 981.409
6541.986 954.751
6543.039 1163.291
6544.092 1338.040
6545.145 1244.359
6546.198 949.007
6547.251 985.224
6548.304 900.075
6549.357 985.412
6550.411 1064.013
6551.464 1222.776
6552.517 1560.478
6553.570 2015.418
6554.623 1807.170
6555.676 1120.606
6556.729 863.793
6557.782 876.010
6558.835 919.746
6559.888 965.472
6560.941 1044.588
6561.994 1154.429
6563.047 1799.774
6564.100 1950.035
6565.153 22617.873
6566.206 55756.394
6567.259 54768.138
6568.312 22010.882
6569.365 900.536
6570.418 1693.965
6571.471 1266.115
6572.524 1275.374
6573.577 1007.405
6574.630 844.922
6575.683 1024.992
6576.736 1625.643
6577.789 1636.124
6578.842 1326.836
6579.895 966.457
6580.948 887.133
6582.001 901.769
6583.054 912.622
6584.107 983.756
6585.160 1115.717
6586.213 1377.553
6587.266 1574.748
6588.319 1258.474
6589.372 982.801
6590.425 911.693
6591.478 924.659
6592.531 925.726
6593.584 884.089
6594.637 856.645
6595.690 990.625
6596.743 1095.620
6597.796 1006.736
6598.849 916.748
6599.902 916.549
6600.955 907.870
6602.008 869.719
6603.061 1072.266
6604.114 1302.372
6605.167 1255.871
6606.220 1017.614
6607.273 860.083
6608.326 910.491
6609.379 929.099
6610.432 860.653
6611.485 862.748
6612.538 893.146
6613.591 855.505
6614.644 926.134
6615.697 835.653
6616.750 767.412
6617.803 856.571
6618.856 869.956
6619.909 830.627
6620.962 881.868
6622.015 932.285
6623.068 869.519
6624.121 887.909
6625.174 915.103
6626.227 950.188
6627.280 1045.886
6628.333 981.721
6629.386 934.838
6630.439 897.146
6631.492 897.679
6632.545 935.710
6633.599 1015.199
6634.652 1042.778
6635.705 960.944
6636.758 889.111
6637.811 828.064
6638.864 831.934
6639.917 874.694
6640.970 870.796
6642.023 876.556
6643.076 837.905
6644.129 877.141
6645.182 915.868
6646.235 865.724
6647.288 876.615
6648.341 921.569
6649.394 913.302
6650.447 833.726
6651.500 909.289
6652.553 827.203
6653.606 903.309
6654.659 856.430
6655.712 841.568
6656.765 829.106
6657.818 819.560
6658.871 807.184
6659.924 855.423
6660.977 936.106
6662.030 924.784
6663.083 859.303
6664.136 846.773
6665.189 817.467
6666.242 799.850
6667.295 842.514
6668.348 886.750
6669.401 879.575
6670.454 871.143
6671.507 814.100
6672.560 847.870
6673.613 867.094
6674.666 816.148
6675.719 862.941
6676.772 873.601
6677.825 849.715
6678.878 834.849
6679.931 859.848
6680.984 1196.435
6682.037 1453.209
6683.090 1318.864
6684.143 888.153
6685.196 892.023
6686.249 879.648
6687.302 880.403
6688.355 858.579
6689.408 863.564
6690.461 730.150
6691.514 840.083
6692.567 910.106
6693.620 866.959
6694.673 875.818
6695.726 855.890
6696.779 827.850
6697.832 854.561
6698.885 877.473
6699.938 881.436
6700.991 845.937
6702.044 815.399
6703.097 865.939
6704.150 930.306
6705.203 814.055
6706.256 865.577
6707.309 915.069
6708.362 845.513
6709.415 816.515
6710.468 885.830
6711.521 801.911
6712.574 861.046
6713.627 870.599
6714.680 864.635
6715.734 872.762
6716.787 818.637
6717.840 1125.154
6718.893 1828.997
6719.946 2556.739
6720.999 2198.849
6722.052 1264.164
6723.105 825.700
6724.158 805.849
6725.211 841.124
6726.264 868.656
6727.317 850.200
6728.370 841.262
6729.423 873.666
6730.476 838.502
6731.529 838.000
6732.582 1209.526
6733.635 1887.048
6734.688 2097.108
6735.741 1487.617
6736.794 897.187
6737.847 867.808
6738.900 904.015
6739.953 903.021
6741.006 837.467
6742.059 817.146
6743.112 820.283
6744.165 809.570
6745.218 841.159
6746.271 875.807
6747.324 842.240
6748.377 812.989
6749.430 820.298
6750.483 842.938
6751.536 846.092
6752.589 871.445
6753.642 850.913
6754.695 794.412
6755.748 751.056
6756.801 803.636
6757.854 870.024
6758.907 837.194
6759.960 836.488
6761.013 841.901
6762.066 851.288
6763.119 805.397
6764.172 817.288
6765.225 783.411
6766.278 863.378
6767.331 831.509
6768.384 758.097
6769.437 837.965
6770.490 836.636
6771.543 791.362
6772.596 777.277
6773.649 782.887
6774.702 754.381
6775.755 803.160
6776.808 794.384
6777.861 790.526
6778.914 824.455
6779.967 784.526
6781.020 808.734
6782.073 874.559
6783.126 837.078
6784.179 796.596
6785.232 781.980
6786.285 758.934
6787.338 838.056
6788.391 870.240
6789.444 800.575
6790.497 848.442
6791.550 800.828
6792.603 791.528
6793.656 869.920
6794.709 819.118
6795.762 812.296
6796.815 804.209
6797.868 790.395
6798.922 847.768
6799.975 838.412
6801.028 852.366
6802.081 850.275
6803.134 780.089
6804.187 833.969
6805.240 837.657
6806.293 776.126
6807.346 786.224
6808.399 798.484
6809.452 811.556
6810.505 822.047
6811.558 834.976
6812.611 843.365
6813.664 840.469
6814.717 824.573
6815.770 766.255
6816.823 814.672
6817.876 774.005
6818.929 877.650
6819.982 766.343
6821.035 763.186
6822.088 782.770
6823.141 789.385
6824.194 735.105
6825.247 788.915
6826.300 1025.696
6827.353 1281.801
6828.406 1832.333
6829.459 2186.578
6830.512 1786.785
6831.565 1101.499
6832.618 1104.978
6833.671 1835.685
6834.724 2111.078
6835.777 1620.199
6836.830 833.201
6837.883 775.910
6838.936 824.416
6839.989 869.118
6841.042 1059.616
6842.095 1150.305
6843.148 1020.516
6844.201 817.257
6845.254 824.624
6846.307 785.857
6847.360 783.662
6848.413 789.640
6849.466 836.805
6850.519 815.990
6851.572 819.970
6852.625 829.027
6853.678 772.309
6854.731 745.548
6855.784 727.265
6856.837 732.894
6857.890 733.966
6858.943 740.447
6859.996 751.627
6861.049 805.235
6862.102 1234.752
6863.155 2635.936
6864.208 3506.898
6865.261 2479.088
6866.314 899.026
6867.367 618.102
6868.420 515.838
6869.473 534.252
6870.526 711.650
6871.579 814.714
6872.632 626.494
6873.685 503.573
6874.738 541.720
6875.791 599.057
6876.844 597.895
6877.897 635.368
6878.950 682.627
6880.003 798.129
6881.056 1040.874
6882.110 1045.324
6883.163 825.685
6884.216 715.527
6885.269 696.671
6886.322 685.074
6887.375 724.211
6888.428 1007.918
6889.481 1128.748
6890.534 1000.181
6891.587 742.838
6892.640 661.273
6893.693 677.350
6894.746 701.643
6895.799 671.957
6896.852 631.991
6897.905 645.797
6898.958 715.993
6900.011 990.985
6901.064 1187.799
6902.117 966.702
6903.170 740.587
6904.223 665.414
6905.276 609.537
6906.329 715.154
6907.382 754.839
6908.435 740.380
6909.488 678.414
6910.541 677.764
6911.594 1174.566
6912.647 1497.799
6913.700 1268.273
6914.753 805.536
6915.806 665.135
6916.859 764.041
6917.912 716.822
6918.965 669.582
6920.018 693.742
6921.071 800.937
6922.124 1457.572
6923.177 2149.149
6924.230 1827.489
6925.283 1024.851
6926.336 761.415
6927.389 781.695
6928.442 740.529
6929.495 688.920
6930.548 752.184
6931.601 758.113
6932.654 708.022
6933.707 770.285
6934.760 732.493
6935.813 744.974
6936.866 760.640
6937.919 850.655
6938.972 1248.176
6940.025 1436.842
6941.078 1020.489
6942.131 743.682
6943.184 768.641
6944.237 755.117
6945.290 732.941
6946.343 706.725
6947.396 1103.767
6948.449 1997.789
6949.502 2343.512
6950.555 1662.221
6951.608 749.481
6952.661 779.927
6953.714 757.329
6954.767 770.559
6955.820 796.012
6956.873 767.689
6957.926 727.756
6958.979 768.259
6960.032 759.289
6961.085 719.162
6962.138 748.698
6963.191 745.476
6964.245 784.441
6965.298 815.143
6966.351 765.409
6967.404 772.648
6968.457 858.530
6969.510 1091.750
6970.563 1142.516
6971.616 957.868
6972.669 779.236
6973.722 773.570
6974.775 760.171
6975.828 772.518
6976.881 943.081
6977.934 1507.569
6978.987 1658.905
6980.040 1157.979
6981.093 798.567
6982.146 735.288
6983.199 723.836
6984.252 744.942
6985.305 779.946
6986.358 749.326
6987.411 772.583
6988.464 755.539
6989.517 693.281
6990.570 749.873
6991.623 741.505
6992.676 725.092
6993.729 739.291
6994.782 773.006
6995.835 747.097
6996.888 743.956
6997.941 722.348
6998.994 719.581
7000.047 774.790
7001.100 905.886
7002.153 1030.746
7003.206 1129.204
7004.259 1055.004
7005.312 851.356
7006.365 727.536
7007.418 751.109
7008.471 751.505
7009.524 754.418
7010.577 960.112
7011.630 1083.163
7012.683 985.972
7013.736 765.424
7014.789 716.895
7015.842 714.297
7016.895 681.860
7017.948 666.762
7019.001 672.707
7020.054 724.964
7021.107 678.316
7022.160 720.458
7023.213 722.958
7024.266 703.338
7025.319 722.323
7026.372 734.347
7027.425 673.195
7028.478 648.252
7029.531 726.867
7030.584 720.671
7031.637 688.755
7032.690 678.120
7033.743 670.652
7034.796 697.691
7035.849 692.596
7036.902 736.250
7037.955 692.224
7039.008 711.096
7040.061 787.073
7041.114 799.991
7042.167 804.806
7043.220 752.720
7044.273 704.422
7045.326 761.352
7046.379 871.142
7047.433 965.691
7048.486 975.621
7049.539 893.982
7050.592 864.915
7051.645 801.742
7052.698 785.405
7053.751 794.213
7054.804 727.686
7055.857 743.331
7056.910 721.905
7057.963 743.031
7059.016 680.168
7060.069 712.911
7061.122 731.110
7062.175 764.085
7063.228 782.481
7064.281 787.138
7065.334 793.097
7066.387 783.160
7067.440 865.428
7068.493 1040.243
7069.546 1136.525
7070.599 975.017
7071.652 793.694
7072.705 719.837
7073.758 748.634
7074.811 761.549
7075.864 717.616
7076.917 679.648
7077.970 745.694
7079.023 717.724
7080.076 736.059
7081.129 768.892
7082.182 778.083
7083.235 812.614
7084.288 769.476
7085.341 709.922
7086.394 755.616
7087.447 789.390
7088.500 839.260
7089.553 830.441
7090.606 765.970
7091.659 758.213
7092.712 755.950
7093.765 708.229
7094.818 670.838
7095.871 716.249
7096.924 685.626
7097.977 677.815
7099.030 659.161
7100.083 653.204
7101.136 691.912
7102.189 680.828
7103.242 647.168
7104.295 673.086
7105.348 690.561
7106.401 715.249
7107.454 638.052
7108.507 729.770
7109.560 725.889
7110.613 692.064
7111.666 728.612
7112.719 666.900
7113.772 685.271
7114.825 654.768
7115.878 699.932
7116.931 741.044
7117.984 706.164
7119.037 681.753
7120.090 662.735
7121.143 654.027
7122.196 673.140
7123.249 676.262
7124.302 681.272
7125.355 692.548
7126.408 719.185
7127.461 720.934
7128.514 711.963
7129.568 633.307
7130.621 704.571
7131.674 799.742
7132.727 705.023
7133.780 740.123
7134.833 768.043
7135.886 695.618
7136.939 669.439
7137.992 877.197
7139.045 1510.133
7140.098 1920.731
7141.151 1548.682
7142.204 941.089
7143.257 758.184
7144.310 852.309
7145.363 817.446
7146.416 780.991
7147.469 764.620
7148.522 773.693
7149.575 746.284
7150.628 674.947
7151.681 692.084
7152.734 640.375
7153.787 659.567
7154.840 698.987
7155.893 666.674
7156.946 672.385
7157.999 715.369
7159.052 693.381
7160.105 686.059
7161.158 733.791
7162.211 750.086
7163.264 690.729
7164.317 644.478
7165.370 731.105
7166.423 775.984
7167.476 636.385
7168.529 609.466
7169.582 684.693
7170.635 739.630
7171.688 634.526
7172.741 591.940
7173.794 655.181
7174.847 647.156
7175.900 691.854
7176.953 692.875
7178.006 594.767
7179.059 657.062
7180.112 691.409
7181.165 679.308
7182.218 726.016
7183.271 685.712
7184.324 635.387
7185.377 624.163
7186.430 581.913
7187.483 531.199
7188.536 589.110
7189.589 588.200
7190.642 576.128
7191.695 596.662
7192.748 602.380
7193.801 609.739
7194.854 575.201
7195.907 574.517
7196.960 602.082
7198.013 587.833
7199.066 618.803
7200.119 581.350
7201.172 563.721
7202.225 614.652
7203.278 613.873
7204.331 631.611
7205.384 623.441
7206.437 625.596
7207.490 632.495
7208.543 633.214
7209.596 653.898
7210.649 644.907
7211.702 627.443
7212.756 608.589
7213.809 583.437
7214.862 628.078
7215.915 687.511
7216.968 656.380
7218.021 625.732
7219.074 670.634
7220.127 633.563
7221.180 656.718
7222.233 724.104
7223.286 681.257
7224.339 700.410
7225.392 670.857
7226.445 646.623
7227.498 658.410
7228.551 622.605
7229.604 692.556
7230.657 703.901
7231.710 669.496
7232.763 646.680
7233.816 659.690
7234.869 573.773
7235.922 628.103
7236.975 731.592
7238.028 1407.648
7239.081 2420.673
7240.134 3183.065
7241.187 2859.419
7242.240 1886.439
7243.293 1621.566
7244.346 2595.252
7245.399 3286.253
7246.452 2421.779
7247.505 1208.407
7248.558 721.195
7249.611 778.809
7250.664 724.698
7251.717 874.537
7252.770 1180.887
7253.823 1223.410
7254.876 1024.842
7255.929 893.744
7256.982 794.762
7258.035 641.240
7259.088 636.730
7260.141 678.860
7261.194 712.587
7262.247 716.122
7263.300 609.694
7264.353 640.942
7265.406 682.236
7266.459 623.885
7267.512 728.327
7268.565 772.922
7269.618 712.958
7270.671 720.842
7271.724 665.089
7272.777 670.269
7273.830 856.998
7274.883 2426.689
7275.936 4489.608
7276.989 4771.180
7278.042 2815.582
7279.095 967.987
7280.148 703.140
7281.201 783.411
7282.254 898.270
7283.307 1463.388
7284.360 2126.524
7285.413 2136.734
7286.466 1320.526
7287.519 759.010
7288.572 635.861
7289.625 626.491
7290.678 685.721
7291.731 693.875
7292.784 680.634
7293.837 706.008
7294.891 859.601
7295.944 1088.747
7296.997 1020.802
7298.050 743.929
7299.103 650.108
7300.156 649.691
7301.209 573.719
7302.262 958.320
7303.315 1403.557
7304.368 1496.547
7305.421 1079.891
7306.474 776.373
7307.527 674.566
7308.580 632.643
7309.633 702.971
7310.686 706.367
7311.739 664.300
7312.792 641.162
7313.845 797.324
7314.898 1842.239
7315.951 3547.803
7317.004 3715.730
7318.057 1967.181
7319.110 916.495
7320.163 632.715
7321.216 671.877
7322.269 737.927
7323.322 744.995
7324.375 739.149
7325.428 716.012
7326.481 630.563
7327.534 956.073
7328.587 1710.791
7329.640 1905.274
7330.693 1408.515
7331.746 873.580
7332.799 724.825
7333.852 748.585
7334.905 749.001
7335.958 659.620
7337.011 628.768
7338.064 649.618
7339.117 1550.565
7340.170 3397.238
7341.223 4362.213
7342.276 3077.733
7343.329 1282.316
7344.382 724.080
7345.435 643.332
7346.488 712.903
7347.541 646.933
7348.594 620.825
7349.647 660.242
7350.700 650.837
7351.753 704.509
7352.806 689.685
7353.859 616.525
7354.912 658.688
7355.965 679.033
7357.018 949.287
7358.071 1527.241
7359.124 1693.093
7360.177 1259.699
7361.230 761.069
7362.283 592.218
7363.336 577.054
7364.389 648.169
7365.442 616.881
7366.495 660.504
7367.548 1146.723
7368.601 2622.342
7369.654 3366.823
7370.707 2439.251
7371.760 1220.128
7372.813 753.049
7373.866 706.049
7374.919 651.394
7375.972 607.430
7377.025 593.987
7378.079 639.968
7379.132 588.200
7380.185 672.981
7381.238 633.995
7382.291 647.057
7383.344 599.182
7384.397 607.983
7385.450 607.244
7386.503 602.106
7387.556 574.779
7388.609 608.220
7389.662 727.255
7390.715 920.778
7391.768 1220.607
7392.821 1313.198
7393.874 1059.841
7394.927 715.512
7395.980 611.165
7397.033 569.415
7398.086 567.628
7399.139 641.077
7400.192 1018.415
7401.245 1873.718
7402.298 2304.867
7403.351 1623.037
7404.404 823.027
7405.457 638.494
7406.510 563.585
7407.563 502.415
7408.616 520.047
7409.669 517.147
7410.722 512.756
7411.775 573.206
7412.828 571.744
7413.881 589.658
7414.934 556.629
7415.987 604.953
7417.040 591.101
7418.093 580.580
7419.146 584.392
7420.199 547.403
7421.252 526.129
7422.305 577.115
7423.358 620.986
7424.411 610.970
7425.464 534.881
7426.517 576.111
7427.570 612.075
7428.623 741.533
7429.676 926.246
7430.729 913.699
7431.782 691.601
7432.835 582.445
7433.888 545.747
7434.941 534.446
7435.994 593.196
7437.047 873.769
7438.100 1310.166
7439.153 1319.403
7440.206 1000.659
7441.259 710.541
7442.312 558.148
7443.365 590.152
7444.418 570.451
7445.471 504.907
7446.524 504.584
7447.577 496.627
7448.630 530.920
7449.683 552.986
7450.736 516.920
7451.789 590.191
7452.842 546.021
7453.895 497.980
7454.948 505.573
7456.001 581.980
7457.054 531.638
7458.107 512.078
7459.160 555.957
7460.214 619.074
7461.267 654.984
7462.320 603.082
7463.373 632.015
7464.426 730.183
7465.479 735.209
7466.532 810.417
7467.585 865.524
7468.638 736.565
7469.691 648.311
7470.744 770.975
7471.797 891.512
7472.850 981.638
7473.903 1149.298
7474.956 1151.215
7476.009 959.795
7477.062 675.564
7478.115 626.417
7479.168 861.829
7480.221 949.522
7481.274 949.304
7482.327 949.085
7483.380 948.866
7484.433 948.650
7485.486 948.430
