3561.035 848.775
3562.213 773.589
3563.392 732.484
3564.571 937.905
3565.750 1271.709
3566.929 308.776
3568.108 778.037
3569.286 912.426
3570.465 560.006
3571.644 749.290
3572.823 1228.505
3574.002 1137.388
3575.180 721.539
3576.359 605.431
3577.538 628.574
3578.717 1100.981
3579.896 634.562
3581.075 348.160
3582.253 656.605
3583.432 784.647
3584.611 646.725
3585.790 638.549
3586.969 796.679
3588.147 1040.205
3589.326 651.368
3590.505 976.210
3591.684 640.488
3592.863 485.578
3594.042 1168.998
3595.220 727.850
3596.399 963.504
3597.578 1052.683
3598.757 685.598
3599.936 570.468
3601.114 398.517
3602.293 685.113
3603.472 907.994
3604.651 1434.726
3605.830 468.824
3607.009 667.175
3608.187 418.886
3609.366 756.292
3610.545 366.307
3611.724 648.977
3612.903 737.213
3614.081 414.600
3615.260 790.788
3616.439 1215.890
3617.618 1253.986
3618.797 649.131
3619.976 1014.859
3621.154 1071.740
3622.333 526.657
3623.512 1020.942
3624.691 912.823
3625.870 1206.947
3627.048 1023.077
3628.227 776.544
3629.406 941.198
3630.585 966.970
3631.764 1380.343
3632.943 1243.294
3634.121 935.766
3635.300 1269.379
3636.479 1150.446
3637.658 1423.886
3638.837 948.613
3640.015 1102.550
3641.194 903.688
3642.373 788.706
3643.552 1133.325
3644.731 1222.965
3645.910 1123.084
3647.088 841.011
3648.267 951.896
3649.446 758.245
3650.625 1145.460
3651.804 1100.120
3652.982 1011.396
3654.161 836.020
3655.340 469.273
3656.519 836.869
3657.698 815.489
3658.877 973.305
3660.055 1193.208
3661.234 632.142
3662.413 1095.708
3663.592 756.970
3664.771 825.559
3665.949 780.009
3667.128 808.089
3668.307 754.996
3669.486 651.268
3670.665 990.408
3671.844 602.422
3673.022 1050.633
3674.201 898.718
3675.380 721.013
3676.559 818.795
3677.738 692.097
3678.916 625.657
3680.095 482.380
3681.274 327.734
3682.453 903.437
3683.632 900.198
3684.811 805.939
3685.989 738.289
3687.168 592.947
3688.347 799.888
3689.526 785.304
3690.705 650.816
3691.883 823.387
3693.062 1057.314
3694.241 1111.974
3695.420 1089.181
3696.599 744.255
3697.777 703.200
3698.956 978.883
3700.135 865.447
3701.314 1104.871
3702.493 650.258
3703.672 871.766
3704.850 1050.715
3706.029 908.881
3707.208 1309.357
3708.387 647.026
3709.566 802.260
3710.744 736.869
3711.923 637.221
3713.102 877.373
3714.281 1375.327
3715.460 1186.026
3716.639 461.982
3717.817 515.037
3718.996 696.097
3720.175 197.142
3721.354 573.183
3722.533 1160.046
3723.711 1266.215
3724.890 1251.805
3726.069 2039.335
3727.248 6083.163
3728.427 9986.651
3729.606 11624.756
3730.784 13502.341
3731.963 11412.494
3733.142 3727.454
3734.321 1047.899
3735.500 1141.665
3736.678 1554.413
3737.857 1154.108
3739.036 989.694
3740.215 1188.232
3741.394 1221.069
3742.573 893.014
3743.751 734.594
3744.930 823.680
3746.109 765.071
3747.288 771.367
3748.467 751.436
3749.645 751.732
3750.824 889.913
3752.003 1417.703
3753.182 1439.081
3754.361 1020.897
3755.540 808.271
3756.718 622.087
3757.897 965.504
3759.076 488.421
3760.255 468.133
3761.434 550.404
3762.612 764.779
3763.791 822.169
3764.970 617.371
3766.149 747.066
3767.328 558.148
3768.507 542.589
3769.685 627.660
3770.864 805.670
3772.043 1405.952
3773.222 1883.810
3774.401 1299.240
3775.579 566.452
3776.758 616.706
3777.937 823.832
3779.116 693.692
3780.295 673.439
3781.474 549.894
3782.652 621.575
3783.831 584.968
3785.010 799.757
3786.189 734.320
3787.368 572.935
3788.546 567.456
3789.725 616.512
3790.904 563.121
3792.083 619.157
3793.262 661.679
3794.441 723.194
3795.619 654.066
3796.798 652.443
3797.977 511.870
3799.156 1402.827
3800.335 1906.462
3801.513 1623.871
3802.692 539.809
3803.871 836.976
3805.050 472.255
3806.229 788.476
3807.408 584.325
3808.586 707.676
3809.765 407.951
3810.944 511.445
3812.123 594.501
3813.302 440.528
3814.480 681.996
3815.659 780.048
3816.838 811.897
3818.017 771.612
3819.196 603.750
3820.375 754.431
3821.553 904.550
3822.732 753.833
3823.911 764.842
3825.090 674.753
3826.269 595.481
3827.447 491.581
3828.626 664.367
3829.805 799.510
3830.984 942.253
3832.163 818.374
3833.342 641.865
3834.520 836.115
3835.699 968.274
3836.878 2218.508
3838.057 2556.536
3839.236 1845.195
3840.414 572.553
3841.593 499.634
3842.772 568.915
3843.951 734.263
3845.130 781.040
3846.309 647.054
3847.487 664.613
3848.666 776.253
3849.845 642.082
3851.024 609.500
3852.203 691.341
3853.381 595.456
3854.560 563.491
3855.739 614.880
3856.918 498.630
3858.097 574.961
3859.275 540.808
3860.454 604.005
3861.633 582.435
3862.812 441.593
3863.991 595.116
3865.170 664.482
3866.348 539.144
3867.527 522.177
3868.706 1354.394
3869.885 5999.034
3871.064 11908.626
3872.242 9326.541
3873.421 1984.738
3874.600 456.967
3875.779 497.197
3876.958 595.504
3878.137 610.065
3879.315 446.338
3880.494 403.285
3881.673 483.361
3882.852 515.763
3884.031 381.662
3885.209 484.078
3886.388 343.974
3887.567 525.646
3888.746 597.491
3889.925 2696.825
3891.104 5526.195
3892.282 4475.424
3893.461 1453.081
3894.640 449.179
3895.819 529.942
3896.998 429.731
3898.176 525.028
3899.355 427.351
3900.534 511.213
3901.713 514.261
3902.892 566.895
3904.071 487.274
3905.249 620.845
3906.428 681.638
3907.607 669.679
3908.786 702.069
3909.965 798.424
3911.143 627.811
3912.322 613.480
3913.501 669.882
3914.680 726.570
3915.859 597.727
3917.038 515.148
3918.216 586.724
3919.395 590.396
3920.574 516.697
3921.753 402.875
3922.932 607.953
3924.110 480.096
3925.289 368.237
3926.468 552.664
3927.647 472.360
3928.826 502.528
3930.005 406.567
3931.183 246.984
3932.362 436.126
3933.541 426.921
3934.720 287.305
3935.899 328.202
3937.077 309.474
3938.256 452.670
3939.435 592.589
3940.614 519.454
3941.793 493.811
3942.972 567.454
3944.150 623.711
3945.329 454.086
3946.508 742.154
3947.687 750.571
3948.866 688.002
3950.044 540.575
3951.223 461.109
3952.402 591.565
3953.581 546.948
3954.760 512.601
3955.939 513.770
3957.117 547.205
3958.296 505.504
3959.475 529.000
3960.654 442.202
3961.833 435.798
3963.011 365.771
3964.190 418.626
3965.369 329.928
3966.548 597.742
3967.727 742.371
3968.906 2160.377
3970.084 3404.899
3971.263 3996.472
3972.442 3999.088
3973.621 2932.949
3974.800 1060.659
3975.978 444.969
3977.157 471.465
3978.336 474.383
3979.515 462.061
3980.694 483.469
3981.873 480.630
3983.051 431.438
3984.230 444.543
3985.409 472.833
3986.588 421.118
3987.767 467.363
3988.945 462.035
3990.124 455.385
3991.303 445.197
3992.482 492.650
3993.661 446.557
3994.840 431.917
3996.018 379.490
3997.197 346.308
3998.376 526.473
3999.555 568.390
4000.734 607.927
4001.912 510.791
4003.091 571.273
4004.270 548.808
4005.449 518.419
4006.628 494.855
4007.807 541.104
4008.985 641.045
4010.164 511.674
4011.343 596.426
4012.522 560.397
4013.701 565.902
4014.879 554.382
4016.058 512.864
4017.237 468.565
4018.416 479.401
4019.595 560.090
4020.773 602.335
4021.952 431.404
4023.131 476.656
4024.310 514.015
4025.489 466.772
4026.668 565.228
4027.846 736.578
4029.025 894.346
4030.204 655.350
4031.383 561.003
4032.562 529.505
4033.740 497.024
4034.919 440.529
4036.098 401.850
4037.277 432.075
4038.456 601.332
4039.635 468.708
4040.813 481.799
4041.992 501.371
4043.171 635.321
4044.350 530.311
4045.529 534.872
4046.707 431.636
4047.886 500.010
4049.065 563.790
4050.244 558.797
4051.423 482.954
4052.602 505.003
4053.780 490.652
4054.959 440.231
4056.138 396.102
4057.317 458.377
4058.496 467.795
4059.674 469.128
4060.853 508.511
4062.032 543.600
4063.211 488.403
4064.390 490.670
4065.569 570.092
4066.747 493.862
4067.926 553.962
4069.105 510.045
4070.284 609.847
4071.463 641.029
4072.641 551.806
4073.820 485.869
4074.999 503.464
4076.178 524.057
4077.357 513.311
4078.536 490.820
4079.714 476.398
4080.893 428.804
4082.072 424.875
4083.251 459.086
4084.430 453.199
4085.608 423.193
4086.787 408.979
4087.966 456.079
4089.145 469.002
4090.324 384.714
4091.503 459.815
4092.681 440.426
4093.860 413.765
4095.039 366.942
4096.218 386.436
4097.397 372.716
4098.575 447.818
4099.754 449.047
4100.933 464.817
4102.112 891.799
4103.291 3406.225
4104.470 5077.878
4105.648 3492.121
4106.827 708.165
4108.006 466.955
4109.185 450.542
4110.364 444.105
4111.542 400.508
4112.721 378.883
4113.900 397.020
4115.079 425.949
4116.258 429.959
4117.437 410.751
4118.615 378.396
4119.794 416.232
4120.973 479.169
4122.152 464.529
4123.331 460.438
4124.509 420.263
4125.688 444.388
4126.867 429.904
4128.046 432.905
4129.225 430.364
4130.404 461.817
4131.582 479.728
4132.761 463.148
4133.940 420.872
4135.119 443.773
4136.298 416.246
4137.476 436.501
4138.655 442.841
4139.834 449.802
4141.013 337.691
4142.192 351.088
4143.371 365.919
4144.549 345.603
4145.728 391.751
4146.907 384.736
4148.086 406.067
4149.265 401.715
4150.443 339.751
4151.622 385.876
4152.801 412.569
4153.980 393.480
4155.159 442.945
4156.338 497.392
4157.516 445.263
4158.695 418.058
4159.874 483.983
4161.053 451.899
4162.232 461.997
4163.410 451.970
4164.589 471.976
4165.768 461.984
4166.947 456.554
4168.126 478.380
4169.305 533.316
4170.483 401.082
4171.662 414.652
4172.841 420.725
4174.020 397.948
4175.199 382.104
4176.377 438.052
4177.556 426.919
4178.735 453.243
4179.914 406.793
4181.093 363.027
4182.271 360.331
4183.450 412.867
4184.629 380.294
4185.808 366.049
4186.987 375.695
4188.166 378.846
4189.344 426.166
4190.523 378.490
4191.702 341.015
4192.881 401.754
4194.060 408.261
4195.238 389.565
4196.417 370.568
4197.596 344.448
4198.775 334.941
4199.954 349.111
4201.133 335.915
4202.311 331.936
4203.490 286.640
4204.669 274.801
4205.848 362.891
4207.027 365.465
4208.205 371.915
4209.384 377.158
4210.563 350.851
4211.742 343.062
4212.921 337.494
4214.100 347.628
4215.278 369.386
4216.457 370.758
4217.636 359.265
4218.815 339.112
4219.994 344.874
4221.172 422.889
4222.351 340.225
4223.530 312.476
4224.709 305.532
4225.888 321.073
4227.067 337.918
4228.245 308.959
4229.424 344.465
4230.603 397.706
4231.782 374.381
4232.961 463.341
4234.139 398.764
4235.318 435.219
4236.497 371.354
4237.676 280.246
4238.855 343.340
4240.034 347.694
4241.212 320.889
4242.391 311.155
4243.570 312.335
4244.749 349.739
4245.928 375.480
4247.106 383.226
4248.285 302.900
4249.464 330.744
4250.643 334.290
4251.822 319.352
4253.001 370.025
4254.179 335.439
4255.358 336.281
4256.537 372.587
4257.716 360.915
4258.895 317.685
4260.073 320.639
4261.252 310.358
4262.431 345.060
4263.610 320.887
4264.789 342.776
4265.968 378.255
4267.146 343.817
4268.325 332.097
4269.504 305.448
4270.683 299.192
4271.862 359.636
4273.040 311.433
4274.219 334.458
4275.398 283.217
4276.577 352.253
4277.756 343.124
4278.935 335.803
4280.113 318.227
4281.292 309.868
4282.471 310.296
4283.650 317.860
4284.829 299.072
4286.007 338.076
4287.186 308.325
4288.365 346.399
4289.544 358.573
4290.723 325.905
4291.902 305.238
4293.080 298.631
4294.259 353.810
4295.438 265.143
4296.617 304.807
4297.796 328.845
4298.974 240.537
4300.153 265.016
4301.332 296.037
4302.511 289.713
4303.690 259.592
4304.869 281.787
4306.047 300.177
4307.226 289.451
4308.405 276.489
4309.584 289.186
4310.763 326.652
4311.941 302.166
4313.120 322.953
4314.299 350.088
4315.478 315.945
4316.657 307.649
4317.836 365.681
4319.014 327.108
4320.193 306.503
4321.372 307.515
4322.551 326.578
4323.730 300.256
4324.908 258.820
4326.087 289.646
4327.266 306.709
4328.445 274.280
4329.624 305.800
4330.803 337.874
4331.981 328.641
4333.160 316.225
4334.339 271.105
4335.518 241.585
4336.697 306.295
4337.875 271.597
4339.054 262.556
4340.233 334.555
4341.412 1891.796
4342.591 5625.917
4343.769 6478.815
4344.948 2765.738
4346.127 469.445
4347.306 277.861
4348.485 277.741
4349.664 293.985
4350.842 316.913
4352.021 251.982
4353.200 234.042
4354.379 233.337
4355.558 267.898
4356.736 340.189
4357.915 279.769
4359.094 338.828
4360.273 302.486
4361.452 269.692
4362.631 281.464
4363.809 443.992
4364.988 1002.340
4366.167 1384.808
4367.346 1057.459
4368.525 435.808
4369.703 385.208
4370.882 287.800
4372.061 296.533
4373.240 269.716
4374.419 242.420
4375.598 267.295
4376.776 254.072
4377.955 295.459
4379.134 281.218
4380.313 309.840
4381.492 308.577
4382.670 259.147
4383.849 270.590
4385.028 248.920
4386.207 272.647
4387.386 298.399
4388.565 305.532
4389.743 299.256
4390.922 345.199
4392.101 306.752
4393.280 288.438
4394.459 314.086
4395.637 265.718
4396.816 315.486
4397.995 279.172
4399.174 278.313
4400.353 287.540
4401.532 274.174
4402.710 290.172
4403.889 321.067
4405.068 285.461
4406.247 285.763
4407.426 323.099
4408.604 288.675
4409.783 293.685
4410.962 361.416
4412.141 344.223
4413.320 336.594
4414.499 358.540
4415.677 355.902
4416.856 309.352
4418.035 338.528
4419.214 303.835
4420.393 312.793
4421.571 292.949
4422.750 311.536
4423.929 312.028
4425.108 313.542
4426.287 262.739
4427.466 284.934
4428.644 308.304
4429.823 289.784
4431.002 277.519
4432.181 316.828
4433.360 299.425
4434.538 246.284
4435.717 266.809
4436.896 272.138
4438.075 262.645
4439.254 291.864
4440.433 296.468
4441.611 279.906
4442.790 243.877
4443.969 294.610
4445.148 269.469
4446.327 273.096
4447.505 289.951
4448.684 267.795
4449.863 286.961
4451.042 309.391
4452.221 258.325
4453.400 287.766
4454.578 254.464
4455.757 267.453
4456.936 293.698
4458.115 262.766
4459.294 292.487
4460.472 262.865
4461.651 247.906
4462.830 212.781
4464.009 262.536
4465.188 284.500
4466.367 304.576
4467.545 285.828
4468.724 249.892
4469.903 248.364
4471.082 236.096
4472.261 336.359
4473.439 637.275
4474.618 752.932
4475.797 556.121
4476.976 289.356
4478.155 249.994
4479.334 249.571
4480.512 268.352
4481.691 267.174
4482.870 263.536
4484.049 270.042
4485.228 268.668
4486.406 260.939
4487.585 244.965
4488.764 262.726
4489.943 320.094
4491.122 264.369
4492.301 273.725
4493.479 289.924
4494.658 299.106
4495.837 273.133
4497.016 280.777
4498.195 288.032
4499.373 269.002
4500.552 239.810
4501.731 226.807
4502.910 268.793
4504.089 273.716
4505.267 236.850
4506.446 249.897
4507.625 265.879
4508.804 252.735
4509.983 260.532
4511.162 243.600
4512.340 232.198
4513.519 286.074
4514.698 255.010
4515.877 272.725
4517.056 264.134
4518.234 229.286
4519.413 230.763
4520.592 263.526
4521.771 285.307
4522.950 283.823
4524.129 278.612
4525.307 296.252
4526.486 249.667
4527.665 257.514
4528.844 248.646
4530.023 270.351
4531.201 315.610
4532.380 307.760
4533.559 289.483
4534.738 275.449
4535.917 261.480
4537.096 294.864
4538.274 275.589
4539.453 296.272
4540.632 308.952
4541.811 255.824
4542.990 285.810
4544.168 295.328
4545.347 291.327
4546.526 247.763
4547.705 293.894
4548.884 275.340
4550.063 251.616
4551.241 255.595
4552.420 270.389
4553.599 290.889
4554.778 264.484
4555.957 240.223
4557.135 270.194
4558.314 274.476
4559.493 301.807
4560.672 257.484
4561.851 264.455
4563.030 278.719
4564.208 271.053
4565.387 281.218
4566.566 249.588
4567.745 261.364
4568.924 253.809
4570.102 260.526
4571.281 252.599
4572.460 269.608
4573.639 257.157
4574.818 280.893
4575.997 309.763
4577.175 262.854
4578.354 287.396
4579.533 285.101
4580.712 250.682
4581.891 295.513
4583.069 255.717
4584.248 282.326
4585.427 254.981
4586.606 269.623
4587.785 279.358
4588.964 283.562
4590.142 250.700
4591.321 284.825
4592.500 246.118
4593.679 270.050
4594.858 277.448
4596.036 246.365
4597.215 276.295
4598.394 233.911
4599.573 250.224
4600.752 260.689
4601.931 253.974
4603.109 228.877
4604.288 236.076
4605.467 265.890
4606.646 300.908
4607.825 236.655
4609.003 244.130
4610.182 289.955
4611.361 284.832
4612.540 253.908
4613.719 271.684
4614.898 273.404
4616.076 259.955
4617.255 235.081
4618.434 269.114
4619.613 262.255
4620.792 256.637
4621.970 279.425
4623.149 242.677
4624.328 246.569
4625.507 286.759
4626.686 250.850
4627.865 244.756
4629.043 255.177
4630.222 276.110
4631.401 249.368
4632.580 254.267
4633.759 260.867
4634.937 237.390
4636.116 270.512
4637.295 266.484
4638.474 242.762
4639.653 242.008
4640.832 248.693
4642.010 282.316
4643.189 263.252
4644.368 240.478
4645.547 256.979
4646.726 247.999
4647.904 238.877
4649.083 240.366
4650.262 276.439
4651.441 285.802
4652.620 250.804
4653.799 318.016
4654.977 316.066
4656.156 312.874
4657.335 307.628
4658.514 265.895
4659.693 311.181
4660.871 336.334
4662.050 330.338
4663.229 290.449
4664.408 298.215
4665.587 278.562
4666.765 234.321
4667.944 240.693
4669.123 274.868
4670.302 266.230
4671.481 269.207
4672.660 281.919
4673.838 300.068
4675.017 289.036
4676.196 287.409
4677.375 270.814
4678.554 318.778
4679.732 262.096
4680.911 254.832
4682.090 297.563
4683.269 274.874
4684.448 281.060
4685.627 271.208
4686.805 292.696
4687.984 313.897
4689.163 326.986
4690.342 308.446
4691.521 293.636
4692.699 272.607
4693.878 271.759
4695.057 297.458
4696.236 256.387
4697.415 291.532
4698.594 296.782
4699.772 264.538
4700.951 280.940
4702.130 260.137
4703.309 238.461
4704.488 256.829
4705.666 264.408
4706.845 281.088
4708.024 252.469
4709.203 249.824
4710.382 252.180
4711.561 260.823
4712.739 307.564
4713.918 391.973
4715.097 405.530
4716.276 339.789
4717.455 266.978
4718.633 286.417
4719.812 287.857
4720.991 248.311
4722.170 265.580
4723.349 272.052
4724.528 239.603
4725.706 248.809
4726.885 248.540
4728.064 254.133
4729.243 245.035
4730.422 247.398
4731.600 262.756
4732.779 231.709
4733.958 229.228
4735.137 256.522
4736.316 257.357
4737.495 249.309
4738.673 268.679
4739.852 240.663
4741.031 217.892
4742.210 286.668
4743.389 362.954
4744.567 366.459
4745.746 253.603
4746.925 276.432
4748.104 275.098
4749.283 252.745
4750.462 279.460
4751.640 243.181
4752.819 267.718
4753.998 235.990
4755.177 294.197
4756.356 247.323
4757.534 239.694
4758.713 238.547
4759.892 234.700
4761.071 238.246
4762.250 265.363
4763.429 257.498
4764.607 245.683
4765.786 267.693
4766.965 250.860
4768.144 233.260
4769.323 242.503
4770.501 278.042
4771.680 276.363
4772.859 268.447
4774.038 272.492
4775.217 269.333
4776.396 235.944
4777.574 191.953
4778.753 231.260
4779.932 261.379
4781.111 249.924
4782.290 252.799
4783.468 254.014
4784.647 250.992
4785.826 263.904
4787.005 280.253
4788.184 245.327
4789.363 243.284
4790.541 246.052
4791.720 255.562
4792.899 234.189
4794.078 241.038
4795.257 255.829
4796.435 244.975
4797.614 203.037
4798.793 263.510
4799.972 239.177
4801.151 282.314
4802.330 236.094
4803.508 256.799
4804.687 241.117
4805.866 233.275
4807.045 262.200
4808.224 204.326
4809.402 228.307
4810.581 258.259
4811.760 253.647
4812.939 228.797
4814.118 243.799
4815.296 230.552
4816.475 293.394
4817.654 262.827
4818.833 257.764
4820.012 272.642
4821.191 278.005
4822.369 271.278
4823.548 293.390
4824.727 276.176
4825.906 242.208
4827.085 285.926
4828.263 246.318
4829.442 268.085
4830.621 282.343
4831.800 250.447
4832.979 269.696
4834.158 267.157
4835.336 287.747
4836.515 281.451
4837.694 270.540
4838.873 253.766
4840.052 238.006
4841.230 238.243
4842.409 293.806
4843.588 251.900
4844.767 228.436
4845.946 292.378
4847.125 250.711
4848.303 234.231
4849.482 240.798
4850.661 252.156
4851.840 250.056
4853.019 254.446
4854.197 273.030
4855.376 232.012
4856.555 256.393
4857.734 228.421
4858.913 217.770
4860.092 250.516
4861.270 315.312
4862.449 3232.405
4863.628 10441.981
4864.807 11689.962
4865.986 4961.839
4867.164 673.522
4868.343 234.724
4869.522 273.507
4870.701 213.198
4871.880 212.921
4873.059 247.781
4874.237 248.325
4875.416 257.020
4876.595 264.549
4877.774 256.241
4878.953 260.212
4880.131 260.506
4881.310 259.911
4882.489 252.415
4883.668 273.382
4884.847 258.872
4886.026 243.855
4887.204 247.633
4888.383 238.306
4889.562 240.750
4890.741 245.412
4891.920 259.222
4893.098 213.833
4894.277 271.001
4895.456 210.624
4896.635 246.130
4897.814 252.090
4898.993 251.800
4900.171 250.573
4901.350 228.680
4902.529 218.194
4903.708 237.669
4904.887 299.035
4906.065 272.643
4907.244 257.043
4908.423 244.965
4909.602 233.321
4910.781 229.174
4911.960 246.371
4913.138 257.463
4914.317 255.811
4915.496 260.401
4916.675 265.438
4917.854 247.015
4919.032 219.530
4920.211 222.847
4921.390 224.481
4922.569 262.135
4923.748 344.571
4924.927 388.616
4926.105 332.518
4927.284 224.537
4928.463 190.267
4929.642 250.834
4930.821 266.418
4931.999 238.413
4933.178 228.268
4934.357 260.701
4935.536 269.048
4936.715 235.048
4937.894 282.634
4939.072 262.163
4940.251 262.511
4941.430 248.059
4942.609 236.821
4943.788 262.549
4944.966 233.056
4946.145 247.930
4947.324 235.189
4948.503 261.591
4949.682 276.143
4950.861 249.752
4952.039 249.956
4953.218 278.960
4954.397 267.130
4955.576 250.238
4956.755 178.587
4957.933 391.893
4959.112 11.903
4960.291 7724.714
4961.470 21567.458
4962.649 20930.974
4963.828 8691.404
4965.006 67.096
4966.185 469.443
4967.364 287.107
4968.543 393.579
4969.722 309.336
4970.900 257.168
4972.079 288.054
4973.258 243.781
4974.437 257.392
4975.616 275.202
4976.794 276.750
4977.973 276.114
4979.152 276.140
4980.331 253.682
4981.510 225.881
4982.689 234.230
4983.867 239.315
4985.046 260.720
4986.225 269.849
4987.404 304.268
4988.583 347.545
4989.761 358.450
4990.940 292.369
4992.119 256.303
4993.298 262.878
4994.477 257.765
4995.656 273.542
4996.834 252.878
4998.013 234.794
4999.192 251.168
5000.371 284.437
5001.550 267.904
5002.728 290.905
5003.907 275.690
5005.086 434.944
5006.265 29.193
5007.444 3175.120
5008.623 36259.907
5009.801 67426.256
5010.980 55086.460
5012.159 10761.153
5013.338 332.991
5014.517 461.369
5015.695 227.120
5016.874 323.998
5018.053 453.972
5019.232 487.829
5020.411 350.718
5021.590 253.810
5022.768 249.375
5023.947 245.794
5025.126 238.092
5026.305 254.888
5027.484 249.552
5028.662 225.964
5029.841 245.885
5031.020 233.929
5032.199 243.556
5033.378 279.835
5034.557 246.048
5035.735 240.529
5036.914 257.678
5038.093 226.068
5039.272 242.953
5040.451 204.801
5041.629 220.606
5042.808 255.329
5043.987 210.907
5045.166 233.452
5046.345 244.165
5047.524 256.854
5048.702 256.229
5049.881 248.636
5051.060 253.213
5052.239 247.601
5053.418 216.994
5054.596 219.631
5055.775 242.967
5056.954 251.949
5058.133 223.468
5059.312 235.081
5060.491 251.919
5061.669 217.594
5062.848 235.833
5064.027 257.234
5065.206 241.469
5066.385 231.065
5067.563 227.960
5068.742 218.206
5069.921 245.472
5071.100 210.268
5072.279 242.371
5073.458 241.133
5074.636 218.835
5075.815 229.009
5076.994 216.793
5078.173 210.498
5079.352 201.090
5080.530 215.042
5081.709 214.606
5082.888 217.408
5084.067 226.079
5085.246 207.086
5086.425 233.103
5087.603 231.430
5088.782 198.490
5089.961 226.280
5091.140 239.370
5092.319 215.989
5093.497 217.729
5094.676 227.898
5095.855 209.347
5097.034 205.981
5098.213 205.873
5099.392 207.553
5100.570 229.888
5101.749 215.593
5102.928 226.737
5104.107 210.341
5105.286 246.318
5106.464 212.473
5107.643 198.068
5108.822 213.427
5110.001 213.315
5111.180 214.407
5112.359 174.526
5113.537 199.582
5114.716 233.623
5115.895 201.894
5117.074 208.977
5118.253 210.731
5119.431 210.382
5120.610 211.395
5121.789 228.792
5122.968 240.760
5124.147 211.925
5125.326 220.680
5126.504 228.191
5127.683 190.816
5128.862 178.091
5130.041 185.256
5131.220 223.845
5132.398 219.696
5133.577 250.355
5134.756 202.809
5135.935 222.447
5137.114 237.704
5138.292 242.061
5139.471 200.383
5140.650 229.980
5141.829 242.159
5143.008 219.176
5144.187 216.300
5145.365 206.122
5146.544 205.970
5147.723 246.355
5148.902 236.333
5150.081 193.562
5151.259 228.560
5152.438 243.462
5153.617 205.790
5154.796 215.402
5155.975 216.091
5157.154 226.412
5158.332 209.031
5159.511 207.226
5160.690 229.543
5161.869 224.803
5163.048 207.217
5164.226 251.536
5165.405 206.510
5166.584 206.622
5167.763 182.067
5168.942 187.635
5170.121 228.606
5171.299 198.018
5172.478 179.255
5173.657 177.673
5174.836 215.252
5176.015 208.538
5177.193 194.785
5178.372 235.487
5179.551 226.075
5180.730 217.060
5181.909 224.266
5183.088 202.372
5184.266 180.987
5185.445 175.436
5186.624 211.983
5187.803 240.587
5188.982 229.714
5190.160 204.271
5191.339 226.064
5192.518 212.573
5193.697 209.797
5194.876 206.869
5196.055 250.743
5197.233 564.724
5198.412 776.518
5199.591 700.644
5200.770 565.234
5201.949 388.302
5203.127 261.774
5204.306 236.169
5205.485 194.125
5206.664 170.813
5207.843 189.632
5209.022 205.235
5210.200 211.179
5211.379 200.122
5212.558 198.458
5213.737 201.030
5214.916 211.088
5216.094 215.846
5217.273 203.240
5218.452 216.951
5219.631 217.094
5220.810 200.011
5221.989 232.379
5223.167 235.403
5224.346 232.608
5225.525 224.164
5226.704 211.458
5227.883 180.259
5229.061 208.538
5230.240 213.799
5231.419 187.514
5232.598 208.654
5233.777 191.644
5234.956 172.997
5236.134 207.863
5237.313 228.363
5238.492 256.043
5239.671 240.271
5240.850 221.877
5242.028 221.909
5243.207 206.614
5244.386 207.399
5245.565 211.724
5246.744 228.456
5247.923 205.126
5249.101 196.533
5250.280 234.820
5251.459 230.299
5252.638 213.207
5253.817 214.809
5254.995 229.565
5256.174 250.349
5257.353 239.241
5258.532 207.366
5259.711 212.427
5260.890 199.719
5262.068 178.542
5263.247 208.634
5264.426 199.682
5265.605 194.509
5266.784 191.328
5267.962 192.517
5269.141 183.847
5270.320 150.509
5271.499 225.099
5272.678 229.001
5273.857 221.394
5275.035 245.130
5276.214 246.628
5277.393 231.611
5278.572 196.311
5279.751 180.908
5280.929 187.328
5282.108 204.333
5283.287 208.529
5284.466 195.063
5285.645 197.208
5286.824 195.573
5288.002 186.772
5289.181 203.672
5290.360 182.963
5291.539 211.858
5292.718 201.692
5293.896 203.786
5295.075 218.439
5296.254 205.105
5297.433 213.949
5298.612 215.088
5299.790 201.087
5300.969 190.631
5302.148 185.721
5303.327 221.961
5304.506 219.284
5305.685 214.807
5306.863 231.908
5308.042 203.657
5309.221 190.865
5310.400 202.390
5311.579 204.260
5312.757 213.412
5313.936 205.666
5315.115 202.501
5316.294 177.212
5317.473 183.539
5318.652 213.795
5319.830 184.995
5321.009 215.371
5322.188 194.394
5323.367 207.135
5324.546 216.135
5325.724 192.394
5326.903 203.168
5328.082 230.849
5329.261 293.501
5330.440 355.213
5331.619 313.019
5332.797 223.717
5333.976 201.347
5335.155 200.286
5336.334 178.912
5337.513 187.858
5338.691 202.713
5339.870 205.946
5341.049 181.047
5342.228 171.505
5343.407 196.681
5344.586 180.244
5345.764 188.044
5346.943 180.328
5348.122 221.682
5349.301 197.831
5350.480 195.799
5351.658 208.862
5352.837 182.016
5354.016 192.146
5355.195 207.258
5356.374 212.981
5357.553 214.129
5358.731 202.718
5359.910 200.812
5361.089 193.062
5362.268 180.310
5363.447 186.970
5364.625 194.618
5365.804 170.359
5366.983 168.722
5368.162 171.092
5369.341 178.623
5370.520 183.379
5371.698 180.630
5372.877 207.731
5374.056 208.181
5375.235 184.745
5376.414 187.218
5377.592 192.520
5378.771 214.531
5379.950 217.463
5381.129 175.050
5382.308 162.489
5383.487 199.139
5384.665 186.541
5385.844 167.390
5387.023 212.569
5388.202 201.371
5389.381 209.612
5390.559 186.120
5391.738 200.732
5392.917 172.723
5394.096 162.740
5395.275 177.590
5396.454 183.555
5397.632 171.015
5398.811 166.625
5399.990 173.804
5401.169 171.490
5402.348 174.048
5403.526 171.249
5404.705 162.193
5405.884 174.432
5407.063 187.875
5408.242 184.222
5409.421 179.282
5410.599 160.530
5411.778 185.942
5412.957 174.425
5414.136 207.019
5415.315 204.693
5416.493 176.975
5417.672 198.924
5418.851 184.677
5420.030 180.441
5421.209 235.790
5422.388 206.065
5423.566 172.612
5424.745 182.188
5425.924 182.913
5427.103 168.763
5428.282 182.990
5429.460 191.582
5430.639 173.155
5431.818 188.891
5432.997 194.604
5434.176 180.507
5435.355 194.223
5436.533 197.092
5437.712 211.838
5438.891 183.453
5440.070 187.973
5441.249 156.455
5442.427 195.377
5443.606 169.799
5444.785 154.833
5445.964 166.067
5447.143 182.339
5448.322 176.323
5449.500 184.840
5450.679 185.990
5451.858 177.111
5453.037 186.709
5454.216 164.877
5455.394 169.468
5456.573 169.568
5457.752 199.953
5458.931 194.180
5460.110 183.449
5461.288 195.549
5462.467 169.657
5463.646 172.399
5464.825 199.932
5466.004 178.132
5467.183 160.357
5468.361 180.647
5469.540 190.591
5470.719 185.195
5471.898 187.091
5473.077 183.311
5474.255 170.499
5475.434 169.552
5476.613 178.615
5477.792 167.605
5478.971 170.467
5480.150 174.420
5481.328 193.030
5482.507 186.590
5483.686 178.863
5484.865 188.502
5486.044 207.476
5487.222 188.364
5488.401 195.392
5489.580 155.976
5490.759 184.761
5491.938 196.135
5493.117 167.174
5494.295 179.182
5495.474 178.073
5496.653 167.189
5497.832 177.103
5499.011 200.226
5500.189 192.364
5501.368 159.359
5502.547 178.414
5503.726 156.250
5504.905 174.211
5506.084 160.614
5507.262 182.832
5508.441 166.089
5509.620 195.704
5510.799 173.811
5511.978 178.163
5513.156 176.814
5514.335 172.528
5515.514 187.610
5516.693 181.001
5517.872 176.210
5519.051 182.435
5520.229 196.181
5521.408 202.949
5522.587 189.909
5523.766 165.192
5524.945 181.320
5526.123 162.960
5527.302 188.296
5528.481 179.094
5529.660 162.794
5530.839 173.114
5532.018 194.765
5533.196 189.286
5534.375 170.376
5535.554 157.736
5536.733 162.623
5537.912 160.071
5539.090 164.667
5540.269 193.278
5541.448 190.864
5542.627 205.336
5543.806 219.381
5544.985 202.035
5546.163 197.986
5547.342 171.432
5548.521 214.894
5549.700 165.762
5550.879 195.606
5552.057 168.731
5553.236 170.037
5554.415 171.522
5555.594 195.364
5556.773 188.777
5557.952 175.494
5559.130 178.770
5560.309 175.939
5561.488 183.547
5562.667 190.230
5563.846 245.941
5565.024 248.362
5566.203 183.427
5567.382 165.089
5568.561 181.653
5569.740 189.570
5570.919 203.820
5572.097 177.182
5573.276 212.500
5574.455 86.615
5575.634 2491.948
5576.813 8288.880
5577.991 11104.923
5579.170 6307.743
5580.349 974.604
5581.528 189.436
5582.707 221.657
5583.886 176.614
5585.064 169.648
5586.243 173.863
5587.422 164.615
5588.601 215.678
5589.780 222.892
5590.958 201.317
5592.137 164.332
5593.316 168.769
5594.495 173.714
5595.674 180.862
5596.853 178.900
5598.031 165.203
5599.210 171.425
5600.389 169.117
5601.568 175.166
5602.747 201.658
5603.925 198.756
5605.104 212.430
5606.283 237.490
5607.462 201.562
5608.641 172.496
5609.820 165.635
5610.998 191.023
5612.177 165.539
5613.356 181.649
5614.535 178.674
5615.714 184.014
5616.892 202.701
5618.071 191.375
5619.250 179.101
5620.429 176.029
5621.608 168.101
5622.786 190.658
5623.965 216.758
5625.144 199.381
5626.323 177.693
5627.502 178.265
5628.681 174.205
5629.859 160.158
5631.038 154.633
5632.217 181.173
5633.396 179.737
5634.575 179.385
5635.753 170.294
5636.932 179.518
5638.111 196.919
5639.290 185.274
5640.469 168.293
5641.648 158.774
5642.826 165.974
5644.005 199.643
5645.184 213.075
5646.363 194.832
5647.542 161.574
5648.720 156.586
5649.899 167.552
5651.078 160.110
5652.257 178.943
5653.436 174.373
5654.615 180.748
5655.793 169.262
5656.972 139.962
5658.151 158.727
5659.330 175.224
5660.509 175.963
5661.687 168.793
5662.866 180.456
5664.045 193.086
5665.224 177.522
5666.403 180.144
5667.582 169.275
5668.760 201.482
5669.939 183.821
5671.118 176.398
5672.297 151.796
5673.476 175.292
5674.654 179.167
5675.833 166.994
5677.012 176.809
5678.191 189.811
5679.370 183.597
5680.549 192.066
5681.727 189.079
5682.906 196.552
5684.085 193.927
5685.264 159.887
5686.443 172.397
5687.621 171.260
5688.800 208.112
5689.979 200.899
5691.158 202.299
5692.337 192.157
5693.516 197.084
5694.694 196.427
5695.873 184.944
5697.052 185.885
5698.231 182.005
5699.410 172.371
5700.588 162.881
5701.767 165.114
5702.946 187.410
5704.125 216.754
5705.304 198.520
5706.483 168.653
5707.661 194.858
5708.840 189.237
5710.019 183.679
5711.198 186.139
5712.377 173.562
5713.555 190.626
5714.734 173.991
5715.913 169.845
5717.092 179.766
5718.271 174.357
5719.450 174.487
5720.628 183.839
5721.807 177.463
5722.986 174.744
5724.165 176.469
5725.344 186.874
5726.522 192.283
5727.701 164.779
5728.880 169.595
5730.059 174.858
5731.238 187.022
5732.417 174.609
5733.595 180.140
5734.774 181.437
5735.953 191.671
5737.132 167.488
5738.311 181.485
5739.489 173.472
5740.668 171.344
5741.847 179.786
5743.026 160.656
5744.205 177.575
5745.384 182.513
5746.562 166.090
5747.741 181.050
5748.920 180.553
5750.099 177.012
5751.278 188.343
5752.456 164.755
5753.635 162.487
5754.814 180.644
5755.993 154.101
5757.172 168.317
5758.351 171.697
5759.529 175.669
5760.708 174.522
5761.887 169.417
5763.066 179.388
5764.245 184.435
5765.423 187.255
5766.602 173.813
5767.781 175.800
5768.960 179.674
5770.139 164.729
5771.318 164.360
5772.496 161.479
5773.675 167.277
5774.854 176.784
5776.033 176.361
5777.212 162.328
5778.390 180.154
5779.569 174.480
5780.748 163.542
5781.927 164.154
5783.106 158.768
5784.284 173.273
5785.463 179.825
5786.642 192.588
5787.821 211.598
5789.000 171.282
5790.179 172.098
5791.357 176.799
5792.536 149.480
5793.715 164.603
5794.894 162.736
5796.073 177.471
5797.251 179.114
5798.430 165.099
5799.609 160.713
5800.788 159.381
5801.967 167.228
5803.146 176.898
5804.324 185.345
5805.503 183.474
5806.682 174.381
5807.861 168.991
5809.040 185.780
5810.218 188.546
5811.397 176.901
5812.576 174.386
5813.755 146.726
5814.934 165.328
5816.113 172.517
5817.291 154.328
5818.470 175.696
5819.649 188.095
5820.828 169.489
5822.007 175.733
5823.185 188.618
5824.364 189.208
5825.543 186.473
5826.722 155.493
5827.901 176.171
5829.080 167.225
5830.258 175.438
5831.437 169.842
5832.616 187.314
5833.795 161.310
5834.974 162.597
5836.152 189.706
5837.331 185.619
5838.510 179.670
5839.689 189.358
5840.868 172.896
5842.047 149.129
5843.225 165.508
5844.404 159.157
5845.583 161.206
5846.762 165.256
5847.941 158.189
5849.119 149.488
5850.298 149.769
5851.477 172.451
5852.656 173.058
5853.835 155.471
5855.014 162.411
5856.192 176.980
5857.371 171.989
5858.550 161.515
5859.729 166.947
5860.908 174.819
5862.086 160.432
5863.265 166.683
5864.444 223.570
5865.623 272.507
5866.802 321.839
5867.981 292.230
5869.159 255.870
5870.338 209.533
5871.517 179.392
5872.696 191.929
5873.875 204.945
5875.053 192.307
5876.232 228.041
5877.411 518.052
5878.590 919.899
5879.769 939.247
5880.948 552.123
5882.126 246.159
5883.305 179.867
5884.484 160.932
5885.663 189.063
5886.842 251.571
5888.020 583.173
5889.199 1131.268
5890.378 1315.979
5891.557 838.263
5892.736 348.672
5893.915 405.026
5895.093 714.819
5896.272 853.461
5897.451 610.553
5898.630 257.682
5899.809 177.565
5900.987 179.095
5902.166 187.856
5903.345 168.832
5904.524 193.348
5905.703 194.396
5906.882 203.854
5908.060 200.167
5909.239 171.096
5910.418 169.545
5911.597 158.517
5912.776 186.261
5913.954 238.829
5915.133 309.619
5916.312 304.331
5917.491 192.703
5918.670 166.739
5919.849 195.927
5921.027 161.084
5922.206 182.209
5923.385 197.245
5924.564 219.870
5925.743 205.256
5926.921 180.875
5928.100 164.968
5929.279 171.616
5930.458 183.454
5931.637 261.814
5932.815 336.636
5933.994 302.607
5935.173 232.215
5936.352 180.460
5937.531 143.538
5938.710 171.553
5939.888 174.359
5941.067 168.392
5942.246 172.643
5943.425 182.514
5944.604 176.918
5945.782 214.404
5946.961 226.414
5948.140 187.665
5949.319 168.385
5950.498 173.247
5951.677 203.048
5952.855 260.938
5954.034 285.453
5955.213 248.722
5956.392 191.993
5957.571 195.644
5958.749 198.551
5959.928 194.717
5961.107 191.238
5962.286 182.067
5963.465 173.872
5964.644 162.518
5965.822 156.163
5967.001 162.068
5968.180 176.233
5969.359 190.034
5970.538 193.514
5971.716 201.677
5972.895 201.608
5974.074 201.539
