5329.969 1944.892
5331.022 1792.822
5332.075 1403.740
5333.128 1233.256
5334.181 1236.582
5335.234 1352.656
5336.287 1341.796
5337.340 1332.757
5338.393 1408.315
5339.446 1417.743
5340.499 1315.404
5341.552 1504.688
5342.605 1318.650
5343.658 1350.819
5344.711 1242.373
5345.764 1253.888
5346.817 1201.304
5347.870 1298.223
5348.923 1391.099
5349.976 1272.154
5351.029 1358.104
5352.082 1211.581
5353.135 1235.623
5354.188 1299.466
5355.241 1398.460
5356.294 1261.994
5357.347 1244.392
5358.400 1316.045
5359.453 1284.853
5360.506 1305.470
5361.559 1291.623
5362.612 1327.942
5363.665 1187.967
5364.718 1238.526
5365.771 1197.675
5366.824 1362.012
5367.877 1214.282
5368.930 1143.147
5369.983 1145.098
5371.036 1325.358
5372.089 1171.035
5373.142 1295.764
5374.195 1322.909
5375.248 1256.002
5376.301 1236.199
5377.354 1322.412
5378.407 1397.677
5379.460 1144.012
5380.513 1162.918
5381.566 1322.758
5382.619 1263.270
5383.672 1172.960
5384.725 1277.094
5385.778 1308.019
5386.831 1202.346
5387.884 1364.941
5388.937 1237.353
5389.990 1359.756
5391.043 1255.894
5392.097 1340.706
5393.150 1282.412
5394.203 1283.298
5395.256 1310.574
5396.309 1198.157
5397.362 1358.807
5398.415 1252.741
5399.468 1168.961
5400.521 1208.125
5401.574 1330.106
5402.627 1230.811
5403.680 1285.127
5404.733 1224.415
5405.786 1102.886
5406.839 1017.516
5407.892 1197.649
5408.945 1145.536
5409.998 1168.257
5411.051 1106.391
5412.104 1229.867
5413.157 1173.096
5414.210 1217.804
5415.263 1312.119
5416.316 1304.753
5417.369 1320.049
5418.422 1219.980
5419.475 1120.652
5420.528 1200.408
5421.581 1195.356
5422.634 1253.427
5423.687 1238.833
5424.740 1181.252
5425.793 1213.077
5426.846 1163.552
5427.899 1252.909
5428.952 1192.201
5430.005 1169.693
5431.058 1210.555
5432.111 1215.600
5433.164 1212.158
5434.217 1195.143
5435.270 1415.994
5436.323 1412.272
5437.376 1316.153
5438.429 1155.220
5439.482 1278.361
5440.535 1215.276
5441.588 1175.673
5442.641 1245.900
5443.694 1162.302
5444.747 1201.721
5445.800 1163.072
5446.853 990.941
5447.906 1351.212
5448.959 1178.023
5450.012 1130.057
5451.065 1166.310
5452.118 1357.505
5453.171 1264.933
5454.224 1229.086
5455.277 1099.954
5456.330 1117.347
5457.383 1134.081
5458.436 1133.652
5459.489 1188.857
5460.542 1230.823
5461.595 1288.777
5462.648 1210.850
5463.701 1190.764
5464.754 1165.241
5465.807 1193.490
5466.860 1106.569
5467.913 1218.943
5468.966 1232.084
5470.019 1156.781
5471.072 1113.036
5472.125 1132.616
5473.178 1345.405
5474.231 1177.874
5475.285 1199.973
5476.338 1182.448
5477.391 1105.826
5478.444 1155.671
5479.497 1165.886
5480.550 1085.806
5481.603 1130.644
5482.656 1184.149
5483.709 1111.121
5484.762 1254.386
5485.815 1134.143
5486.868 1187.056
5487.921 1151.812
5488.974 1096.050
5490.027 1072.283
5491.080 1174.366
5492.133 1136.653
5493.186 1119.756
5494.239 1297.491
5495.292 1127.796
5496.345 1110.249
5497.398 1112.108
5498.451 1122.353
5499.504 1230.729
5500.557 1079.375
5501.610 1138.325
5502.663 1042.096
5503.716 1071.508
5504.769 1122.860
5505.822 1108.364
5506.875 1095.960
5507.928 1124.644
5508.981 1137.548
5510.034 1150.602
5511.087 1099.662
5512.140 1280.392
5513.193 1276.706
5514.246 1180.887
5515.299 1105.145
5516.352 1283.868
5517.405 1083.761
5518.458 1165.737
5519.511 1125.703
5520.564 1183.048
5521.617 1272.676
5522.670 1077.189
5523.723 1026.753
5524.776 1130.529
5525.829 1257.533
5526.882 1085.443
5527.935 1119.346
5528.988 1080.596
5530.041 1106.448
5531.094 1082.891
5532.147 1069.535
5533.200 1178.821
5534.253 1171.847
5535.306 1177.491
5536.359 1068.327
5537.412 1110.172
5538.465 1175.712
5539.518 1105.822
5540.571 1278.103
5541.624 1285.343
5542.677 1299.887
5543.730 1367.054
5544.783 1327.040
5545.836 1295.438
5546.889 1130.055
5547.942 1155.597
5548.995 1138.413
5550.048 1160.185
5551.101 1070.749
5552.154 1121.829
5553.207 1083.514
5554.260 1196.752
5555.313 1130.562
5556.366 1095.029
5557.419 1047.970
5558.473 1114.717
5559.526 1069.684
5560.579 1062.405
5561.632 1105.113
5562.685 1264.066
5563.738 1391.812
5564.791 1333.067
5565.844 1119.257
5566.897 1114.368
5567.950 1070.977
5569.003 1027.235
5570.056 1128.185
5571.109 1097.904
5572.162 1047.534
5573.215 1209.926
5574.268 1421.024
5575.321 3859.455
5576.374 26732.494
5577.427 54028.867
5578.480 38489.189
5579.533 8456.492
5580.586 423.675
5581.639 1305.116
5582.692 1003.285
5583.745 1091.699
5584.798 1118.478
5585.851 1046.282
5586.904 1019.078
5587.957 1167.954
5589.010 1321.851
5590.063 1256.444
5591.116 1168.896
5592.169 1148.002
5593.222 1022.409
5594.275 1044.380
5595.328 1079.877
5596.381 1122.632
5597.434 1132.524
5598.487 1157.231
5599.540 1086.971
5600.593 1060.926
5601.646 1166.246
5602.699 1103.636
5603.752 1138.272
5604.805 1292.764
5605.858 1375.435
5606.911 1204.962
5607.964 1082.052
5609.017 1002.599
5610.070 1010.207
5611.123 1041.465
5612.176 1076.663
5613.229 1016.745
5614.282 1017.556
5615.335 1060.054
5616.388 1173.043
5617.441 1086.844
5618.494 998.102
5619.547 1129.595
5620.600 999.337
5621.653 1067.590
5622.706 1154.825
5623.759 1274.730
5624.812 1266.080
5625.865 1077.810
5626.918 971.923
5627.971 1060.976
5629.024 1078.306
5630.077 1061.376
5631.130 1049.372
5632.183 1035.535
5633.236 1073.470
5634.289 1056.497
5635.342 1036.063
5636.395 1066.061
5637.448 1062.599
5638.501 1038.432
5639.554 1054.844
5640.608 1116.203
5641.661 961.594
5642.714 1129.717
5643.767 1006.392
5644.820 1108.448
5645.873 1176.364
5646.926 1185.586
5647.979 1109.175
5649.032 1024.886
5650.085 1037.493
5651.138 1052.993
5652.191 1083.916
5653.244 1114.744
5654.297 1052.566
5655.350 1023.038
5656.403 1085.690
5657.456 917.516
5658.509 983.523
5659.562 1080.584
5660.615 884.348
5661.668 1026.560
5662.721 1052.274
5663.774 976.190
5664.827 1173.903
5665.880 1234.016
5666.933 1018.525
5667.986 1044.504
5669.039 1012.414
5670.092 1198.107
5671.145 1041.466
5672.198 1053.281
5673.251 1089.706
5674.304 1079.431
5675.357 1023.785
5676.410 1035.395
5677.463 1088.569
5678.516 906.421
5679.569 1022.886
5680.622 1093.178
5681.675 1075.931
5682.728 1039.404
5683.781 1091.543
5684.834 1092.704
5685.887 1020.920
5686.940 1123.574
5687.993 1009.981
5689.046 1005.720
5690.099 1131.790
5691.152 1189.704
5692.205 1087.647
5693.258 1099.755
5694.311 1192.729
5695.364 1011.732
5696.417 1175.994
5697.470 1022.845
5698.523 1224.516
5699.576 1170.456
5700.629 1161.484
5701.682 1028.106
5702.735 1059.763
5703.788 1055.619
5704.841 1044.504
5705.894 1066.282
5706.947 1077.564
5708.000 1077.097
5709.053 1078.488
5710.106 1060.870
5711.159 1037.020
5712.212 1028.813
5713.265 1142.069
5714.318 1058.723
5715.371 1132.891
5716.424 1046.019
5717.477 1071.901
5718.530 1070.718
5719.583 1145.335
5720.636 1059.608
5721.689 1163.643
5722.742 1014.922
5723.796 1020.010
5724.849 1123.763
5725.902 1164.659
5726.955 1075.815
5728.008 1014.215
5729.061 998.653
5730.114 1071.024
5731.167 1091.285
5732.220 965.171
5733.273 1013.662
5734.326 1073.041
5735.379 1022.089
5736.432 1020.768
5737.485 1015.066
5738.538 1006.740
5739.591 1126.199
5740.644 1099.267
5741.697 1038.811
5742.750 1064.216
5743.803 990.171
5744.856 969.923
5745.909 1078.931
5746.962 1002.626
5748.015 1127.956
5749.068 1081.672
5750.121 1050.249
5751.174 1032.779
5752.227 948.692
5753.280 957.356
5754.333 989.029
5755.386 1015.462
5756.439 1075.153
5757.492 1041.336
5758.545 996.768
5759.598 1069.742
5760.651 949.144
5761.704 908.793
5762.757 1032.464
5763.810 1034.829
5764.863 970.696
5765.916 939.512
5766.969 1021.244
5768.022 1029.687
5769.075 964.387
5770.128 1049.622
5771.181 949.951
5772.234 939.404
5773.287 983.661
5774.340 910.744
5775.393 954.274
5776.446 987.650
5777.499 972.005
5778.552 991.804
5779.605 1003.775
5780.658 1045.792
5781.711 1015.703
5782.764 893.122
5783.817 1018.294
5784.870 947.402
5785.923 914.191
5786.976 929.769
5788.029 1006.642
5789.082 965.298
5790.135 897.635
5791.188 992.947
5792.241 919.484
5793.294 949.115
5794.347 954.816
5795.400 958.378
5796.453 963.287
5797.506 1004.332
5798.559 1028.726
5799.612 969.143
5800.665 928.488
5801.718 1062.923
5802.771 953.858
5803.824 921.376
5804.877 893.920
5805.931 1009.725
5806.984 974.975
5808.037 1019.074
5809.090 972.667
5810.143 952.199
5811.196 938.340
5812.249 1058.772
5813.302 1011.023
5814.355 945.269
5815.408 835.965
5816.461 923.356
5817.514 1014.490
5818.567 1000.460
5819.620 1060.259
5820.673 1014.929
5821.726 983.366
5822.779 1017.928
5823.832 995.478
5824.885 1035.316
5825.938 1031.074
5826.991 1034.055
5828.044 916.235
5829.097 983.335
5830.150 933.362
5831.203 995.894
5832.256 1093.104
5833.309 1045.080
5834.362 981.772
5835.415 1046.165
5836.468 914.572
5837.521 1023.348
5838.574 933.836
5839.627 952.736
5840.680 1003.549
5841.733 1011.968
5842.786 924.667
5843.839 1038.750
5844.892 969.666
5845.945 949.739
5846.998 1007.420
5848.051 1019.325
5849.104 1028.823
5850.157 995.991
5851.210 982.329
5852.263 983.448
5853.316 999.757
5854.369 929.992
5855.422 934.861
5856.475 917.683
5857.528 990.841
5858.581 940.524
5859.634 934.808
5860.687 963.574
5861.740 963.686
5862.793 900.048
5863.846 990.708
5864.899 1248.917
5865.952 1465.577
5867.005 1516.975
5868.058 1456.169
5869.111 1319.460
5870.164 1100.631
5871.217 1012.932
5872.270 1082.216
5873.323 1061.123
5874.376 1091.869
5875.429 1038.883
5876.482 1033.684
5877.535 1670.875
5878.588 4301.942
5879.641 4676.413
5880.694 2968.572
5881.747 1152.877
5882.800 1039.715
5883.853 990.586
5884.906 1005.318
5885.959 988.707
5887.012 1352.615
5888.065 2341.532
5889.119 4842.416
5890.172 6957.620
5891.225 4618.624
5892.278 1466.346
5893.331 956.727
5894.384 1992.157
5895.437 3866.705
5896.490 4375.689
5897.543 2447.092
5898.596 1016.666
5899.649 1005.389
5900.702 943.166
5901.755 1011.690
5902.808 992.297
5903.861 1057.772
5904.914 1003.445
5905.967 1139.704
5907.020 1206.242
5908.073 1077.621
5909.126 962.966
5910.179 1042.552
5911.232 1019.362
5912.285 949.815
5913.338 1080.338
5914.391 1352.520
5915.444 1685.051
5916.497 1446.225
5917.550 981.295
5918.603 966.719
5919.656 964.206
5920.709 961.857
5921.762 918.748
5922.815 1054.999
5923.868 1150.681
5924.921 1205.864
5925.974 1130.016
5927.027 972.455
5928.080 940.430
5929.133 958.627
5930.186 920.710
5931.239 1114.762
5932.292 1453.439
5933.345 1743.980
5934.398 1353.163
5935.451 929.077
5936.504 952.835
5937.557 896.962
5938.610 988.999
5939.663 945.757
5940.716 872.315
5941.769 898.077
5942.822 892.171
5943.875 982.951
5944.928 1123.545
5945.981 1189.560
5947.034 1197.583
5948.087 988.007
5949.140 976.517
5950.193 984.510
5951.246 910.561
5952.299 1256.113
5953.352 1494.864
5954.405 1509.547
5955.458 971.906
5956.511 925.098
5957.564 964.501
5958.617 1039.812
5959.670 1021.446
5960.723 977.951
5961.776 937.141
5962.829 864.814
5963.882 936.189
5964.935 931.914
5965.988 949.371
5967.041 845.173
5968.094 900.747
5969.147 1028.427
5970.200 1155.180
5971.254 1010.232
5972.307 928.143
5973.360 908.726
5974.413 828.238
5975.466 980.732
5976.519 1135.923
5977.572 1245.410
5978.625 1096.650
5979.678 969.448
5980.731 915.425
5981.784 919.866
5982.837 921.459
5983.890 810.687
5984.943 856.686
5985.996 921.331
5987.049 841.197
5988.102 883.784
5989.155 922.910
5990.208 850.709
5991.261 859.950
5992.314 842.574
5993.367 833.144
5994.420 887.306
5995.473 898.620
5996.526 975.082
5997.579 919.107
5998.632 1003.309
5999.685 814.861
6000.738 773.507
6001.791 887.748
6002.844 967.909
6003.897 968.853
6004.950 908.338
6006.003 854.056
6007.056 911.219
6008.109 807.810
6009.162 750.194
6010.215 844.842
6011.268 905.907
6012.321 874.940
6013.374 810.166
6014.427 871.825
6015.480 782.332
6016.533 909.164
6017.586 687.652
6018.639 750.310
6019.692 815.235
6020.745 765.008
6021.798 787.898
6022.851 753.113
6023.904 787.950
6024.957 796.429
6026.010 715.035
6027.063 774.705
6028.116 828.019
6029.169 784.227
6030.222 868.322
6031.275 787.113
6032.328 769.447
6033.381 809.420
6034.434 853.291
6035.487 853.524
6036.540 767.000
6037.593 737.670
6038.646 759.718
6039.699 764.628
6040.752 768.967
6041.805 780.370
6042.858 833.883
6043.911 772.376
6044.964 669.136
6046.017 721.415
6047.070 786.081
6048.123 797.371
6049.176 781.091
6050.229 781.826
6051.282 760.441
6052.335 754.422
6053.388 769.135
6054.442 726.295
6055.495 731.313
6056.548 771.329
6057.601 846.328
6058.654 799.942
6059.707 730.804
6060.760 789.633
6061.813 819.999
6062.866 755.406
6063.919 739.789
6064.972 753.139
6066.025 839.978
6067.078 810.915
6068.131 888.033
6069.184 785.912
6070.237 773.962
6071.290 706.518
6072.343 781.367
6073.396 780.062
6074.449 715.618
6075.502 737.289
6076.555 698.883
6077.608 674.402
6078.661 726.158
6079.714 753.479
6080.767 652.558
6081.820 683.329
6082.873 747.339
6083.926 755.521
6084.979 724.886
6086.032 795.690
6087.085 762.565
6088.138 727.972
6089.191 759.722
6090.244 715.765
6091.297 680.607
6092.350 794.160
6093.403 797.076
6094.456 725.330
6095.509 709.892
6096.562 706.538
6097.615 702.906
6098.668 779.819
6099.721 799.595
6100.774 799.778
6101.827 726.862
6102.880 622.823
6103.933 680.657
6104.986 663.042
6106.039 763.921
6107.092 647.882
6108.145 712.353
6109.198 683.820
6110.251 716.378
6111.304 761.200
6112.357 759.072
6113.410 739.770
6114.463 713.924
6115.516 660.126
6116.569 632.930
6117.622 629.594
6118.675 629.505
6119.728 648.078
6120.781 724.037
6121.834 674.691
6122.887 684.760
6123.940 758.632
6124.993 646.246
6126.046 649.285
6127.099 744.443
6128.152 699.515
6129.205 691.655
6130.258 692.705
6131.311 708.815
6132.364 749.753
6133.417 728.190
6134.470 705.661
6135.523 741.306
6136.577 805.250
6137.630 761.335
6138.683 835.957
6139.736 815.772
6140.789 757.980
6141.842 688.931
6142.895 749.315
6143.948 865.627
6145.001 951.984
6146.054 798.914
6147.107 672.492
6148.160 636.269
6149.213 670.357
6150.266 679.217
6151.319 772.758
6152.372 740.797
6153.425 754.827
6154.478 730.300
6155.531 1077.305
6156.584 1392.462
6157.637 1469.822
6158.690 1384.584
6159.743 955.770
6160.796 724.643
6161.849 700.990
6162.902 634.070
6163.955 653.536
6165.008 627.123
6166.061 624.110
6167.114 664.344
6168.167 696.882
6169.220 758.815
6170.273 952.081
6171.326 1051.440
6172.379 781.932
6173.432 675.216
6174.485 767.441
6175.538 800.868
6176.591 812.374
6177.644 772.983
6178.697 664.959
6179.750 704.691
6180.803 805.109
6181.856 760.889
6182.909 716.222
6183.962 746.059
6185.015 677.832
6186.068 689.075
6187.121 683.428
6188.174 707.224
6189.227 694.767
6190.280 641.837
6191.333 704.748
6192.386 719.108
6193.439 743.593
6194.492 743.553
6195.545 704.250
6196.598 689.326
6197.651 661.124
6198.704 688.432
6199.757 646.886
6200.810 648.310
6201.863 831.986
6202.916 960.670
6203.969 826.715
6205.022 642.491
6206.075 598.991
6207.128 652.211
6208.181 670.828
6209.234 665.765
6210.287 657.317
6211.340 752.835
6212.393 770.277
6213.446 737.860
6214.499 759.292
6215.552 651.025
6216.605 635.450
6217.658 705.055
6218.711 657.221
6219.765 697.071
6220.818 898.121
6221.871 1010.696
6222.924 884.519
6223.977 760.030
6225.030 701.462
6226.083 669.101
6227.136 623.719
6228.189 606.637
6229.242 620.353
6230.295 608.976
6231.348 690.684
6232.401 750.091
6233.454 834.194
6234.507 1383.515
6235.560 1786.227
6236.613 1654.704
6237.666 1266.370
6238.719 800.291
6239.772 778.496
6240.825 930.947
6241.878 956.359
6242.931 957.416
6243.984 933.858
6245.037 734.107
6246.090 649.629
6247.143 699.666
6248.196 745.777
6249.249 662.512
6250.302 657.146
6251.355 620.646
6252.408 641.499
6253.461 648.051
6254.514 631.783
6255.567 726.489
6256.620 1142.937
6257.673 1820.501
6258.726 1718.285
6259.779 1066.119
6260.832 706.666
6261.885 757.762
6262.938 758.572
6263.991 826.322
6265.044 1049.958
6266.097 1049.170
6267.150 855.267
6268.203 802.898
6269.256 729.123
6270.309 749.814
6271.362 705.696
6272.415 683.461
6273.468 693.800
6274.521 703.819
6275.574 797.374
6276.627 702.363
6277.680 689.277
6278.733 683.963
6279.786 698.125
6280.839 573.508
6281.892 633.994
6282.945 670.828
6283.998 652.772
6285.051 744.374
6286.104 937.802
6287.157 1573.097
6288.210 1549.368
6289.263 1032.555
6290.316 702.398
6291.369 725.942
6292.422 601.664
6293.475 650.079
6294.528 709.833
6295.581 702.351
6296.634 1002.271
6297.687 1544.071
6298.740 9298.554
6299.793 46014.506
6300.846 50955.245
6301.899 26648.453
6302.953 1644.496
6304.006 1159.918
6305.059 1138.903
6306.112 1505.247
6307.165 1780.550
6308.218 1455.466
6309.271 792.535
6310.324 624.702
6311.377 690.205
6312.430 664.076
6313.483 682.371
6314.536 773.547
6315.589 1074.611
6316.642 1051.901
6317.695 795.999
6318.748 706.837
6319.801 726.597
6320.854 982.502
6321.907 1094.016
6322.960 849.664
6324.013 640.449
6325.066 656.989
6326.119 719.975
6327.172 635.255
6328.225 823.549
6329.278 1398.958
6330.331 1503.544
6331.384 1062.044
6332.437 665.631
6333.490 625.930
6334.543 637.699
6335.596 608.192
6336.649 636.992
6337.702 639.117
6338.755 643.983
6339.808 641.435
6340.861 617.220
6341.914 656.421
6342.967 685.787
6344.020 640.197
6345.073 616.840
6346.126 566.025
6347.179 694.146
6348.232 850.604
6349.285 841.034
6350.338 726.845
6351.391 700.233
6352.444 635.473
6353.497 644.277
6354.550 775.469
6355.603 1026.193
6356.656 1263.692
6357.709 1011.734
6358.762 718.558
6359.815 744.130
6360.868 636.902
6361.921 2433.600
6362.974 11168.847
6364.027 18411.640
6365.080 11574.705
6366.133 1935.336
6367.186 743.381
6368.239 827.624
6369.292 660.541
6370.345 652.206
6371.398 660.623
6372.451 617.631
6373.504 666.140
6374.557 669.098
6375.610 644.650
6376.663 591.009
6377.716 607.458
6378.769 678.282
6379.822 729.903
6380.875 661.397
6381.928 535.618
6382.981 617.793
6384.034 583.110
6385.088 687.211
6386.141 883.758
6387.194 822.495
6388.247 709.908
6389.300 604.174
6390.353 589.158
6391.406 611.891
6392.459 598.553
6393.512 591.686
6394.565 599.105
6395.618 627.057
6396.671 613.499
6397.724 511.377
6398.777 504.266
6399.830 538.601
6400.883 528.617
6401.936 536.324
6402.989 643.027
6404.042 582.946
6405.095 574.001
6406.148 527.214
6407.201 575.318
6408.254 552.227
6409.307 608.032
6410.360 563.404
6411.413 518.329
6412.466 608.388
6413.519 676.633
6414.572 614.793
6415.625 580.205
6416.678 486.939
6417.731 520.453
6418.784 622.305
6419.837 672.081
6420.890 694.744
6421.943 607.771
6422.996 552.516
6424.049 555.520
6425.102 578.622
6426.155 560.742
6427.208 575.487
6428.261 610.998
6429.314 566.775
6430.367 553.489
6431.420 504.973
6432.473 519.152
6433.526 553.718
6434.579 569.581
6435.632 569.629
6436.685 585.706
6437.738 577.185
6438.791 556.777
6439.844 581.701
6440.897 567.651
6441.950 547.974
6443.003 548.102
6444.056 568.407
6445.109 554.898
6446.162 555.941
6447.215 613.039
6448.268 616.397
6449.321 531.843
6450.374 599.347
6451.427 596.855
6452.480 571.946
6453.533 699.181
6454.586 672.467
6455.639 737.691
6456.692 675.979
6457.745 654.809
6458.798 617.036
6459.851 489.980
6460.904 564.090
6461.957 584.451
6463.010 791.894
6464.063 912.703
6465.116 1007.653
6466.169 1049.713
6467.222 876.684
6468.276 582.735
6469.329 679.797
6470.382 1053.967
6471.435 1063.654
6472.488 743.964
6473.541 574.384
6474.594 544.383
6475.647 517.222
6476.700 551.864
6477.753 681.432
6478.806 678.196
6479.859 605.251
6480.912 576.195
6481.965 558.670
6483.018 568.438
6484.071 536.730
6485.124 521.130
6486.177 554.022
6487.230 543.048
6488.283 485.323
6489.336 484.464
6490.389 503.589
6491.442 559.444
6492.495 577.845
6493.548 518.056
6494.601 508.063
6495.654 486.704
6496.707 617.422
6497.760 1259.080
6498.813 1724.712
6499.866 1480.276
6500.919 660.200
6501.972 517.693
6503.025 526.157
6504.078 707.017
6505.131 881.174
6506.184 739.627
6507.237 592.209
6508.290 571.957
6509.343 516.586
6510.396 516.179
6511.449 503.657
6512.502 542.897
6513.555 635.910
6514.608 593.356
6515.661 545.612
6516.714 462.992
6517.767 465.725
6518.820 478.790
6519.873 487.877
6520.926 567.109
6521.979 689.074
6523.032 763.323
6524.085 647.428
6525.138 492.292
6526.191 527.912
6527.244 578.700
6528.297 559.880
6529.350 561.011
6530.403 515.984
6531.456 724.294
6532.509 1315.017
6533.562 1485.667
6534.615 1007.015
6535.668 580.654
6536.721 539.089
6537.774 483.534
6538.827 553.351
6539.880 510.091
6540.933 544.196
6541.986 573.454
6543.039 683.472
6544.092 847.892
6545.145 794.511
6546.198 565.175
6547.251 527.743
6548.304 605.001
6549.357 586.020
6550.411 600.878
6551.464 747.735
6552.517 1302.642
6553.570 1744.716
6554.623 1447.688
6555.676 815.102
6556.729 575.409
6557.782 607.364
6558.835 583.477
6559.888 529.510
6560.941 600.083
6561.994 667.848
6563.047 1496.071
6564.100 759.722
6565.153 22203.859
6566.206 65125.290
6567.259 70743.075
6568.312 36232.270
6569.365 5663.898
6570.418 2805.470
6571.471 660.277
6572.524 615.603
6573.577 558.769
6574.630 532.527
6575.683 646.111
6576.736 1230.920
6577.789 1272.301
6578.842 882.547
6579.895 557.543
6580.948 582.873
6582.001 520.726
6583.054 585.795
6584.107 550.994
6585.160 592.114
6586.213 872.735
6587.266 1147.276
6588.319 1173.912
6589.372 1002.083
6590.425 763.099
6591.478 564.102
6592.531 514.715
6593.584 548.035
6594.637 541.725
6595.690 576.567
6596.743 643.128
6597.796 599.424
6598.849 540.130
6599.902 518.002
6600.955 480.359
6602.008 506.997
6603.061 706.043
6604.114 929.326
6605.167 833.660
6606.220 588.288
6607.273 539.949
6608.326 494.468
6609.379 481.711
6610.432 505.458
6611.485 504.197
6612.538 468.437
6613.591 436.919
6614.644 455.754
6615.697 448.482
6616.750 518.066
6617.803 501.551
6618.856 527.536
6619.909 532.671
6620.962 553.792
6622.015 524.353
6623.068 439.921
6624.121 486.801
6625.174 495.712
6626.227 446.100
6627.280 558.351
6628.333 626.549
6629.386 505.082
6630.439 447.946
6631.492 463.134
6632.545 513.548
6633.599 591.377
6634.652 638.430
6635.705 567.325
6636.758 485.732
6637.811 511.647
6638.864 496.413
6639.917 480.737
6640.970 461.513
6642.023 465.266
6643.076 478.863
6644.129 487.657
6645.182 479.097
6646.235 494.035
6647.288 477.582
6648.341 451.649
6649.394 471.946
6650.447 486.984
6651.500 446.008
6652.553 494.345
6653.606 420.154
6654.659 423.509
6655.712 511.322
6656.765 525.523
6657.818 527.066
6658.871 501.337
6659.924 418.786
6660.977 482.777
6662.030 579.870
6663.083 474.877
6664.136 453.582
6665.189 491.122
6666.242 459.231
6667.295 504.896
6668.348 515.914
6669.401 487.506
6670.454 466.843
6671.507 504.990
6672.560 491.585
6673.613 495.303
6674.666 419.850
6675.719 438.909
6676.772 436.878
6677.825 489.070
6678.878 485.716
6679.931 500.277
6680.984 873.864
6682.037 1205.674
6683.090 1141.841
6684.143 660.896
6685.196 499.448
6686.249 477.741
6687.302 461.227
6688.355 525.002
6689.408 501.416
6690.461 532.465
6691.514 482.365
6692.567 442.195
6693.620 490.703
6694.673 452.007
6695.726 428.277
6696.779 483.322
6697.832 481.028
6698.885 486.916
6699.938 489.877
6700.991 452.489
6702.044 488.015
6703.097 482.596
6704.150 436.511
6705.203 490.835
6706.256 453.189
6707.309 424.086
6708.362 492.950
6709.415 523.766
6710.468 477.880
6711.521 497.685
6712.574 483.266
6713.627 377.289
6714.680 483.664
6715.734 452.943
6716.787 470.844
6717.840 531.299
6718.893 1047.608
6719.946 1756.445
6720.999 2135.792
6722.052 1790.713
6723.105 1159.947
6724.158 736.537
6725.211 438.343
6726.264 426.949
6727.317 432.776
6728.370 454.869
6729.423 500.710
6730.476 462.594
6731.529 480.079
6732.582 623.981
6733.635 974.853
6734.688 1470.473
6735.741 1560.153
6736.794 1218.184
6737.847 901.479
6738.900 589.165
6739.953 520.157
6741.006 456.039
6742.059 432.406
6743.112 490.622
6744.165 468.109
6745.218 479.621
6746.271 452.631
6747.324 401.756
6748.377 438.274
6749.430 436.376
6750.483 462.569
6751.536 519.888
6752.589 505.455
6753.642 464.799
6754.695 426.557
6755.748 458.045
6756.801 451.180
6757.854 451.562
6758.907 427.912
6759.960 408.694
6761.013 392.247
6762.066 456.492
6763.119 441.724
6764.172 476.160
6765.225 480.125
6766.278 485.517
6767.331 467.229
6768.384 471.267
6769.437 483.034
6770.490 380.955
6771.543 387.984
6772.596 418.045
6773.649 450.114
6774.702 441.766
6775.755 407.237
6776.808 429.263
6777.861 425.715
6778.914 411.437
6779.967 406.993
6781.020 453.563
6782.073 439.108
6783.126 460.193
6784.179 508.261
6785.232 426.178
6786.285 438.391
6787.338 453.183
6788.391 439.347
6789.444 441.078
6790.497 458.912
6791.550 418.137
6792.603 407.064
6793.656 500.534
6794.709 460.671
6795.762 393.245
6796.815 407.668
6797.868 401.812
6798.922 434.373
6799.975 394.611
6801.028 373.054
6802.081 422.023
6803.134 457.597
6804.187 452.306
6805.240 363.536
6806.293 404.014
6807.346 455.651
6808.399 477.475
6809.452 405.288
6810.505 424.978
6811.558 416.004
6812.611 427.346
6813.664 451.025
6814.717 475.755
6815.770 485.760
6816.823 433.406
6817.876 416.828
6818.929 469.660
6819.982 462.993
6821.035 460.388
6822.088 364.135
6823.141 368.367
6824.194 455.868
6825.247 408.143
6826.300 622.023
6827.353 992.473
6828.406 1456.172
6829.459 1855.890
6830.512 1450.358
6831.565 780.972
6832.618 745.572
6833.671 1492.895
6834.724 1765.218
6835.777 1199.209
6836.830 540.217
6837.883 370.111
6838.936 498.642
6839.989 512.142
6841.042 637.179
6842.095 772.786
6843.148 649.672
6844.201 496.200
6845.254 421.145
6846.307 431.684
6847.360 389.496
6848.413 384.372
6849.466 439.777
6850.519 502.288
6851.572 505.238
6852.625 441.604
6853.678 438.317
6854.731 446.410
6855.784 458.821
6856.837 410.206
6857.890 381.216
6858.943 418.121
6859.996 401.472
6861.049 497.605
6862.102 695.754
6863.155 2318.531
6864.208 3070.550
6865.261 2028.972
6866.314 614.929
6867.367 361.999
6868.420 321.209
6869.473 293.061
6870.526 500.935
6871.579 553.381
6872.632 401.046
6873.685 277.827
6874.738 235.842
6875.791 273.025
6876.844 344.374
6877.897 342.831
6878.950 366.712
6880.003 518.999
6881.056 634.127
6882.110 698.395
6883.163 448.096
6884.216 421.300
6885.269 350.815
6886.322 346.065
6887.375 391.468
6888.428 678.854
6889.481 853.151
6890.534 692.665
6891.587 416.446
6892.640 336.203
6893.693 385.396
6894.746 441.684
6895.799 399.357
6896.852 322.846
6897.905 327.064
6898.958 422.642
6900.011 698.522
6901.064 848.618
6902.117 707.595
6903.170 425.578
6904.223 353.252
6905.276 362.014
6906.329 362.495
6907.382 367.937
6908.435 382.174
6909.488 411.002
6910.541 366.334
6911.594 792.421
6912.647 1104.162
6913.700 945.640
6914.753 506.730
6915.806 364.930
6916.859 395.406
6917.912 348.066
6918.965 364.384
6920.018 390.387
6921.071 473.978
6922.124 1005.356
6923.177 1735.940
6924.230 1545.260
6925.283 649.550
6926.336 430.104
6927.389 417.306
6928.442 461.576
6929.495 381.611
6930.548 422.213
6931.601 428.486
6932.654 403.386
6933.707 396.617
6934.760 401.375
6935.813 370.597
6936.866 380.128
6937.919 603.372
6938.972 944.576
6940.025 1070.431
6941.078 735.119
6942.131 384.701
6943.184 436.097
6944.237 370.239
6945.290 398.017
6946.343 454.696
6947.396 635.913
6948.449 1751.810
6949.502 2077.412
6950.555 1203.261
6951.608 532.645
6952.661 451.728
6953.714 441.291
6954.767 417.199
6955.820 461.173
6956.873 424.228
6957.926 464.216
6958.979 447.483
6960.032 432.979
6961.085 482.159
6962.138 450.282
6963.191 419.654
6964.245 375.498
6965.298 372.687
6966.351 443.105
6967.404 497.622
6968.457 486.167
6969.510 804.565
6970.563 839.807
6971.616 606.005
6972.669 440.567
6973.722 446.675
6974.775 410.388
6975.828 465.603
6976.881 628.180
6977.934 1149.647
6978.987 1385.238
6980.040 822.928
6981.093 405.675
6982.146 405.719
6983.199 430.605
6984.252 477.144
6985.305 429.474
6986.358 423.548
6987.411 386.263
6988.464 376.920
6989.517 425.922
6990.570 440.535
6991.623 422.459
6992.676 408.526
6993.729 402.069
6994.782 409.873
6995.835 462.171
6996.888 459.793
6997.941 427.097
6998.994 465.711
7000.047 464.748
7001.100 517.640
7002.153 686.597
7003.206 760.899
7004.259 645.752
7005.312 469.857
7006.365 387.594
7007.418 400.829
7008.471 449.507
7009.524 448.602
7010.577 706.031
7011.630 791.826
7012.683 696.157
7013.736 384.486
7014.789 377.603
7015.842 387.899
7016.895 371.791
7017.948 390.597
7019.001 389.029
7020.054 383.436
7021.107 408.202
7022.160 369.083
7023.213 335.984
7024.266 364.693
7025.319 411.970
7026.372 400.974
7027.425 356.136
7028.478 380.650
7029.531 379.523
7030.584 428.435
7031.637 455.069
7032.690 405.894
7033.743 357.441
7034.796 402.817
7035.849 385.549
7036.902 404.428
7037.955 359.647
7039.008 327.049
7040.061 447.102
7041.114 539.180
7042.167 525.372
7043.220 427.488
7044.273 362.762
7045.326 480.128
7046.379 507.600
7047.433 642.106
7048.486 678.855
7049.539 633.721
7050.592 580.077
7051.645 474.995
7052.698 474.812
7053.751 491.209
7054.804 492.482
7055.857 412.259
7056.910 426.057
7057.963 378.959
7059.016 375.717
7060.069 453.539
7061.122 424.849
7062.175 442.789
7063.228 487.930
7064.281 449.441
7065.334 455.554
7066.387 428.549
7067.440 458.464
7068.493 721.456
7069.546 904.133
7070.599 789.533
7071.652 552.968
7072.705 449.252
7073.758 468.222
7074.811 469.545
7075.864 408.746
7076.917 371.054
7077.970 443.721
7079.023 444.437
7080.076 392.438
7081.129 424.130
7082.182 498.897
7083.235 472.085
7084.288 370.168
7085.341 387.978
7086.394 392.461
7087.447 465.522
7088.500 472.945
7089.553 601.197
7090.606 477.633
7091.659 423.411
7092.712 433.019
7093.765 418.549
7094.818 403.610
7095.871 370.195
7096.924 366.694
7097.977 394.545
7099.030 364.532
7100.083 348.956
7101.136 375.394
7102.189 388.608
7103.242 367.757
7104.295 363.743
7105.348 370.234
7106.401 372.596
7107.454 390.628
7108.507 375.968
7109.560 371.803
7110.613 319.983
7111.666 383.332
7112.719 456.781
7113.772 401.634
7114.825 363.522
7115.878 355.764
7116.931 385.347
7117.984 420.897
7119.037 366.744
7120.090 309.949
7121.143 367.065
7122.196 404.389
7123.249 411.824
7124.302 372.241
7125.355 378.247
7126.408 385.400
7127.461 477.888
7128.514 479.580
7129.568 439.553
7130.621 373.309
7131.674 406.370
7132.727 464.651
7133.780 456.959
7134.833 423.097
7135.886 405.191
7136.939 398.065
7137.992 604.925
7139.045 1310.253
7140.098 1855.296
7141.151 1520.191
7142.204 776.318
7143.257 532.904
7144.310 476.660
7145.363 510.346
7146.416 490.407
7147.469 464.023
7148.522 458.348
7149.575 463.761
7150.628 424.350
7151.681 379.876
7152.734 385.910
7153.787 378.021
7154.840 369.796
7155.893 390.728
7156.946 363.023
7157.999 386.184
7159.052 443.688
7160.105 436.930
7161.158 399.124
7162.211 468.836
7163.264 389.453
7164.317 388.829
7165.370 376.225
7166.423 381.960
7167.476 398.973
7168.529 330.688
7169.582 381.285
7170.635 430.935
7171.688 371.777
7172.741 401.155
7173.794 430.900
7174.847 393.134
7175.900 392.503
7176.953 407.070
7178.006 383.979
7179.059 399.125
7180.112 442.536
7181.165 420.977
7182.218 379.993
7183.271 405.247
7184.324 372.545
7185.377 320.044
7186.430 318.048
7187.483 305.315
7188.536 329.816
7189.589 343.894
7190.642 318.330
7191.695 332.929
7192.748 382.921
7193.801 358.890
7194.854 313.381
7195.907 347.234
7196.960 375.272
7198.013 364.568
7199.066 302.049
7200.119 334.231
7201.172 351.775
7202.225 325.330
7203.278 345.410
7204.331 379.272
7205.384 346.903
7206.437 314.010
7207.490 347.097
7208.543 378.327
7209.596 388.780
7210.649 365.300
7211.702 356.130
7212.756 361.602
7213.809 357.839
7214.862 348.732
7215.915 412.190
7216.968 330.731
7218.021 375.149
7219.074 365.030
7220.127 333.203
7221.180 398.646
7222.233 412.321
7223.286 377.586
7224.339 380.372
7225.392 382.988
7226.445 385.836
7227.498 383.354
7228.551 421.911
7229.604 426.246
7230.657 416.903
7231.710 367.403
7232.763 411.714
7233.816 465.725
7234.869 434.938
7235.922 388.892
7236.975 547.859
7238.028 1113.693
7239.081 2179.624
7240.134 2972.463
7241.187 2565.389
7242.240 1611.736
7243.293 1285.708
7244.346 2344.083
7245.399 3055.534
7246.452 2145.476
7247.505 908.580
7248.558 498.468
7249.611 436.188
7250.664 460.279
7251.717 634.353
7252.770 905.326
7253.823 963.707
7254.876 779.283
7255.929 591.556
7256.982 492.971
7258.035 429.627
7259.088 382.866
7260.141 386.231
7261.194 424.745
7262.247 380.208
7263.300 393.141
7264.353 379.899
7265.406 398.991
7266.459 410.534
7267.512 457.077
7268.565 492.169
7269.618 504.622
7270.671 443.659
7271.724 407.321
7272.777 415.252
7273.830 619.085
7274.883 2024.233
7275.936 4303.645
7276.989 4563.893
7278.042 2321.703
7279.095 719.049
7280.148 471.694
7281.201 502.390
7282.254 627.795
7283.307 1212.638
7284.360 1970.370
7285.413 1874.156
7286.466 1047.555
7287.519 492.543
7288.572 401.163
7289.625 387.219
7290.678 407.171
7291.731 463.509
7292.784 408.987
7293.837 445.154
7294.891 627.472
7295.944 884.536
7296.997 785.236
7298.050 538.161
7299.103 404.773
7300.156 381.342
7301.209 360.410
7302.262 649.178
7303.315 1158.712
7304.368 1285.471
7305.421 846.087
7306.474 462.031
7307.527 430.685
7308.580 395.084
7309.633 385.960
7310.686 495.498
7311.739 453.927
7312.792 399.872
7313.845 440.146
7314.898 1663.500
7315.951 3244.155
7317.004 3390.281
7318.057 1845.757
7319.110 574.400
7320.163 350.230
7321.216 386.473
7322.269 448.310
7323.322 423.696
7324.375 505.190
7325.428 539.755
7326.481 545.515
7327.534 765.086
7328.587 1445.623
7329.640 1763.771
7330.693 1187.358
7331.746 613.642
7332.799 465.291
7333.852 465.386
7334.905 465.351
7335.958 471.667
7337.011 495.503
7338.064 435.509
7339.117 1144.039
7340.170 3213.953
7341.223 4112.464
7342.276 2853.018
7343.329 1099.842
7344.382 381.881
7345.435 413.131
7346.488 450.278
7347.541 451.652
7348.594 426.434
7349.647 368.228
7350.700 423.551
7351.753 462.716
7352.806 409.530
7353.859 412.199
7354.912 385.581
7355.965 388.025
7357.018 693.882
7358.071 1297.783
7359.124 1512.378
7360.177 1067.829
7361.230 601.302
7362.283 361.622
7363.336 421.621
7364.389 418.410
7365.442 400.411
7366.495 364.498
7367.548 975.495
7368.601 2425.896
7369.654 3144.526
7370.707 2311.938
7371.760 886.404
7372.813 426.824
7373.866 459.437
7374.919 410.746
7375.972 374.812
7377.025 337.985
7378.079 396.856
7379.132 370.148
7380.185 354.462
7381.238 393.063
7382.291 382.788
7383.344 374.184
7384.397 367.315
7385.450 365.426
7386.503 365.636
7387.556 338.376
7388.609 370.359
7389.662 450.558
7390.715 711.806
7391.768 1027.591
7392.821 1083.976
7393.874 756.838
7394.927 447.669
7395.980 348.442
7397.033 352.642
7398.086 335.234
7399.139 324.626
7400.192 801.019
7401.245 1711.889
7402.298 1952.703
7403.351 1400.014
7404.404 678.344
7405.457 391.877
7406.510 314.975
7407.563 304.833
7408.616 311.026
7409.669 338.162
7410.722 298.315
7411.775 361.768
7412.828 404.057
7413.881 348.581
7414.934 361.504
7415.987 349.288
7417.040 398.992
7418.093 400.022
7419.146 412.284
7420.199 396.311
7421.252 367.999
7422.305 385.359
7423.358 318.724
7424.411 319.309
7425.464 351.075
7426.517 315.894
7427.570 371.856
7428.623 554.802
7429.676 725.088
7430.729 719.397
7431.782 557.761
7432.835 396.446
7433.888 339.137
7434.941 326.238
7435.994 324.295
7437.047 651.817
7438.100 1009.927
7439.153 1107.118
7440.206 806.196
7441.259 461.724
7442.312 324.937
7443.365 328.761
7444.418 323.658
7445.471 296.491
7446.524 339.170
7447.577 293.970
7448.630 379.889
7449.683 359.207
7450.736 332.348
7451.789 366.177
7452.842 342.483
7453.895 313.881
7454.948 314.657
7456.001 325.220
7457.054 373.837
7458.107 349.514
7459.160 371.295
7460.214 356.583
7461.267 398.305
7462.320 422.243
7463.373 437.551
7464.426 458.789
7465.479 484.000
7466.532 549.254
7467.585 601.622
7468.638 550.157
7469.691 481.144
7470.744 518.626
7471.797 707.638
7472.850 833.110
7473.903 937.682
7474.956 959.636
7476.009 741.811
7477.062 480.033
7478.115 478.145
7479.168 635.513
7480.221 635.482
7481.274 635.440
7482.327 635.409
7483.380 635.374
7484.433 635.337
7485.486 635.303
