3561.035 2470.953
3562.213 2616.972
3563.392 2623.903
3564.571 2667.973
3565.750 2098.145
3566.929 1935.224
3568.108 2046.079
3569.286 1792.738
3570.465 1968.502
3571.644 2684.599
3572.823 1764.033
3574.002 2106.824
3575.180 2302.019
3576.359 2071.916
3577.538 1734.561
3578.717 1718.213
3579.896 2036.710
3581.075 1773.739
3582.253 2207.726
3583.432 2342.934
3584.611 2100.940
3585.790 1972.179
3586.969 1717.810
3588.147 1958.949
3589.326 1947.768
3590.505 2436.928
3591.684 2543.032
3592.863 2072.588
3594.042 2294.304
3595.220 2328.586
3596.399 2383.380
3597.578 2181.738
3598.757 1841.176
3599.936 2405.184
3601.114 1866.809
3602.293 2281.515
3603.472 2403.934
3604.651 2112.224
3605.830 1993.590
3607.009 1805.766
3608.187 2439.649
3609.366 2292.660
3610.545 2281.712
3611.724 2755.856
3612.903 1603.092
3614.081 2388.589
3615.260 2575.016
3616.439 2816.833
3617.618 2978.617
3618.797 2268.942
3619.976 2390.528
3621.154 2328.933
3622.333 2647.184
3623.512 2740.876
3624.691 2154.051
3625.870 2249.561
3627.048 2424.883
3628.227 2644.669
3629.406 2905.067
3630.585 2973.775
3631.764 2750.836
3632.943 2844.164
3634.121 2562.378
3635.300 3319.647
3636.479 3251.988
3637.658 3210.604
3638.837 2545.700
3640.015 2471.310
3641.194 2326.253
3642.373 2875.469
3643.552 2726.797
3644.731 2689.559
3645.910 2254.939
3647.088 2646.373
3648.267 2387.833
3649.446 2806.510
3650.625 2522.442
3651.804 2374.850
3652.982 2049.391
3654.161 1928.674
3655.340 2234.597
3656.519 2101.608
3657.698 1904.577
3658.877 2329.566
3660.055 2111.193
3661.234 2116.290
3662.413 2181.375
3663.592 2107.502
3664.771 2124.383
3665.949 2486.600
3667.128 1742.403
3668.307 2518.501
3669.486 2261.889
3670.665 2432.386
3671.844 2037.017
3673.022 2060.164
3674.201 2107.810
3675.380 1796.275
3676.559 2333.210
3677.738 2285.674
3678.916 1843.024
3680.095 1937.608
3681.274 2347.539
3682.453 2025.189
3683.632 1838.686
3684.811 2476.156
3685.989 2107.680
3687.168 1613.475
3688.347 1853.232
3689.526 2095.149
3690.705 1835.736
3691.883 1722.870
3693.062 2216.952
3694.241 2130.408
3695.420 1931.103
3696.599 1590.167
3697.777 1953.548
3698.956 2267.935
3700.135 2689.868
3701.314 2194.205
3702.493 1821.021
3703.672 1776.779
3704.850 2486.365
3706.029 3011.717
3707.208 2978.970
3708.387 2073.160
3709.566 1848.027
3710.744 1581.826
3711.923 1950.171
3713.102 2417.573
3714.281 3116.682
3715.460 2931.261
3716.639 1639.535
3717.817 1369.288
3718.996 1743.220
3720.175 1450.097
3721.354 1391.660
3722.533 2040.305
3723.711 3961.137
3724.890 4392.570
3726.069 4427.738
3727.248 16730.184
3728.427 27643.802
3729.606 31850.229
3730.784 37906.970
3731.963 32629.754
3733.142 12525.644
3734.321 1789.415
3735.500 2727.662
3736.678 3623.739
3737.857 2932.902
3739.036 2126.731
3740.215 1779.836
3741.394 1970.916
3742.573 1715.543
3743.751 2053.292
3744.930 1645.641
3746.109 1733.739
3747.288 1656.209
3748.467 1507.964
3749.645 1380.015
3750.824 2406.952
3752.003 3459.012
3753.182 3741.769
3754.361 2546.608
3755.540 1534.731
3756.718 1753.568
3757.897 1507.444
3759.076 1335.789
3760.255 1497.870
3761.434 1319.098
3762.612 1493.600
3763.791 1600.211
3764.970 1733.731
3766.149 1499.508
3767.328 1362.212
3768.507 1445.693
3769.685 1381.004
3770.864 1815.529
3772.043 3795.070
3773.222 4965.218
3774.401 3697.942
3775.579 1583.228
3776.758 1347.348
3777.937 1601.739
3779.116 1374.608
3780.295 1673.537
3781.474 1467.564
3782.652 1274.706
3783.831 1595.200
3785.010 1767.759
3786.189 1950.163
3787.368 1337.227
3788.546 1522.943
3789.725 1598.812
3790.904 1722.789
3792.083 1580.099
3793.262 1470.433
3794.441 1323.955
3795.619 1390.917
3796.798 1338.073
3797.977 1562.138
3799.156 4117.264
3800.335 5505.923
3801.513 4404.406
3802.692 1852.766
3803.871 1317.069
3805.050 1337.847
3806.229 1375.767
3807.408 1517.318
3808.586 1365.424
3809.765 1502.322
3810.944 1549.735
3812.123 1538.307
3813.302 1801.503
3814.480 1363.561
3815.659 1325.996
3816.838 1556.081
3818.017 1402.377
3819.196 1580.293
3820.375 1819.307
3821.553 2274.764
3822.732 2176.637
3823.911 1703.704
3825.090 1395.530
3826.269 1406.400
3827.447 1432.634
3828.626 1501.100
3829.805 1717.704
3830.984 1574.611
3832.163 1638.901
3833.342 1456.481
3834.520 1443.534
3835.699 2190.344
3836.878 5523.699
3838.057 6815.918
3839.236 4635.391
3840.414 1518.175
3841.593 1256.795
3842.772 1388.175
3843.951 1218.962
3845.130 1307.130
3846.309 1468.839
3847.487 1575.382
3848.666 1520.812
3849.845 1422.969
3851.024 1405.833
3852.203 1461.462
3853.381 1492.248
3854.560 1564.029
3855.739 1422.437
3856.918 1373.363
3858.097 1332.968
3859.275 1416.160
3860.454 1325.211
3861.633 1359.333
3862.812 1322.109
3863.991 1584.973
3865.170 1333.069
3866.348 1497.466
3867.527 1440.699
3868.706 3654.364
3869.885 17350.221
3871.064 33209.484
3872.242 24328.426
3873.421 5695.887
3874.600 961.503
3875.779 1380.197
3876.958 1305.286
3878.137 1261.278
3879.315 1264.104
3880.494 1294.006
3881.673 1295.254
3882.852 1201.630
3884.031 1206.666
3885.209 1181.538
3886.388 1121.745
3887.567 1250.839
3888.746 2023.951
3889.925 7906.228
3891.104 15565.990
3892.282 12004.892
3893.461 3897.206
3894.640 981.982
3895.819 1177.573
3896.998 1198.845
3898.176 1158.066
3899.355 1186.394
3900.534 1368.852
3901.713 1274.739
3902.892 1267.985
3904.071 1299.492
3905.249 1356.765
3906.428 1478.252
3907.607 1309.947
3908.786 1497.847
3909.965 1487.319
3911.143 1393.700
3912.322 1310.599
3913.501 1477.997
3914.680 1459.454
3915.859 1368.434
3917.038 1166.210
3918.216 1334.901
3919.395 1215.696
3920.574 1078.131
3921.753 1234.704
3922.932 1178.425
3924.110 1223.268
3925.289 1172.766
3926.468 1215.731
3927.647 1265.121
3928.826 1167.015
3930.005 1120.875
3931.183 1068.179
3932.362 1000.526
3933.541 963.843
3934.720 700.981
3935.899 896.536
3937.077 880.680
3938.256 976.702
3939.435 1168.846
3940.614 1223.051
3941.793 1228.289
3942.972 1280.661
3944.150 1236.927
3945.329 1125.157
3946.508 1392.313
3947.687 1454.534
3948.866 1471.958
3950.044 1209.608
3951.223 1191.180
3952.402 1225.648
3953.581 1204.063
3954.760 1099.684
3955.939 1062.179
3957.117 1147.514
3958.296 1123.015
3959.475 1120.280
3960.654 1131.614
3961.833 1010.011
3963.011 1057.473
3964.190 937.982
3965.369 993.342
3966.548 1534.486
3967.727 2184.706
3968.906 6351.057
3970.084 9223.404
3971.263 10912.597
3972.442 11410.145
3973.621 8396.681
3974.800 2397.612
3975.978 911.869
3977.157 1046.987
3978.336 1059.571
3979.515 981.710
3980.694 1044.407
3981.873 1105.879
3983.051 1000.573
3984.230 1160.901
3985.409 1216.139
3986.588 1151.156
3987.767 1088.080
3988.945 1078.701
3990.124 1087.152
3991.303 1077.537
3992.482 1092.042
3993.661 1155.495
3994.840 1150.840
3996.018 1148.774
3997.197 1087.274
3998.376 1120.747
3999.555 1128.622
4000.734 1262.819
4001.912 1214.725
4003.091 1152.278
4004.270 1167.207
4005.449 1194.312
4006.628 1106.029
4007.807 1114.042
4008.985 1202.849
4010.164 1255.255
4011.343 1306.582
4012.522 1316.518
4013.701 1222.484
4014.879 1202.491
4016.058 1178.546
4017.237 1139.197
4018.416 1134.944
4019.595 1212.194
4020.773 1137.429
4021.952 1190.508
4023.131 1034.187
4024.310 1128.701
4025.489 1180.012
4026.668 1364.360
4027.846 1989.440
4029.025 2159.355
4030.204 1693.643
4031.383 1193.429
4032.562 1000.755
4033.740 1013.194
4034.919 1029.368
4036.098 994.897
4037.277 1198.381
4038.456 1182.702
4039.635 1084.003
4040.813 1197.262
4041.992 1095.856
4043.171 1152.604
4044.350 1193.873
4045.529 1152.475
4046.707 1076.843
4047.886 1063.132
4049.065 1058.007
4050.244 1102.860
4051.423 1162.534
4052.602 1029.132
4053.780 1055.237
4054.959 1116.899
4056.138 1032.752
4057.317 1014.027
4058.496 1043.247
4059.674 1004.560
4060.853 1083.677
4062.032 1131.643
4063.211 1169.643
4064.390 1083.044
4065.569 1100.163
4066.747 1045.527
4067.926 933.049
4069.105 1245.270
4070.284 1292.654
4071.463 1316.935
4072.641 1242.097
4073.820 1039.823
4074.999 1067.506
4076.178 1089.195
4077.357 1176.623
4078.536 1111.759
4079.714 1109.581
4080.893 1027.684
4082.072 990.339
4083.251 1057.388
4084.430 1027.284
4085.608 1037.623
4086.787 1025.862
4087.966 1022.442
4089.145 987.316
4090.324 1009.135
4091.503 1076.698
4092.681 1034.543
4093.860 1014.960
4095.039 919.767
4096.218 991.595
4097.397 967.847
4098.575 952.370
4099.754 966.214
4100.933 1053.796
4102.112 2486.671
4103.291 10700.789
4104.470 14434.618
4105.648 9357.761
4106.827 1553.592
4108.006 928.659
4109.185 898.817
4110.364 969.496
4111.542 885.934
4112.721 884.737
4113.900 928.328
4115.079 922.540
4116.258 946.397
4117.437 919.369
4118.615 926.947
4119.794 951.611
4120.973 963.842
4122.152 976.920
4123.331 1023.211
4124.509 1044.916
4125.688 954.587
4126.867 931.536
4128.046 1076.326
4129.225 985.143
4130.404 958.133
4131.582 910.124
4132.761 942.871
4133.940 1012.432
4135.119 933.083
4136.298 956.557
4137.476 1025.244
4138.655 909.885
4139.834 916.610
4141.013 905.432
4142.192 903.911
4143.371 898.368
4144.549 952.013
4145.728 1022.238
4146.907 984.802
4148.086 917.363
4149.265 810.906
4150.443 904.818
4151.622 1021.140
4152.801 978.600
4153.980 920.149
4155.159 932.429
4156.338 991.136
4157.516 981.683
4158.695 948.258
4159.874 939.957
4161.053 948.214
4162.232 935.239
4163.410 913.892
4164.589 991.693
4165.768 989.757
4166.947 937.128
4168.126 968.960
4169.305 974.045
4170.483 1033.270
4171.662 991.732
4172.841 936.851
4174.020 1009.416
4175.199 894.738
4176.377 886.983
4177.556 898.837
4178.735 921.938
4179.914 884.365
4181.093 930.366
4182.271 891.885
4183.450 952.908
4184.629 827.215
4185.808 867.754
4186.987 831.858
4188.166 827.980
4189.344 813.172
4190.523 835.288
4191.702 886.625
4192.881 884.424
4194.060 807.797
4195.238 835.588
4196.417 808.635
4197.596 809.921
4198.775 752.778
4199.954 830.688
4201.133 851.139
4202.311 747.677
4203.490 813.538
4204.669 778.346
4205.848 781.075
4207.027 839.241
4208.205 859.064
4209.384 808.433
4210.563 890.495
4211.742 824.931
4212.921 783.844
4214.100 823.977
4215.278 800.425
4216.457 804.757
4217.636 824.462
4218.815 767.502
4219.994 803.697
4221.172 831.472
4222.351 781.411
4223.530 766.862
4224.709 799.476
4225.888 732.373
4227.067 762.019
4228.245 711.999
4229.424 702.608
4230.603 751.733
4231.782 767.748
4232.961 741.023
4234.139 799.677
4235.318 822.521
4236.497 829.067
4237.676 858.067
4238.855 818.228
4240.034 761.389
4241.212 735.885
4242.391 764.342
4243.570 771.161
4244.749 792.635
4245.928 794.496
4247.106 804.513
4248.285 791.794
4249.464 728.003
4250.643 743.906
4251.822 828.490
4253.001 826.313
4254.179 751.616
4255.358 767.566
4256.537 753.237
4257.716 828.973
4258.895 787.775
4260.073 739.147
4261.252 777.629
4262.431 739.172
4263.610 748.616
4264.789 750.599
4265.968 800.215
4267.146 859.899
4268.325 824.370
4269.504 790.699
4270.683 762.175
4271.862 759.786
4273.040 732.160
4274.219 711.634
4275.398 722.737
4276.577 669.337
4277.756 672.423
4278.935 749.418
4280.113 769.939
4281.292 707.520
4282.471 770.605
4283.650 736.073
4284.829 741.872
4286.007 730.779
4287.186 739.949
4288.365 738.993
4289.544 727.772
4290.723 731.167
4291.902 738.840
4293.080 660.760
4294.259 708.537
4295.438 734.544
4296.617 727.122
4297.796 746.410
4298.974 743.216
4300.153 624.062
4301.332 599.810
4302.511 647.567
4303.690 713.708
4304.869 668.023
4306.047 644.088
4307.226 629.781
4308.405 631.833
4309.584 648.310
4310.763 643.147
4311.941 633.542
4313.120 650.298
4314.299 670.488
4315.478 685.367
4316.657 695.258
4317.836 688.621
4319.014 739.937
4320.193 760.268
4321.372 769.982
4322.551 674.184
4323.730 640.229
4324.908 655.025
4326.087 638.750
4327.266 625.615
4328.445 621.342
4329.624 677.677
4330.803 687.778
4331.981 677.882
4333.160 715.585
4334.339 697.729
4335.518 671.786
4336.697 620.430
4337.875 637.817
4339.054 752.903
4340.233 837.176
4341.412 6278.351
4342.591 16259.315
4343.769 18126.619
4344.948 7445.500
4346.127 918.089
4347.306 700.679
4348.485 734.862
4349.664 706.972
4350.842 677.056
4352.021 667.608
4353.200 669.043
4354.379 644.053
4355.558 714.140
4356.736 741.621
4357.915 725.348
4359.094 686.032
4360.273 694.366
4361.452 666.037
4362.631 755.838
4363.809 1014.841
4364.988 2692.918
4366.167 3237.869
4367.346 2254.715
4368.525 964.005
4369.703 807.597
4370.882 659.934
4372.061 680.174
4373.240 669.696
4374.419 659.044
4375.598 639.534
4376.776 622.134
4377.955 671.987
4379.134 741.124
4380.313 681.475
4381.492 663.400
4382.670 721.542
4383.849 658.149
4385.028 583.708
4386.207 650.879
4387.386 564.492
4388.565 649.800
4389.743 819.666
4390.922 851.515
4392.101 720.290
4393.280 682.278
4394.459 660.907
4395.637 650.081
4396.816 698.258
4397.995 654.214
4399.174 608.387
4400.353 681.731
4401.532 635.246
4402.710 660.842
4403.889 663.103
4405.068 695.050
4406.247 703.608
4407.426 724.494
4408.604 689.027
4409.783 737.512
4410.962 700.266
4412.141 741.999
4413.320 713.655
4414.499 694.563
4415.677 683.619
4416.856 707.445
4418.035 674.706
4419.214 653.164
4420.393 689.892
4421.571 670.941
4422.750 683.337
4423.929 670.533
4425.108 650.224
4426.287 682.580
4427.466 649.591
4428.644 681.054
4429.823 627.208
4431.002 661.560
4432.181 661.434
4433.360 654.412
4434.538 687.789
4435.717 633.128
4436.896 657.106
4438.075 676.130
4439.254 630.710
4440.433 651.642
4441.611 676.395
4442.790 629.186
4443.969 642.083
4445.148 665.357
4446.327 642.084
4447.505 628.359
4448.684 636.584
4449.863 634.631
4451.042 678.640
4452.221 638.399
4453.400 652.992
4454.578 631.038
4455.757 645.285
4456.936 611.941
4458.115 567.627
4459.294 621.436
4460.472 563.977
4461.651 607.527
4462.830 589.614
4464.009 602.329
4465.188 583.058
4466.367 605.678
4467.545 600.376
4468.724 594.264
4469.903 665.215
4471.082 571.706
4472.261 843.431
4473.439 1660.112
4474.618 1995.981
4475.797 1360.983
4476.976 641.991
4478.155 578.840
4479.334 632.644
4480.512 655.514
4481.691 635.334
4482.870 653.908
4484.049 599.707
4485.228 627.259
4486.406 608.886
4487.585 630.634
4488.764 573.393
4489.943 661.326
4491.122 654.749
4492.301 603.421
4493.479 613.578
4494.658 636.018
4495.837 582.938
4497.016 631.253
4498.195 588.299
4499.373 569.196
4500.552 605.974
4501.731 648.699
4502.910 649.562
4504.089 615.014
4505.267 607.236
4506.446 672.818
4507.625 645.985
4508.804 673.533
4509.983 605.268
4511.162 650.390
4512.340 609.784
4513.519 620.808
4514.698 624.189
4515.877 595.391
4517.056 618.459
4518.234 687.143
4519.413 573.269
4520.592 605.966
4521.771 606.903
4522.950 655.806
4524.129 644.923
4525.307 620.235
4526.486 605.456
4527.665 582.770
4528.844 644.668
4530.023 613.917
4531.201 617.204
4532.380 628.234
4533.559 625.034
4534.738 602.502
4535.917 669.490
4537.096 619.345
4538.274 613.014
4539.453 643.387
4540.632 661.725
4541.811 628.893
4542.990 628.495
4544.168 625.236
4545.347 649.503
4546.526 629.684
4547.705 648.751
4548.884 618.182
4550.063 596.041
4551.241 602.215
4552.420 608.586
4553.599 592.445
4554.778 615.816
4555.957 542.172
4557.135 613.494
4558.314 596.182
4559.493 620.329
4560.672 618.750
4561.851 601.830
4563.030 609.470
4564.208 649.942
4565.387 628.890
4566.566 650.377
4567.745 624.344
4568.924 594.019
4570.102 600.042
4571.281 617.477
4572.460 626.005
4573.639 658.735
4574.818 640.425
4575.997 624.149
4577.175 647.742
4578.354 602.725
4579.533 643.197
4580.712 629.375
4581.891 613.337
4583.069 580.754
4584.248 617.558
4585.427 600.486
4586.606 577.791
4587.785 588.835
4588.964 613.767
4590.142 614.256
4591.321 606.298
4592.500 578.739
4593.679 608.332
4594.858 583.452
4596.036 591.530
4597.215 626.842
4598.394 593.973
4599.573 595.412
4600.752 600.647
4601.931 580.783
4603.109 607.298
4604.288 569.204
4605.467 575.317
4606.646 597.896
4607.825 596.075
4609.003 621.316
4610.182 626.934
4611.361 624.622
4612.540 638.238
4613.719 627.095
4614.898 601.348
4616.076 610.800
4617.255 643.873
4618.434 599.150
4619.613 581.185
4620.792 594.701
4621.970 609.180
4623.149 635.464
4624.328 625.016
4625.507 611.211
4626.686 602.205
4627.865 613.718
4629.043 639.677
4630.222 604.016
4631.401 607.723
4632.580 630.535
4633.759 593.135
4634.937 610.113
4636.116 629.346
4637.295 585.450
4638.474 584.645
4639.653 611.197
4640.832 588.605
4642.010 610.815
4643.189 664.883
4644.368 644.227
4645.547 632.827
4646.726 601.253
4647.904 594.526
4649.083 607.819
4650.262 607.007
4651.441 620.358
4652.620 631.004
4653.799 659.135
4654.977 646.053
4656.156 697.848
4657.335 613.397
4658.514 599.971
4659.693 639.062
4660.871 654.678
4662.050 714.755
4663.229 674.418
4664.408 642.805
4665.587 623.832
4666.765 619.293
4667.944 593.669
4669.123 613.937
4670.302 601.223
4671.481 608.754
4672.660 613.621
4673.838 626.788
4675.017 663.757
4676.196 669.702
4677.375 588.812
4678.554 619.509
4679.732 643.902
4680.911 610.267
4682.090 605.944
4683.269 615.395
4684.448 598.651
4685.627 659.951
4686.805 662.101
4687.984 652.118
4689.163 675.334
4690.342 613.793
4691.521 587.145
4692.699 613.044
4693.878 610.427
4695.057 627.967
4696.236 592.770
4697.415 623.321
4698.594 609.025
4699.772 610.770
4700.951 637.237
4702.130 602.528
4703.309 619.409
4704.488 633.603
4705.666 594.051
4706.845 603.122
4708.024 604.092
4709.203 583.024
4710.382 667.127
4711.561 636.034
4712.739 696.208
4713.918 856.736
4715.097 929.429
4716.276 895.220
4717.455 732.644
4718.633 619.064
4719.812 642.156
4720.991 600.539
4722.170 629.503
4723.349 633.891
4724.528 612.168
4725.706 602.783
4726.885 622.397
4728.064 668.317
4729.243 623.598
4730.422 592.616
4731.600 627.238
4732.779 586.647
4733.958 605.381
4735.137 583.099
4736.316 578.812
4737.495 629.467
4738.673 602.961
4739.852 608.374
4741.031 650.421
4742.210 729.108
4743.389 739.156
4744.567 652.955
4745.746 623.234
4746.925 615.727
4748.104 630.521
4749.283 634.564
4750.462 585.958
4751.640 623.474
4752.819 613.012
4753.998 607.430
4755.177 598.702
4756.356 570.052
4757.534 679.057
4758.713 642.886
4759.892 628.156
4761.071 631.850
4762.250 637.004
4763.429 635.109
4764.607 597.928
4765.786 611.157
4766.965 630.468
4768.144 623.916
4769.323 600.248
4770.501 580.525
4771.680 621.014
4772.859 646.600
4774.038 650.483
4775.217 681.517
4776.396 609.978
4777.574 607.864
4778.753 617.552
4779.932 638.077
4781.111 613.055
4782.290 600.884
4783.468 595.068
4784.647 594.916
4785.826 638.889
4787.005 641.264
4788.184 608.377
4789.363 602.024
4790.541 608.796
4791.720 601.788
4792.899 600.211
4794.078 608.058
4795.257 593.806
4796.435 595.672
4797.614 604.932
4798.793 567.492
4799.972 639.855
4801.151 622.670
4802.330 596.288
4803.508 585.063
4804.687 614.573
4805.866 584.957
4807.045 640.906
4808.224 635.335
4809.402 622.224
4810.581 589.803
4811.760 618.377
4812.939 590.751
4814.118 589.327
4815.296 636.755
4816.475 666.636
4817.654 631.969
4818.833 609.363
4820.012 644.568
4821.191 633.803
4822.369 646.007
4823.548 646.215
4824.727 633.367
4825.906 616.153
4827.085 577.363
4828.263 630.959
4829.442 619.170
4830.621 627.162
4831.800 622.427
4832.979 622.390
4834.158 620.449
4835.336 593.222
4836.515 614.396
4837.694 618.192
4838.873 640.651
4840.052 601.848
4841.230 613.456
4842.409 608.953
4843.588 589.435
4844.767 617.344
4845.946 665.396
4847.125 625.170
4848.303 638.830
4849.482 610.315
4850.661 620.229
4851.840 611.785
4853.019 592.100
4854.197 596.212
4855.376 609.689
4856.555 618.837
4857.734 630.735
4858.913 506.514
4860.092 855.653
4861.270 141.185
4862.449 10761.563
4863.628 29677.239
4864.807 33416.836
4865.986 15262.032
4867.164 542.303
4868.343 808.672
4869.522 593.417
4870.701 608.031
4871.880 576.960
4873.059 615.202
4874.237 560.994
4875.416 564.635
4876.595 593.759
4877.774 613.321
4878.953 612.702
4880.131 588.178
4881.310 624.915
4882.489 626.878
4883.668 632.574
4884.847 618.336
4886.026 635.669
4887.204 620.452
4888.383 592.818
4889.562 592.113
4890.741 592.461
4891.920 618.113
4893.098 573.065
4894.277 576.092
4895.456 590.776
4896.635 620.722
4897.814 659.084
4898.993 626.219
4900.171 634.615
4901.350 632.208
4902.529 629.349
4903.708 647.396
4904.887 609.404
4906.065 610.682
4907.244 628.107
4908.423 593.003
4909.602 605.892
4910.781 632.733
4911.960 612.486
4913.138 567.923
4914.317 594.053
4915.496 596.516
4916.675 598.084
4917.854 616.372
4919.032 624.996
4920.211 615.430
4921.390 594.246
4922.569 646.744
4923.748 814.273
4924.927 929.117
4926.105 908.585
4927.284 658.994
4928.463 632.932
4929.642 649.940
4930.821 638.850
4931.999 623.245
4933.178 624.509
4934.357 642.893
4935.536 631.026
4936.715 600.777
4937.894 587.982
4939.072 615.266
4940.251 583.538
4941.430 583.539
4942.609 625.096
4943.788 634.063
4944.966 602.113
4946.145 590.331
4947.324 620.486
4948.503 627.659
4949.682 635.732
4950.861 637.073
4952.039 648.293
4953.218 696.181
4954.397 683.157
4955.576 635.978
4956.755 687.707
4957.933 578.687
4959.112 1815.129
4960.291 21276.580
4961.470 60505.066
4962.649 57786.823
4963.828 18416.958
4965.006 1211.981
4966.185 641.062
4967.364 755.393
4968.543 742.175
4969.722 706.963
4970.900 703.497
4972.079 690.776
4973.258 642.039
4974.437 641.712
4975.616 615.641
4976.794 644.016
4977.973 655.389
4979.152 651.850
4980.331 660.987
4981.510 691.703
4982.689 646.646
4983.867 624.778
4985.046 656.367
4986.225 627.822
4987.404 671.120
4988.583 699.523
4989.761 719.319
4990.940 667.237
4992.119 652.072
4993.298 643.447
4994.477 612.710
4995.656 628.766
4996.834 636.773
4998.013 650.700
4999.192 675.158
5000.371 714.578
5001.550 649.676
5002.728 710.653
5003.907 794.774
5005.086 478.286
5006.265 2155.190
5007.444 4742.021
5008.623 112045.782
5009.801 187876.566
5010.980 135405.611
5012.159 32248.005
5013.338 -3718.955
5014.517 2150.048
5015.695 291.474
5016.874 1009.860
5018.053 1263.011
5019.232 1351.749
5020.411 980.011
5021.590 650.239
5022.768 679.354
5023.947 652.368
5025.126 668.458
5026.305 632.851
5027.484 646.197
5028.662 653.458
5029.841 601.006
5031.020 612.869
5032.199 591.099
5033.378 618.958
5034.557 621.216
5035.735 600.682
5036.914 635.065
5038.093 597.081
5039.272 575.315
5040.451 571.225
5041.629 581.231
5042.808 560.096
5043.987 568.275
5045.166 608.586
5046.345 610.416
5047.524 591.156
5048.702 606.319
5049.881 621.401
5051.060 634.041
5052.239 618.050
5053.418 602.587
5054.596 606.774
5055.775 609.329
5056.954 609.465
5058.133 579.252
5059.312 602.914
5060.491 594.725
5061.669 560.842
5062.848 567.717
5064.027 548.300
5065.206 559.713
5066.385 568.272
5067.563 548.182
5068.742 521.152
5069.921 550.789
5071.100 575.940
5072.279 547.318
5073.458 551.214
5074.636 554.312
5075.815 560.549
5076.994 540.108
5078.173 527.289
5079.352 574.950
5080.530 571.051
5081.709 543.480
5082.888 520.648
5084.067 515.638
5085.246 565.179
5086.425 540.514
5087.603 586.306
5088.782 481.305
5089.961 187.152
5091.140 584.574
5092.319 551.730
5093.497 558.275
5094.676 541.011
5095.855 572.500
5097.034 563.212
5098.213 563.256
5099.392 548.938
5100.570 540.426
5101.749 532.107
5102.928 523.138
5104.107 540.619
5105.286 520.813
5106.464 570.539
5107.643 555.700
5108.822 524.615
5110.001 537.320
5111.180 513.196
5112.359 531.175
5113.537 547.533
5114.716 540.510
5115.895 547.547
5117.074 557.610
5118.253 574.462
5119.431 544.919
5120.610 520.144
5121.789 560.507
5122.968 534.270
5124.147 514.044
5125.326 508.157
5126.504 516.203
5127.683 534.812
5128.862 532.102
5130.041 533.672
5131.220 543.789
5132.398 535.027
5133.577 530.438
5134.756 532.698
5135.935 526.358
5137.114 547.307
5138.292 554.164
5139.471 522.923
5140.650 517.164
5141.829 546.403
5143.008 537.449
5144.187 516.251
5145.365 530.571
5146.544 505.768
5147.723 528.986
5148.902 546.549
5150.081 525.772
5151.259 503.947
5152.438 556.473
5153.617 571.818
5154.796 511.850
5155.975 507.045
5157.154 535.576
5158.332 508.843
5159.511 546.564
5160.690 550.832
5161.869 536.295
5163.048 533.150
5164.226 525.360
5165.405 490.757
5166.584 502.166
5167.763 494.211
5168.942 475.472
5170.121 471.759
5171.299 440.058
5172.478 450.170
5173.657 467.998
5174.836 484.235
5176.015 502.195
5177.193 461.328
5178.372 522.780
5179.551 516.324
5180.730 499.171
5181.909 549.515
5183.088 535.621
5184.266 495.123
5185.445 462.798
5186.624 484.209
5187.803 474.481
5188.982 515.177
5190.160 529.549
5191.339 517.719
5192.518 516.547
5193.697 527.957
5194.876 484.472
5196.055 573.270
5197.233 856.300
5198.412 1053.862
5199.591 1016.826
5200.770 861.704
5201.949 760.021
5203.127 616.839
5204.306 554.356
5205.485 532.617
5206.664 501.068
5207.843 485.290
5209.022 493.927
5210.200 499.185
5211.379 495.466
5212.558 477.034
5213.737 491.909
5214.916 447.267
5216.094 533.622
5217.273 526.558
5218.452 483.045
5219.631 464.397
5220.810 494.978
5221.989 496.734
5223.167 536.983
5224.346 591.946
5225.525 514.269
5226.704 470.234
5227.883 469.891
5229.061 461.631
5230.240 480.328
5231.419 492.520
5232.598 503.591
5233.777 501.875
5234.956 495.997
5236.134 503.950
5237.313 504.285
5238.492 543.093
5239.671 527.947
5240.850 519.230
5242.028 503.066
5243.207 551.775
5244.386 515.219
5245.565 461.796
5246.744 485.327
5247.923 488.978
5249.101 501.101
5250.280 497.341
5251.459 487.235
5252.638 501.161
5253.817 487.442
5254.995 505.246
5256.174 527.605
5257.353 539.079
5258.532 506.763
5259.711 501.339
5260.890 498.782
5262.068 494.160
5263.247 493.415
5264.426 495.318
5265.605 459.247
5266.784 469.956
5267.962 429.058
5269.141 432.451
5270.320 454.820
5271.499 444.500
5272.678 476.571
5273.857 480.112
5275.035 488.007
5276.214 517.809
5277.393 494.891
5278.572 499.686
5279.751 506.060
5280.929 457.650
5282.108 472.014
5283.287 475.072
5284.466 468.703
5285.645 486.044
5286.824 472.819
5288.002 458.609
5289.181 469.354
5290.360 508.529
5291.539 469.919
5292.718 459.764
5293.896 476.414
5295.075 531.948
5296.254 505.344
5297.433 482.764
5298.612 521.740
5299.790 501.238
5300.969 447.901
5302.148 471.075
5303.327 484.734
5304.506 484.410
5305.685 511.057
5306.863 488.905
5308.042 491.396
5309.221 502.772
5310.400 497.546
5311.579 480.341
5312.757 540.398
5313.936 537.556
5315.115 511.252
5316.294 502.383
5317.473 501.614
5318.652 475.677
5319.830 471.374
5321.009 483.451
5322.188 492.442
5323.367 486.708
5324.546 475.383
5325.724 477.040
5326.903 478.298
5328.082 485.281
5329.261 567.191
5330.440 667.280
5331.619 575.197
5332.797 491.954
5333.976 497.918
5335.155 490.885
5336.334 503.819
5337.513 487.608
5338.691 503.790
5339.870 469.608
5341.049 477.490
5342.228 460.774
5343.407 455.953
5344.586 471.774
5345.764 471.768
5346.943 468.977
5348.122 482.109
5349.301 488.628
5350.480 460.332
5351.658 443.461
5352.837 451.551
5354.016 464.208
5355.195 455.456
5356.374 461.039
5357.553 466.350
5358.731 478.615
5359.910 493.061
5361.089 458.116
5362.268 474.716
5363.447 481.910
5364.625 448.760
5365.804 451.466
5366.983 445.110
5368.162 456.301
5369.341 427.430
5370.520 446.198
5371.698 463.607
5372.877 447.048
5374.056 451.374
5375.235 438.992
5376.414 450.228
5377.592 470.989
5378.771 464.094
5379.950 447.447
5381.129 444.596
5382.308 467.296
5383.487 428.138
5384.665 473.171
5385.844 452.281
5387.023 475.280
5388.202 476.374
5389.381 484.856
5390.559 459.823
5391.738 467.358
5392.917 447.246
5394.096 425.791
5395.275 414.553
5396.454 446.889
5397.632 480.875
5398.811 414.439
5399.990 407.163
5401.169 451.902
5402.348 439.566
5403.526 403.525
5404.705 470.735
5405.884 452.082
5407.063 445.293
5408.242 417.334
5409.421 413.867
5410.599 443.471
5411.778 426.202
5412.957 419.772
5414.136 426.988
5415.315 422.616
5416.493 423.375
5417.672 453.275
5418.851 452.516
5420.030 432.266
5421.209 460.303
5422.388 442.228
5423.566 409.662
5424.745 448.014
5425.924 454.062
5427.103 456.908
5428.282 399.160
5429.460 418.626
5430.639 467.742
5431.818 427.373
5432.997 416.883
5434.176 448.465
5435.355 448.684
5436.533 475.980
5437.712 444.388
5438.891 429.581
5440.070 429.206
5441.249 424.979
5442.427 442.425
5443.606 420.081
5444.785 423.965
5445.964 439.074
5447.143 409.976
5448.322 420.547
5449.500 418.529
5450.679 407.870
5451.858 416.907
5453.037 425.519
5454.216 439.432
5455.394 450.425
5456.573 400.189
5457.752 411.823
5458.931 404.344
5460.110 423.627
5461.288 452.928
5462.467 453.012
5463.646 426.954
5464.825 416.188
5466.004 432.342
5467.183 408.635
5468.361 407.838
5469.540 433.473
5470.719 462.969
5471.898 420.871
5473.077 438.283
5474.255 434.477
5475.434 436.157
5476.613 462.818
5477.792 412.648
5478.971 405.518
5480.150 407.394
5481.328 409.545
5482.507 440.623
5483.686 423.268
5484.865 409.376
5486.044 421.328
5487.222 424.052
5488.401 423.076
5489.580 405.217
5490.759 406.730
5491.938 385.588
5493.117 414.460
5494.295 402.811
5495.474 442.129
5496.653 434.636
5497.832 434.394
5499.011 449.707
5500.189 411.464
5501.368 412.226
5502.547 453.752
5503.726 425.286
5504.905 416.085
5506.084 430.007
5507.262 392.699
5508.441 398.195
5509.620 437.510
5510.799 415.853
5511.978 415.418
5513.156 425.825
5514.335 455.715
5515.514 413.924
5516.693 405.943
5517.872 414.438
5519.051 459.324
5520.229 466.197
5521.408 510.882
5522.587 485.970
5523.766 412.786
5524.945 425.636
5526.123 424.656
5527.302 411.624
5528.481 431.785
5529.660 410.122
5530.839 397.853
5532.018 415.868
5533.196 390.773
5534.375 409.670
5535.554 411.348
5536.733 408.772
5537.912 423.192
5539.090 413.788
5540.269 430.803
5541.448 489.597
5542.627 467.289
5543.806 455.600
5544.985 444.030
5546.163 447.391
5547.342 437.321
5548.521 398.556
5549.700 417.801
5550.879 443.459
5552.057 420.651
5553.236 425.286
5554.415 422.511
5555.594 428.098
5556.773 409.480
5557.952 439.543
5559.130 403.589
5560.309 424.023
5561.488 439.590
5562.667 449.203
5563.846 468.510
5565.024 460.954
5566.203 415.130
5567.382 429.542
5568.561 443.093
5569.740 436.747
5570.919 443.547
5572.097 413.450
5573.276 466.058
5574.455 348.389
5575.634 2888.428
5576.813 9773.373
5577.991 10957.390
5579.170 5966.121
5580.349 899.658
5581.528 418.602
5582.707 427.076
5583.886 422.672
5585.064 412.646
5586.243 424.737
5587.422 440.807
5588.601 444.918
5589.780 457.947
5590.958 421.336
5592.137 389.354
5593.316 412.499
5594.495 422.516
5595.674 423.770
5596.853 404.576
5598.031 420.148
5599.210 452.807
5600.389 421.808
5601.568 390.040
5602.747 391.598
5603.925 415.005
5605.104 461.228
5606.283 452.705
5607.462 429.911
5608.641 422.420
5609.820 410.127
5610.998 405.521
5612.177 420.633
5613.356 418.732
5614.535 407.425
5615.714 413.278
5616.892 431.863
5618.071 435.533
5619.250 382.343
5620.429 418.242
5621.608 426.913
5622.786 437.035
5623.965 441.577
5625.144 417.558
5626.323 416.006
5627.502 411.545
5628.681 385.184
5629.859 421.588
5631.038 425.243
5632.217 407.603
5633.396 417.649
5634.575 403.317
5635.753 398.302
5636.932 395.866
5638.111 389.287
5639.290 415.360
5640.469 398.987
5641.648 390.558
5642.826 403.929
5644.005 426.768
5645.184 414.545
5646.363 442.856
5647.542 418.988
5648.720 387.489
5649.899 404.527
5651.078 407.030
5652.257 394.670
5653.436 410.047
5654.615 391.319
5655.793 374.551
5656.972 403.234
5658.151 377.395
5659.330 402.944
5660.509 371.622
5661.687 398.887
5662.866 407.524
5664.045 393.926
5665.224 425.685
5666.403 417.757
5667.582 404.370
5668.760 418.605
5669.939 419.719
5671.118 421.867
5672.297 408.817
5673.476 393.928
5674.654 399.995
5675.833 406.935
5677.012 418.672
5678.191 403.806
5679.370 412.511
5680.549 398.493
5681.727 391.781
5682.906 388.362
5684.085 401.646
5685.264 434.161
5686.443 405.507
5687.621 403.802
5688.800 408.814
5689.979 426.967
5691.158 419.476
5692.337 413.463
5693.516 416.178
5694.694 388.919
5695.873 398.788
5697.052 427.227
5698.231 433.247
5699.410 422.925
5700.588 400.082
5701.767 447.971
5702.946 424.634
5704.125 412.866
5705.304 401.878
5706.483 408.859
5707.661 401.675
5708.840 377.371
5710.019 380.952
5711.198 379.121
5712.377 386.315
5713.555 401.145
5714.734 389.117
5715.913 384.016
5717.092 395.114
5718.271 420.832
5719.450 398.149
5720.628 395.078
5721.807 414.136
5722.986 377.128
5724.165 419.379
5725.344 398.402
5726.522 390.971
5727.701 399.680
5728.880 406.070
5730.059 390.582
5731.238 372.630
5732.417 384.060
5733.595 387.240
5734.774 385.970
5735.953 400.730
5737.132 404.726
5738.311 402.389
5739.489 408.292
5740.668 409.437
5741.847 432.148
5743.026 398.166
5744.205 392.216
5745.384 390.650
5746.562 403.463
5747.741 406.891
5748.920 393.604
5750.099 378.066
5751.278 393.753
5752.456 400.855
5753.635 371.636
5754.814 389.272
5755.993 411.198
5757.172 377.010
5758.351 397.443
5759.529 438.250
5760.708 417.141
5761.887 369.492
5763.066 371.933
5764.245 384.397
5765.423 388.469
5766.602 385.867
5767.781 394.988
5768.960 398.183
5770.139 395.784
5771.318 393.580
5772.496 394.340
5773.675 391.437
5774.854 367.272
5776.033 378.722
5777.212 380.157
5778.390 369.413
5779.569 382.266
5780.748 398.836
5781.927 397.306
5783.106 386.901
5784.284 371.078
5785.463 387.840
5786.642 386.997
5787.821 382.905
5789.000 388.398
5790.179 386.338
5791.357 381.205
5792.536 392.174
5793.715 395.157
5794.894 354.425
5796.073 378.978
5797.251 397.227
5798.430 381.148
5799.609 408.506
5800.788 385.809
5801.967 374.798
5803.146 390.995
5804.324 380.751
5805.503 357.164
5806.682 372.284
5807.861 380.337
5809.040 372.207
5810.218 368.816
5811.397 355.934
5812.576 377.912
5813.755 400.252
5814.934 395.615
5816.113 396.203
5817.291 403.217
5818.470 376.039
5819.649 405.309
5820.828 387.868
5822.007 390.058
5823.185 383.853
5824.364 385.684
5825.543 373.111
5826.722 361.553
5827.901 378.893
5829.080 377.394
5830.258 364.941
5831.437 376.191
5832.616 387.654
5833.795 389.007
5834.974 396.612
5836.152 379.107
5837.331 415.181
5838.510 390.047
5839.689 396.317
5840.868 389.618
5842.047 391.478
5843.225 398.112
5844.404 374.430
5845.583 383.292
5846.762 387.116
5847.941 367.480
5849.119 371.753
5850.298 349.906
5851.477 349.654
5852.656 363.701
5853.835 341.478
5855.014 393.200
5856.192 390.023
5857.371 386.104
5858.550 371.034
5859.729 359.526
5860.908 376.879
5862.086 378.504
5863.265 388.114
5864.444 429.186
5865.623 476.871
5866.802 509.683
5867.981 519.293
5869.159 484.765
5870.338 399.009
5871.517 371.049
5872.696 397.718
5873.875 391.665
5875.053 424.780
5876.232 373.492
5877.411 1316.768
5878.590 2537.725
5879.769 2741.844
5880.948 1510.381
5882.126 546.960
5883.305 411.185
5884.484 381.455
5885.663 399.471
5886.842 446.139
5888.020 741.293
5889.199 1360.915
5890.378 1496.427
5891.557 1097.942
5892.736 560.497
5893.915 531.110
5895.093 892.105
5896.272 1092.341
5897.451 827.555
5898.630 506.002
5899.809 405.299
5900.987 386.330
5902.166 393.232
5903.345 397.957
5904.524 395.536
5905.703 423.533
5906.882 394.835
5908.060 391.519
5909.239 389.745
5910.418 350.680
5911.597 379.380
5912.776 374.505
5913.954 468.215
5915.133 515.014
5916.312 486.400
5917.491 415.599
5918.670 387.041
5919.849 378.408
5921.027 365.896
5922.206 380.008
5923.385 412.441
5924.564 441.191
5925.743 420.492
5926.921 387.611
5928.100 383.142
5929.279 393.959
5930.458 387.970
5931.637 451.967
5932.815 509.850
5933.994 486.978
5935.173 394.616
5936.352 360.736
5937.531 358.399
5938.710 355.901
5939.888 371.224
5941.067 363.700
5942.246 364.561
5943.425 363.006
5944.604 366.507
5945.782 394.284
5946.961 404.740
5948.140 385.419
5949.319 376.800
5950.498 365.606
5951.677 383.443
5952.855 441.981
5954.034 483.449
5955.213 440.907
5956.392 383.939
5957.571 387.947
5958.749 389.273
5959.928 405.503
5961.107 367.883
5962.286 382.665
5963.465 367.614
5964.644 382.226
5965.822 375.984
5967.001 347.202
5968.180 344.997
5969.359 375.528
5970.538 388.830
5971.716 383.331
5972.895 383.319
5974.074 383.308
