5329.969 3890.639
5331.022 3867.482
5332.075 3533.486
5333.128 3318.834
5334.181 3228.193
5335.234 3463.599
5336.287 3333.163
5337.340 3314.514
5338.393 3383.872
5339.446 3273.356
5340.499 3207.786
5341.552 3303.777
5342.605 3222.397
5343.658 3298.056
5344.711 3121.548
5345.764 3417.810
5346.817 3218.128
5347.870 3147.863
5348.923 3260.846
5349.976 3239.889
5351.029 3249.862
5352.082 3128.615
5353.135 3192.397
5354.188 3206.610
5355.241 3204.481
5356.294 3112.407
5357.347 3227.949
5358.400 3217.432
5359.453 3201.413
5360.506 3252.693
5361.559 3303.944
5362.612 3241.194
5363.665 3254.192
5364.718 3160.026
5365.771 3321.876
5366.824 3229.475
5367.877 3202.696
5368.930 3085.737
5369.983 3078.040
5371.036 3027.427
5372.089 2998.348
5373.142 3252.752
5374.195 3053.873
5375.248 3368.902
5376.301 3115.453
5377.354 3162.899
5378.407 3133.090
5379.460 3021.775
5380.513 3097.891
5381.566 3047.155
5382.619 3157.445
5383.672 3173.406
5384.725 3136.170
5385.778 3070.489
5386.831 3035.953
5387.884 3012.634
5388.937 3000.054
5389.990 2966.386
5391.043 3038.223
5392.097 3093.036
5393.150 3012.325
5394.203 3001.952
5395.256 2815.513
5396.309 2974.239
5397.362 3031.766
5398.415 2948.613
5399.468 2910.508
5400.521 3092.105
5401.574 3061.179
5402.627 2975.747
5403.680 2913.563
5404.733 2957.080
5405.786 2908.706
5406.839 3045.728
5407.892 2845.836
5408.945 2948.185
5409.998 2928.527
5411.051 2927.708
5412.104 2950.705
5413.157 2975.729
5414.210 2846.296
5415.263 2831.945
5416.316 2840.886
5417.369 2794.206
5418.422 2826.105
5419.475 2850.333
5420.528 2840.900
5421.581 2930.324
5422.634 2990.739
5423.687 2770.231
5424.740 2806.491
5425.793 2845.287
5426.846 3024.097
5427.899 2883.980
5428.952 2806.901
5430.005 2891.680
5431.058 2999.771
5432.111 2701.070
5433.164 2714.438
5434.217 2864.151
5435.270 2971.996
5436.323 2990.759
5437.376 2920.635
5438.429 2766.759
5439.482 2780.423
5440.535 2840.391
5441.588 2912.709
5442.641 2801.688
5443.694 2861.883
5444.747 2825.464
5445.800 2876.136
5446.853 2675.809
5447.906 2750.660
5448.959 2658.879
5450.012 2816.101
5451.065 2762.920
5452.118 2715.841
5453.171 2928.861
5454.224 2688.815
5455.277 2722.899
5456.330 2592.106
5457.383 2827.464
5458.436 2733.076
5459.489 2768.164
5460.542 2801.243
5461.595 2714.731
5462.648 2708.965
5463.701 2708.785
5464.754 2783.494
5465.807 2572.144
5466.860 2621.028
5467.913 2681.704
5468.966 2777.156
5470.019 2729.977
5471.072 2632.603
5472.125 2621.814
5473.178 2713.664
5474.231 2771.932
5475.285 2728.303
5476.338 2737.176
5477.391 2615.658
5478.444 2571.607
5479.497 2720.037
5480.550 2672.738
5481.603 2520.766
5482.656 2519.543
5483.709 2610.750
5484.762 2633.283
5485.815 2628.045
5486.868 2483.979
5487.921 2644.700
5488.974 2554.315
5490.027 2632.719
5491.080 2550.204
5492.133 2635.039
5493.186 2445.855
5494.239 2593.910
5495.292 2604.038
5496.345 2509.713
5497.398 2780.660
5498.451 2596.445
5499.504 2626.848
5500.557 2479.166
5501.610 2607.386
5502.663 2640.480
5503.716 2607.386
5504.769 2553.459
5505.822 2611.384
5506.875 2565.426
5507.928 2497.137
5508.981 2615.579
5510.034 2658.868
5511.087 2643.546
5512.140 2708.056
5513.193 2494.257
5514.246 2566.829
5515.299 2664.552
5516.352 2502.426
5517.405 2458.617
5518.458 2524.139
5519.511 2744.078
5520.564 3176.092
5521.617 3266.313
5522.670 2767.314
5523.723 2460.889
5524.776 2539.118
5525.829 2461.251
5526.882 2474.233
5527.935 2550.522
5528.988 2446.485
5530.041 2469.270
5531.094 2570.999
5532.147 2568.899
5533.200 2494.769
5534.253 2620.558
5535.306 2437.890
5536.359 2501.276
5537.412 2360.110
5538.465 2460.206
5539.518 2651.491
5540.571 2974.145
5541.624 3079.545
5542.677 2828.137
5543.730 2736.628
5544.783 2571.513
5545.836 2484.195
5546.889 2514.546
5547.942 2456.877
5548.995 2444.626
5550.048 2588.316
5551.101 2496.744
5552.154 2454.704
5553.207 2427.753
5554.260 2476.897
5555.313 2389.002
5556.366 2390.473
5557.419 2489.952
5558.473 2477.226
5559.526 2413.621
5560.579 2503.006
5561.632 2519.085
5562.685 2403.241
5563.738 2611.419
5564.791 2711.500
5565.844 2478.021
5566.897 2373.531
5567.950 2310.272
5569.003 2456.866
5570.056 2526.321
5571.109 2298.137
5572.162 2424.065
5573.215 2365.499
5574.268 2318.762
5575.321 4140.543
5576.374 23821.757
5577.427 48146.264
5578.480 34061.415
5579.533 8742.353
5580.586 1916.274
5581.639 2739.233
5582.692 2396.495
5583.745 2450.468
5584.798 2381.930
5585.851 2388.078
5586.904 2311.407
5587.957 2355.932
5589.010 2540.734
5590.063 2449.612
5591.116 2317.060
5592.169 2344.960
5593.222 2403.184
5594.275 2388.949
5595.328 2211.105
5596.381 2378.538
5597.434 2396.547
5598.487 2331.287
5599.540 2323.105
5600.593 2364.427
5601.646 2377.517
5602.699 2358.974
5603.752 2268.682
5604.805 2618.552
5605.858 2471.807
5606.911 2362.479
5607.964 2181.943
5609.017 2291.288
5610.070 2453.846
5611.123 2346.106
5612.176 2292.060
5613.229 2357.314
5614.282 2248.097
5615.335 2236.281
5616.388 2199.354
5617.441 2349.358
5618.494 2359.908
5619.547 2246.794
5620.600 2369.605
5621.653 2372.552
5622.706 2434.782
5623.759 2613.709
5624.812 2593.254
5625.865 2328.756
5626.918 2304.004
5627.971 2267.069
5629.024 2255.384
5630.077 2279.037
5631.130 2280.507
5632.183 2301.004
5633.236 2340.498
5634.289 2199.706
5635.342 2291.013
5636.395 2197.713
5637.448 2185.991
5638.501 2323.248
5639.554 2380.390
5640.608 2205.172
5641.661 2179.431
5642.714 2267.574
5643.767 2219.849
5644.820 2322.782
5645.873 2379.299
5646.926 2279.820
5647.979 2189.296
5649.032 2218.958
5650.085 2172.622
5651.138 2237.837
5652.191 2207.501
5653.244 2250.193
5654.297 2353.078
5655.350 2075.803
5656.403 2264.797
5657.456 2156.214
5658.509 2163.986
5659.562 2216.598
5660.615 2212.993
5661.668 2122.301
5662.721 2263.414
5663.774 2256.940
5664.827 2194.662
5665.880 2224.342
5666.933 2261.341
5667.986 2263.489
5669.039 2322.736
5670.092 2248.642
5671.145 2224.811
5672.198 2201.022
5673.251 2141.294
5674.304 2182.009
5675.357 2272.422
5676.410 2296.373
5677.463 2202.060
5678.516 2138.040
5679.569 2312.111
5680.622 2301.372
5681.675 2238.882
5682.728 2186.678
5683.781 2165.757
5684.834 2264.332
5685.887 2210.859
5686.940 2209.386
5687.993 2249.812
5689.046 2238.972
5690.099 2236.797
5691.152 2103.444
5692.205 2295.401
5693.258 2202.828
5694.311 2209.141
5695.364 2185.631
5696.417 2253.343
5697.470 2238.348
5698.523 2246.162
5699.576 2068.310
5700.629 2216.302
5701.682 2178.432
5702.735 2153.008
5703.788 2161.298
5704.841 2176.950
5705.894 2167.021
5706.947 2234.415
5708.000 2160.172
5709.053 2086.073
5710.106 2208.379
5711.159 2110.239
5712.212 2101.469
5713.265 2150.991
5714.318 2096.002
5715.371 2130.650
5716.424 2067.806
5717.477 2068.844
5718.530 2068.354
5719.583 2192.698
5720.636 2120.974
5721.689 2066.259
5722.742 2158.548
5723.796 2255.724
5724.849 2187.143
5725.902 2159.489
5726.955 2139.179
5728.008 2201.889
5729.061 2096.045
5730.114 2139.932
5731.167 2145.895
5732.220 2077.243
5733.273 2120.106
5734.326 2095.295
5735.379 2077.307
5736.432 2067.270
5737.485 2089.764
5738.538 2051.044
5739.591 2127.819
5740.644 2102.309
5741.697 2023.944
5742.750 2124.562
5743.803 2033.734
5744.856 2155.100
5745.909 2075.647
5746.962 2093.052
5748.015 2060.333
5749.068 2152.147
5750.121 2094.472
5751.174 2083.909
5752.227 2048.865
5753.280 2074.291
5754.333 2053.948
5755.386 1944.639
5756.439 2127.935
5757.492 2215.326
5758.545 2169.207
5759.598 2192.043
5760.651 2140.803
5761.704 2066.403
5762.757 1955.731
5763.810 1978.388
5764.863 1872.322
5765.916 2014.032
5766.969 2073.196
5768.022 1992.809
5769.075 1964.736
5770.128 1951.656
5771.181 2035.949
5772.234 2095.563
5773.287 2018.565
5774.340 1993.547
5775.393 1996.481
5776.446 1998.524
5777.499 2025.618
5778.552 1915.293
5779.605 1927.829
5780.658 1925.490
5781.711 1973.226
5782.764 1974.149
5783.817 1986.477
5784.870 1954.559
5785.923 2002.822
5786.976 1922.680
5788.029 2044.886
5789.082 1910.858
5790.135 1873.286
5791.188 1965.050
5792.241 1964.333
5793.294 1959.113
5794.347 2003.447
5795.400 1935.799
5796.453 2025.788
5797.506 1941.918
5798.559 1994.102
5799.612 1938.129
5800.665 1938.393
5801.718 2026.898
5802.771 2020.448
5803.824 2033.934
5804.877 1951.067
5805.931 1910.300
5806.984 1965.537
5808.037 1968.939
5809.090 1925.995
5810.143 1840.911
5811.196 1957.555
5812.249 2018.668
5813.302 1937.243
5814.355 1770.464
5815.408 2096.958
5816.461 1944.079
5817.514 2027.164
5818.567 1953.302
5819.620 1955.016
5820.673 1862.204
5821.726 2003.792
5822.779 1997.025
5823.832 2013.763
5824.885 1963.676
5825.938 1941.450
5826.991 1837.626
5828.044 1900.674
5829.097 1925.960
5830.150 1850.037
5831.203 1996.509
5832.256 1918.238
5833.309 1923.796
5834.362 1933.766
5835.415 1810.973
5836.468 1930.972
5837.521 1889.050
5838.574 1928.394
5839.627 1842.750
5840.680 1838.583
5841.733 1960.362
5842.786 1931.732
5843.839 2097.318
5844.892 1861.245
5845.945 1849.286
5846.998 1958.905
5848.051 1883.759
5849.104 1878.748
5850.157 1994.587
5851.210 1992.801
5852.263 1900.951
5853.316 1884.354
5854.369 1885.091
5855.422 1905.827
5856.475 1885.967
5857.528 1852.993
5858.581 1766.189
5859.634 1891.329
5860.687 1879.047
5861.740 1830.591
5862.793 1943.640
5863.846 2038.434
5864.899 2110.335
5865.952 2278.556
5867.005 2397.494
5868.058 2442.354
5869.111 2250.182
5870.164 1962.223
5871.217 1839.271
5872.270 1949.090
5873.323 2020.750
5874.376 2032.606
5875.429 1872.057
5876.482 2159.691
5877.535 5559.115
5878.588 18244.184
5879.641 19765.808
5880.694 9937.764
5881.747 2003.915
5882.800 1970.352
5883.853 1875.605
5884.906 1860.857
5885.959 1887.181
5887.012 2139.541
5888.065 2983.580
5889.119 5177.673
5890.172 7096.970
5891.225 4816.388
5892.278 2196.036
5893.331 1833.762
5894.384 2619.252
5895.437 4165.355
5896.490 4702.490
5897.543 3011.548
5898.596 1895.758
5899.649 1670.485
5900.702 1793.281
5901.755 1906.277
5902.808 1803.185
5903.861 1908.197
5904.914 1853.245
5905.967 1981.989
5907.020 2064.474
5908.073 1908.658
5909.126 1830.624
5910.179 1774.075
5911.232 1754.477
5912.285 1774.847
5913.338 1981.530
5914.391 2073.051
5915.444 2388.282
5916.497 2280.083
5917.550 1913.871
5918.603 1705.078
5919.656 1756.170
5920.709 1757.630
5921.762 1780.206
5922.815 1785.005
5923.868 1940.111
5924.921 2048.134
5925.974 1912.953
5927.027 1770.042
5928.080 1782.424
5929.133 1816.332
5930.186 1709.944
5931.239 1889.852
5932.292 2293.996
5933.345 2446.706
5934.398 2044.241
5935.451 1813.563
5936.504 1795.939
5937.557 1782.601
5938.610 1803.351
5939.663 1714.503
5940.716 1722.268
5941.769 1685.612
5942.822 1706.873
5943.875 1724.759
5944.928 1860.284
5945.981 1934.499
5947.034 1977.095
5948.087 1777.328
5949.140 1619.857
5950.193 1715.397
5951.246 1643.864
5952.299 2046.604
5953.352 2202.589
5954.405 2354.883
5955.458 1760.041
5956.511 1707.230
5957.564 1782.239
5958.617 1770.830
5959.670 1804.025
5960.723 1622.879
5961.776 1668.797
5962.829 1723.416
5963.882 1697.910
5964.935 1730.235
5965.988 1654.422
5967.041 1643.174
5968.094 1701.606
5969.147 1794.268
5970.200 1830.798
5971.254 1806.623
5972.307 1712.147
5973.360 1616.008
5974.413 1607.768
5975.466 1645.437
5976.519 1986.587
5977.572 2002.196
5978.625 1832.946
5979.678 1650.157
5980.731 1647.709
5981.784 1751.310
5982.837 1688.846
5983.890 1774.355
5984.943 1730.987
5985.996 1642.079
5987.049 1619.874
5988.102 1630.057
5989.155 1623.605
5990.208 1674.356
5991.261 1671.348
5992.314 1678.088
5993.367 1714.609
5994.420 1631.476
5995.473 1628.335
5996.526 1662.426
5997.579 1679.051
5998.632 1777.258
5999.685 1593.681
6000.738 1650.731
6001.791 1546.909
6002.844 1665.583
6003.897 1753.034
6004.950 1727.615
6006.003 1586.269
6007.056 1520.398
6008.109 1615.632
6009.162 1570.871
6010.215 1575.302
6011.268 1504.242
6012.321 1562.671
6013.374 1550.978
6014.427 1585.468
6015.480 1554.775
6016.533 1548.465
6017.586 1515.412
6018.639 1593.028
6019.692 1558.803
6020.745 1506.095
6021.798 1514.718
6022.851 1496.757
6023.904 1530.423
6024.957 1498.872
6026.010 1518.228
6027.063 1525.095
6028.116 1506.574
6029.169 1557.983
6030.222 1508.845
6031.275 1529.060
6032.328 1468.669
6033.381 1589.456
6034.434 1560.312
6035.487 1505.334
6036.540 1484.505
6037.593 1496.118
6038.646 1581.207
6039.699 1465.995
6040.752 1447.990
6041.805 1468.665
6042.858 1506.971
6043.911 1544.691
6044.964 1548.608
6046.017 1515.961
6047.070 1503.192
6048.123 1507.864
6049.176 1464.938
6050.229 1519.955
6051.282 1495.894
6052.335 1511.351
6053.388 1355.795
6054.442 1447.189
6055.495 1401.919
6056.548 1448.669
6057.601 1511.645
6058.654 1433.104
6059.707 1415.560
6060.760 1454.101
6061.813 1476.131
6062.866 1507.160
6063.919 1504.606
6064.972 1471.393
6066.025 1416.480
6067.078 1480.595
6068.131 1542.749
6069.184 1463.903
6070.237 1408.909
6071.290 1387.320
6072.343 1464.228
6073.396 1457.291
6074.449 1421.007
6075.502 1449.246
6076.555 1436.539
6077.608 1396.664
6078.661 1455.350
6079.714 1443.784
6080.767 1370.667
6081.820 1452.745
6082.873 1410.604
6083.926 1413.160
6084.979 1438.779
6086.032 1385.510
6087.085 1452.732
6088.138 1503.704
6089.191 1347.079
6090.244 1509.470
6091.297 1384.716
6092.350 1356.316
6093.403 1318.659
6094.456 1399.165
6095.509 1368.114
6096.562 1365.988
6097.615 1445.382
6098.668 1304.019
6099.721 1451.830
6100.774 1419.211
6101.827 1497.237
6102.880 1415.524
6103.933 1414.113
6104.986 1435.662
6106.039 1368.054
6107.092 1435.207
6108.145 1400.868
6109.198 1383.547
6110.251 1359.841
6111.304 1388.818
6112.357 1392.316
6113.410 1402.163
6114.463 1375.545
6115.516 1380.643
6116.569 1355.268
6117.622 1323.035
6118.675 1387.924
6119.728 1411.039
6120.781 1300.972
6121.834 1342.818
6122.887 1313.321
6123.940 1361.043
6124.993 1420.044
6126.046 1313.601
6127.099 1349.108
6128.152 1338.681
6129.205 1356.510
6130.258 1426.974
6131.311 1371.076
6132.364 1402.124
6133.417 1345.758
6134.470 1335.394
6135.523 1322.790
6136.577 1374.432
6137.630 1356.446
6138.683 1483.596
6139.736 1552.442
6140.789 1450.706
6141.842 1321.465
6142.895 1352.431
6143.948 1508.001
6145.001 1480.132
6146.054 1380.580
6147.107 1358.879
6148.160 1232.515
6149.213 1291.534
6150.266 1359.388
6151.319 1354.163
6152.372 1326.493
6153.425 1287.488
6154.478 1442.570
6155.531 1626.380
6156.584 1838.661
6157.637 2002.257
6158.690 1828.669
6159.743 1500.256
6160.796 1330.163
6161.849 1345.249
6162.902 1208.559
6163.955 1294.054
6165.008 1346.717
6166.061 1263.098
6167.114 1312.682
6168.167 1349.727
6169.220 1398.445
6170.273 1603.145
6171.326 1606.746
6172.379 1420.119
6173.432 1313.691
6174.485 1367.739
6175.538 1378.876
6176.591 1349.401
6177.644 1279.570
6178.697 1283.740
6179.750 1386.822
6180.803 1347.845
6181.856 1310.580
6182.909 1266.929
6183.962 1270.007
6185.015 1321.739
6186.068 1306.764
6187.121 1278.960
6188.174 1273.015
6189.227 1270.490
6190.280 1267.715
6191.333 1282.344
6192.386 1355.206
6193.439 1323.143
6194.492 1294.402
6195.545 1265.817
6196.598 1267.711
6197.651 1341.527
6198.704 1282.287
6199.757 1256.918
6200.810 1366.162
6201.863 1489.627
6202.916 1509.023
6203.969 1413.248
6205.022 1311.293
6206.075 1293.381
6207.128 1297.648
6208.181 1314.324
6209.234 1298.823
6210.287 1280.770
6211.340 1321.380
6212.393 1352.407
6213.446 1358.993
6214.499 1296.533
6215.552 1269.950
6216.605 1323.433
6217.658 1271.099
6218.711 1258.223
6219.765 1261.177
6220.818 1381.425
6221.871 1590.897
6222.924 1497.290
6223.977 1360.519
6225.030 1289.080
6226.083 1278.545
6227.136 1217.510
6228.189 1254.541
6229.242 1230.434
6230.295 1184.539
6231.348 1257.390
6232.401 1282.676
6233.454 1483.352
6234.507 1856.230
6235.560 2184.514
6236.613 2113.401
6237.666 1702.343
6238.719 1388.067
6239.772 1400.527
6240.825 1458.737
6241.878 1485.549
6242.931 1406.404
6243.984 1524.449
6245.037 1358.649
6246.090 1286.115
6247.143 1255.419
6248.196 1306.599
6249.249 1292.922
6250.302 1257.338
6251.355 1265.470
6252.408 1263.204
6253.461 1241.401
6254.514 1251.806
6255.567 1289.237
6256.620 1720.822
6257.673 2162.594
6258.726 2077.226
6259.779 1576.790
6260.832 1270.801
6261.885 1315.528
6262.938 1346.032
6263.991 1371.180
6265.044 1560.035
6266.097 1507.721
6267.150 1392.948
6268.203 1285.416
6269.256 1233.200
6270.309 1285.161
6271.362 1249.752
6272.415 1247.476
6273.468 1223.909
6274.521 1325.727
6275.574 1369.112
6276.627 1290.019
6277.680 1291.691
6278.733 1203.783
6279.786 1177.772
6280.839 1135.198
6281.892 1252.235
6282.945 1224.403
6283.998 1169.740
6285.051 1253.024
6286.104 1497.287
6287.157 1982.827
6288.210 1927.178
6289.263 1402.567
6290.316 1252.867
6291.369 1286.696
6292.422 1195.372
6293.475 1190.925
6294.528 1223.016
6295.581 1215.650
6296.634 1456.654
6297.687 2197.149
6298.740 9535.698
6299.793 39313.821
6300.846 44395.036
6301.899 21991.480
6302.953 2854.459
6304.006 2876.404
6305.059 2822.235
6306.112 2111.771
6307.165 2149.547
6308.218 1874.528
6309.271 1291.462
6310.324 1211.509
6311.377 1240.069
6312.430 1216.659
6313.483 1309.146
6314.536 2267.062
6315.589 3484.837
6316.642 3133.986
6317.695 1684.670
6318.748 1162.089
6319.801 1235.677
6320.854 1482.038
6321.907 1464.875
6322.960 1362.927
6324.013 1197.598
6325.066 1184.291
6326.119 1171.185
6327.172 1208.328
6328.225 1329.827
6329.278 1853.015
6330.331 2004.852
6331.384 1576.693
6332.437 1190.477
6333.490 1159.958
6334.543 1192.388
6335.596 1179.500
6336.649 1214.069
6337.702 1230.606
6338.755 1143.069
6339.808 1166.890
6340.861 1277.197
6341.914 1198.035
6342.967 1155.792
6344.020 1237.087
6345.073 1171.852
6346.126 1138.575
6347.179 1218.323
6348.232 1279.158
6349.285 1358.322
6350.338 1305.561
6351.391 1189.996
6352.444 1185.765
6353.497 1224.830
6354.550 1351.302
6355.603 1529.450
6356.656 1605.931
6357.709 1434.259
6358.762 1151.943
6359.815 1256.352
6360.868 1127.590
6361.921 3019.684
6362.974 10630.194
6364.027 16335.499
6365.080 10491.923
6366.133 2082.010
6367.186 1705.768
6368.239 1754.474
6369.292 1394.276
6370.345 1168.363
6371.398 1158.878
6372.451 1173.119
6373.504 1189.298
6374.557 1256.759
6375.610 1214.437
6376.663 1208.806
6377.716 1177.321
6378.769 1212.567
6379.822 1241.481
6380.875 1228.523
6381.928 1122.814
6382.981 1182.868
6384.034 1130.840
6385.088 1211.250
6386.141 1353.433
6387.194 1359.982
6388.247 1215.693
6389.300 1137.066
6390.353 1189.377
6391.406 1124.817
6392.459 1150.127
6393.512 1121.728
6394.565 1130.109
6395.618 1144.129
6396.671 1125.573
6397.724 1085.150
6398.777 1093.169
6399.830 1117.049
6400.883 1054.694
6401.936 1125.002
6402.989 1078.187
6404.042 1073.236
6405.095 1127.764
6406.148 1093.289
6407.201 1050.502
6408.254 1062.866
6409.307 1170.326
6410.360 1124.050
6411.413 1115.231
6412.466 1109.977
6413.519 1119.097
6414.572 1142.412
6415.625 1104.137
6416.678 1104.756
6417.731 1072.429
6418.784 1095.324
6419.837 1195.786
6420.890 1203.042
6421.943 1129.386
6422.996 1095.445
6424.049 1085.663
6425.102 1066.906
6426.155 1112.332
6427.208 1062.393
6428.261 1080.140
6429.314 1134.386
6430.367 1086.942
6431.420 1095.815
6432.473 1042.697
6433.526 1101.194
6434.579 1138.890
6435.632 1139.534
6436.685 1112.060
6437.738 1064.465
6438.791 1069.347
6439.844 1056.364
6440.897 1072.509
6441.950 1120.810
6443.003 1146.056
6444.056 1114.294
6445.109 1121.390
6446.162 1057.934
6447.215 1047.703
6448.268 1077.143
6449.321 1167.431
6450.374 1153.278
6451.427 1083.819
6452.480 1208.009
6453.533 1176.780
6454.586 1259.446
6455.639 1231.668
6456.692 1181.589
6457.745 1151.615
6458.798 1118.983
6459.851 1081.159
6460.904 1086.346
6461.957 1136.053
6463.010 1283.039
6464.063 1349.184
6465.116 1435.721
6466.169 1547.650
6467.222 1356.664
6468.276 1163.255
6469.329 1249.306
6470.382 1458.790
6471.435 1518.399
6472.488 1251.783
6473.541 1088.820
6474.594 1078.905
6475.647 1039.531
6476.700 1117.939
6477.753 1204.648
6478.806 1183.928
6479.859 1114.154
6480.912 1066.127
6481.965 1077.506
6483.018 1065.836
6484.071 1066.730
6485.124 1073.862
6486.177 1116.509
6487.230 1052.535
6488.283 1090.141
6489.336 1075.686
6490.389 1082.324
6491.442 1062.322
6492.495 1088.657
6493.548 1104.660
6494.601 1067.367
6495.654 1135.177
6496.707 1162.753
6497.760 1691.518
6498.813 2054.942
6499.866 1867.788
6500.919 1270.092
6501.972 1050.680
6503.025 1136.151
6504.078 1351.848
6505.131 1464.935
6506.184 1324.567
6507.237 1088.309
6508.290 1037.566
6509.343 1098.792
6510.396 1084.213
6511.449 1055.931
6512.502 1165.486
6513.555 1258.252
6514.608 1184.331
6515.661 1094.527
6516.714 1056.014
6517.767 1020.101
6518.820 1080.768
6519.873 1100.998
6520.926 1161.281
6521.979 1322.602
6523.032 1333.888
6524.085 1248.828
6525.138 1112.702
6526.191 1123.955
6527.244 1127.472
6528.297 1127.967
6529.350 1141.324
6530.403 1115.829
6531.456 1260.571
6532.509 1856.268
6533.562 1991.787
6534.615 1523.949
6535.668 1157.065
6536.721 1156.176
6537.774 1124.096
6538.827 1145.527
6539.880 1114.996
6540.933 1159.829
6541.986 1262.373
6543.039 1400.204
6544.092 1495.613
6545.145 1350.955
6546.198 1224.328
6547.251 1193.111
6548.304 1224.070
6549.357 1216.658
6550.411 1669.920
6551.464 2645.875
6552.517 3457.116
6553.570 2857.391
6554.623 1917.894
6555.676 1437.137
6556.729 1202.632
6557.782 1258.735
6558.835 1286.124
6559.888 1231.409
6560.941 1435.882
6561.994 1200.394
6563.047 3327.962
6564.100 3592.601
6565.153 103331.617
6566.206 325035.657
6567.259 322478.186
6568.312 129067.951
6569.365 1948.080
6570.418 3053.662
6571.471 1141.635
6572.524 1464.443
6573.577 1229.961
6574.630 1273.038
6575.683 1362.590
6576.736 1909.809
6577.789 1949.924
6578.842 1503.413
6579.895 1266.445
6580.948 1245.601
6582.001 1249.903
6583.054 1254.130
6584.107 1305.235
6585.160 1272.832
6586.213 3785.965
6587.266 6274.946
6588.319 5392.506
6589.372 2254.491
6590.425 976.318
6591.478 1235.796
6592.531 1186.721
6593.584 1150.583
6594.637 1158.186
6595.690 1261.169
6596.743 1351.509
6597.796 1252.035
6598.849 1081.567
6599.902 1052.279
6600.955 1159.169
6602.008 1179.658
6603.061 1251.156
6604.114 1398.970
6605.167 1431.449
6606.220 1153.126
6607.273 1100.118
6608.326 1083.688
6609.379 1092.657
6610.432 1083.068
6611.485 1072.545
6612.538 1045.628
6613.591 1060.891
6614.644 1070.439
6615.697 1086.915
6616.750 1022.805
6617.803 975.740
6618.856 1030.040
6619.909 1041.704
6620.962 1014.010
6622.015 1052.174
6623.068 1100.032
6624.121 1014.699
6625.174 1023.291
6626.227 1097.532
6627.280 1115.044
6628.333 1109.118
6629.386 1032.400
6630.439 1000.370
6631.492 1045.216
6632.545 1096.775
6633.599 1150.795
6634.652 1169.214
6635.705 1074.908
6636.758 972.388
6637.811 985.873
6638.864 948.136
6639.917 1014.677
6640.970 995.834
6642.023 999.291
6643.076 1002.257
6644.129 982.963
6645.182 987.823
6646.235 1005.285
6647.288 1010.262
6648.341 955.587
6649.394 970.542
6650.447 974.003
6651.500 998.962
6652.553 971.577
6653.606 1011.825
6654.659 987.890
6655.712 1020.318
6656.765 994.926
6657.818 970.246
6658.871 998.062
6659.924 962.151
6660.977 949.798
6662.030 1005.797
6663.083 1003.577
6664.136 955.969
6665.189 1003.872
6666.242 1000.843
6667.295 1017.879
6668.348 970.052
6669.401 943.545
6670.454 896.644
6671.507 964.721
6672.560 977.834
6673.613 1027.328
6674.666 950.625
6675.719 962.262
6676.772 910.681
6677.825 934.644
6678.878 934.338
6679.931 952.432
6680.984 3128.780
6682.037 4739.886
6683.090 3722.083
6684.143 1546.443
6685.196 839.521
6686.249 979.741
6687.302 1025.381
6688.355 884.104
6689.408 819.038
6690.461 960.630
6691.514 937.560
6692.567 904.079
6693.620 878.141
6694.673 922.576
6695.726 952.426
6696.779 935.616
6697.832 915.037
6698.885 908.609
6699.938 933.387
6700.991 971.640
6702.044 903.381
6703.097 986.500
6704.150 979.142
6705.203 916.357
6706.256 932.337
6707.309 901.941
6708.362 856.592
6709.415 913.504
6710.468 901.849
6711.521 892.989
6712.574 848.486
6713.627 898.777
6714.680 957.373
6715.734 930.775
6716.787 1041.983
6717.840 753.951
6718.893 3206.278
6719.946 8626.087
6720.999 9859.548
6722.052 5021.669
6723.105 734.308
6724.158 1049.614
6725.211 928.085
6726.264 904.204
6727.317 898.281
6728.370 896.056
6729.423 908.629
6730.476 960.546
6731.529 941.870
6732.582 1062.044
6733.635 3759.013
6734.688 7364.087
6735.741 6886.426
6736.794 2285.404
6737.847 829.046
6738.900 938.688
6739.953 914.272
6741.006 989.975
6742.059 945.477
6743.112 892.952
6744.165 911.661
6745.218 958.054
6746.271 958.699
6747.324 898.802
6748.377 919.695
6749.430 933.819
6750.483 919.378
6751.536 908.314
6752.589 868.822
6753.642 889.885
6754.695 891.466
6755.748 846.917
6756.801 868.880
6757.854 870.570
6758.907 899.655
6759.960 898.648
6761.013 921.278
6762.066 851.340
6763.119 846.757
6764.172 854.565
6765.225 823.065
6766.278 871.230
6767.331 871.785
6768.384 864.901
6769.437 862.837
6770.490 847.222
6771.543 861.244
6772.596 841.416
6773.649 864.460
6774.702 906.571
6775.755 883.378
6776.808 928.770
6777.861 876.047
6778.914 803.638
6779.967 879.545
6781.020 897.429
6782.073 941.531
6783.126 872.954
6784.179 862.635
6785.232 843.934
6786.285 832.229
6787.338 877.329
6788.391 865.594
6789.444 850.341
6790.497 790.023
6791.550 861.096
6792.603 852.401
6793.656 863.762
6794.709 877.756
6795.762 841.618
6796.815 850.482
6797.868 848.200
6798.922 863.715
6799.975 854.879
6801.028 779.767
6802.081 797.325
6803.134 855.033
6804.187 850.916
6805.240 846.016
6806.293 831.026
6807.346 845.012
6808.399 860.626
6809.452 864.409
6810.505 830.406
6811.558 855.360
6812.611 839.957
6813.664 847.108
6814.717 799.270
6815.770 823.860
6816.823 842.883
6817.876 828.097
6818.929 897.780
6819.982 864.745
6821.035 835.432
6822.088 854.949
6823.141 800.533
6824.194 806.187
6825.247 846.922
6826.300 999.768
6827.353 1368.293
6828.406 1767.443
6829.459 1967.289
6830.512 1655.062
6831.565 1078.221
6832.618 1016.221
6833.671 1756.802
6834.724 2012.149
6835.777 1388.087
6836.830 880.133
6837.883 839.494
6838.936 884.177
6839.989 859.931
6841.042 1045.031
6842.095 1166.598
6843.148 999.390
6844.201 885.646
6845.254 815.044
6846.307 792.052
6847.360 865.731
6848.413 841.045
6849.466 865.421
6850.519 897.831
6851.572 859.830
6852.625 792.634
6853.678 852.248
6854.731 836.901
6855.784 806.979
6856.837 839.213
6857.890 826.224
6858.943 875.805
6859.996 852.259
6861.049 882.914
6862.102 1103.454
6863.155 2577.258
6864.208 3267.900
6865.261 2084.121
6866.314 946.934
6867.367 643.867
6868.420 538.138
6869.473 554.465
6870.526 728.453
6871.579 772.234
6872.632 658.042
6873.685 582.185
6874.738 581.304
6875.791 617.675
6876.844 654.799
6877.897 691.416
6878.950 740.078
6880.003 826.366
6881.056 1012.726
6882.110 1056.075
6883.163 846.174
6884.216 767.466
6885.269 734.435
6886.322 696.833
6887.375 695.308
6888.428 955.187
6889.481 1162.824
6890.534 1005.859
6891.587 782.336
6892.640 674.151
6893.693 727.097
6894.746 827.426
6895.799 732.825
6896.852 659.100
6897.905 723.755
6898.958 777.643
6900.011 977.430
6901.064 1111.965
6902.117 1041.021
6903.170 818.517
6904.223 730.164
6905.276 664.491
6906.329 773.170
6907.382 771.465
6908.435 693.792
6909.488 711.250
6910.541 752.159
6911.594 1137.564
6912.647 1472.127
6913.700 1236.955
6914.753 881.323
6915.806 748.263
6916.859 789.456
6917.912 816.412
6918.965 775.924
6920.018 734.827
6921.071 844.426
6922.124 1381.712
6923.177 1904.886
6924.230 1775.129
6925.283 1018.842
6926.336 824.185
6927.389 828.347
6928.442 833.505
6929.495 784.012
6930.548 747.820
6931.601 782.907
6932.654 815.942
6933.707 781.456
6934.760 756.005
6935.813 772.016
6936.866 754.766
6937.919 921.954
6938.972 1282.708
6940.025 1369.429
6941.078 1085.533
6942.131 790.984
6943.184 787.808
6944.237 817.725
6945.290 783.378
6946.343 753.359
6947.396 945.181
6948.449 1901.646
6949.502 2255.210
6950.555 1495.592
6951.608 865.945
6952.661 854.561
6953.714 874.732
6954.767 819.086
6955.820 807.361
6956.873 797.076
6957.926 839.220
6958.979 847.633
6960.032 824.930
6961.085 801.623
6962.138 823.027
6963.191 837.139
6964.245 842.799
6965.298 780.100
6966.351 927.427
6967.404 821.672
6968.457 864.056
6969.510 1139.580
6970.563 1201.299
6971.616 934.705
6972.669 818.245
6973.722 833.783
6974.775 813.055
6975.828 751.659
6976.881 962.003
6977.934 1484.005
6978.987 1563.388
6980.040 1143.783
6981.093 839.138
6982.146 820.733
6983.199 822.140
6984.252 825.524
6985.305 803.650
6986.358 773.747
6987.411 828.637
6988.464 844.449
6989.517 786.875
6990.570 826.663
6991.623 862.707
6992.676 759.893
6993.729 796.938
6994.782 813.747
6995.835 819.658
6996.888 876.633
6997.941 792.033
6998.994 753.996
7000.047 844.925
7001.100 931.680
7002.153 1027.388
7003.206 1096.050
7004.259 963.680
7005.312 932.066
7006.365 777.301
7007.418 786.602
7008.471 795.820
7009.524 803.052
7010.577 1028.193
7011.630 1178.660
7012.683 1021.575
7013.736 826.577
7014.789 810.467
7015.842 780.559
7016.895 740.025
7017.948 760.616
7019.001 779.455
7020.054 804.697
7021.107 735.362
7022.160 778.776
7023.213 795.837
7024.266 827.068
7025.319 788.111
7026.372 777.818
7027.425 778.338
7028.478 758.192
7029.531 786.457
7030.584 760.418
7031.637 793.527
7032.690 777.274
7033.743 769.598
7034.796 786.783
7035.849 751.904
7036.902 737.805
7037.955 769.378
7039.008 763.481
7040.061 781.813
7041.114 873.669
7042.167 849.852
7043.220 847.593
7044.273 791.299
7045.326 804.138
7046.379 847.782
7047.433 979.556
7048.486 1017.898
7049.539 991.737
7050.592 923.068
7051.645 871.607
7052.698 806.002
7053.751 802.917
7054.804 789.792
7055.857 761.457
7056.910 793.686
7057.963 769.820
7059.016 772.968
7060.069 814.184
7061.122 843.427
7062.175 803.543
7063.228 883.353
7064.281 772.753
7065.334 820.392
7066.387 850.869
7067.440 1083.529
7068.493 2400.705
7069.546 3318.067
7070.599 2324.881
7071.652 1023.993
7072.705 751.806
7073.758 824.405
7074.811 776.993
7075.864 740.068
7076.917 766.336
7077.970 796.102
7079.023 808.677
7080.076 836.432
7081.129 777.552
7082.182 869.943
7083.235 865.723
7084.288 822.232
7085.341 761.956
7086.394 799.749
7087.447 850.794
7088.500 902.268
7089.553 890.219
7090.606 828.181
7091.659 796.330
7092.712 808.379
7093.765 790.913
7094.818 755.719
7095.871 773.364
7096.924 768.918
7097.977 795.402
7099.030 765.250
7100.083 806.285
7101.136 745.135
7102.189 777.862
7103.242 722.925
7104.295 746.378
7105.348 763.692
7106.401 711.669
7107.454 716.858
7108.507 801.640
7109.560 795.300
7110.613 752.013
7111.666 751.036
7112.719 740.471
7113.772 745.960
7114.825 752.175
7115.878 786.238
7116.931 759.366
7117.984 736.399
7119.037 760.501
7120.090 745.213
7121.143 750.073
7122.196 794.017
7123.249 774.147
7124.302 761.466
7125.355 788.801
7126.408 861.249
7127.461 839.672
7128.514 799.648
7129.568 786.587
7130.621 775.256
7131.674 823.169
7132.727 812.589
7133.780 834.207
7134.833 806.684
7135.886 787.023
7136.939 778.206
7137.992 1404.638
7139.045 6464.135
7140.098 9434.494
7141.151 6359.391
7142.204 2000.131
7143.257 739.454
7144.310 898.889
7145.363 817.477
7146.416 858.181
7147.469 892.973
7148.522 803.386
7149.575 801.291
7150.628 802.031
7151.681 763.748
7152.734 764.275
7153.787 732.430
7154.840 750.052
7155.893 737.077
7156.946 753.196
7157.999 751.826
7159.052 808.426
7160.105 820.761
7161.158 793.881
7162.211 777.887
7163.264 780.111
7164.317 799.145
7165.370 813.700
7166.423 787.669
7167.476 733.407
7168.529 716.420
7169.582 733.932
7170.635 760.426
7171.688 727.424
7172.741 743.996
7173.794 765.596
7174.847 769.950
7175.900 779.710
7176.953 747.700
7178.006 751.323
7179.059 748.727
7180.112 730.220
7181.165 755.276
7182.218 740.255
7183.271 705.813
7184.324 713.905
7185.377 691.054
7186.430 657.857
7187.483 671.746
7188.536 679.394
7189.589 680.967
7190.642 739.448
7191.695 666.470
7192.748 648.791
7193.801 670.163
7194.854 681.156
7195.907 718.225
7196.960 767.617
7198.013 736.860
7199.066 703.333
7200.119 737.482
7201.172 728.644
7202.225 682.179
7203.278 699.194
7204.331 743.405
7205.384 724.121
7206.437 697.469
7207.490 702.441
7208.543 741.188
7209.596 725.979
7210.649 752.759
7211.702 675.713
7212.756 725.389
7213.809 755.520
7214.862 711.545
7215.915 692.059
7216.968 721.092
7218.021 768.605
7219.074 704.303
7220.127 712.112
7221.180 737.514
7222.233 749.709
7223.286 708.192
7224.339 774.190
7225.392 723.319
7226.445 727.091
7227.498 756.836
7228.551 742.228
7229.604 774.323
7230.657 763.464
7231.710 720.387
7232.763 718.772
7233.816 741.130
7234.869 708.877
7235.922 666.308
7236.975 878.561
7238.028 1385.825
7239.081 2281.073
7240.134 2864.168
7241.187 2635.268
7242.240 1796.593
7243.293 1511.893
7244.346 2426.600
7245.399 3095.347
7246.452 2256.253
7247.505 1187.269
7248.558 848.808
7249.611 775.165
7250.664 751.034
7251.717 894.302
7252.770 1162.038
7253.823 1175.124
7254.876 997.903
7255.929 924.842
7256.982 823.958
7258.035 775.419
7259.088 805.383
7260.141 813.311
7261.194 746.236
7262.247 748.026
7263.300 783.569
7264.353 767.189
7265.406 738.378
7266.459 766.234
7267.512 828.728
7268.565 852.478
7269.618 855.262
7270.671 800.209
7271.724 786.364
7272.777 773.373
7273.830 882.876
7274.883 2089.683
7275.936 4049.900
7276.989 4376.939
7278.042 2375.482
7279.095 954.156
7280.148 818.426
7281.201 810.608
7282.254 869.522
7283.307 1460.984
7284.360 2367.261
7285.413 2492.133
7286.466 1671.731
7287.519 1018.600
7288.572 761.541
7289.625 761.785
7290.678 744.724
7291.731 768.161
7292.784 750.365
7293.837 766.264
7294.891 948.686
7295.944 1133.888
7296.997 1092.252
7298.050 866.743
7299.103 707.381
7300.156 708.815
7301.209 768.597
7302.262 965.744
7303.315 1426.045
7304.368 1541.318
7305.421 1067.537
7306.474 796.581
7307.527 719.504
7308.580 719.075
7309.633 765.699
7310.686 785.473
7311.739 769.389
7312.792 750.627
7313.845 772.909
7314.898 1744.412
7315.951 3419.614
7317.004 3448.404
7318.057 1871.052
7319.110 917.307
7320.163 795.158
7321.216 793.330
7322.269 959.309
7323.322 1665.289
7324.375 2146.287
7325.428 1839.219
7326.481 1087.160
7327.534 1074.923
7328.587 1655.184
7329.640 1843.441
7330.693 1430.457
7331.746 945.641
7332.799 1063.313
7333.852 1613.491
7334.905 1871.271
7335.958 1505.273
7337.011 995.778
7338.064 798.591
7339.117 1309.263
7340.170 3126.447
7341.223 4153.516
7342.276 2798.100
7343.329 1306.089
7344.382 833.885
7345.435 734.460
7346.488 722.298
7347.541 723.574
7348.594 737.811
7349.647 700.854
7350.700 730.813
7351.753 784.819
7352.806 840.250
7353.859 744.709
7354.912 716.334
7355.965 701.297
7357.018 965.890
7358.071 1492.769
7359.124 1702.415
7360.177 1276.690
7361.230 805.073
7362.283 720.493
7363.336 734.570
7364.389 757.683
7365.442 769.347
7366.495 699.652
7367.548 1086.498
7368.601 2537.294
7369.654 3207.279
7370.707 2234.729
7371.760 1222.604
7372.813 801.347
7373.866 769.558
7374.919 790.423
7375.972 714.490
7377.025 722.806
7378.079 763.238
7379.132 697.509
7380.185 696.169
7381.238 709.376
7382.291 729.734
7383.344 702.638
7384.397 673.094
7385.450 686.054
7386.503 701.171
7387.556 681.382
7388.609 781.120
7389.662 755.319
7390.715 916.001
7391.768 1308.061
7392.821 1383.810
7393.874 1089.235
7394.927 780.723
7395.980 694.397
7397.033 648.466
7398.086 701.442
7399.139 689.189
7400.192 1038.825
7401.245 1824.507
7402.298 2191.969
7403.351 1556.720
7404.404 950.620
7405.457 701.826
7406.510 642.238
7407.563 701.895
7408.616 696.282
7409.669 691.295
7410.722 741.408
7411.775 784.981
7412.828 740.592
7413.881 705.155
7414.934 693.418
7415.987 684.059
7417.040 698.750
7418.093 714.984
7419.146 691.012
7420.199 651.586
7421.252 667.909
7422.305 704.364
7423.358 714.310
7424.411 678.117
7425.464 669.492
7426.517 709.732
7427.570 689.568
7428.623 902.473
7429.676 1087.782
7430.729 1002.905
7431.782 820.473
7432.835 698.823
7433.888 725.748
7434.941 711.973
7435.994 682.155
7437.047 913.797
7438.100 1274.663
7439.153 1334.843
7440.206 1058.551
7441.259 801.034
7442.312 701.069
7443.365 656.790
7444.418 688.463
7445.471 685.392
7446.524 680.123
7447.577 698.008
7448.630 643.575
7449.683 641.244
7450.736 730.081
7451.789 697.028
7452.842 654.557
7453.895 704.683
7454.948 686.829
7456.001 683.108
7457.054 613.497
7458.107 712.071
7459.160 758.423
7460.214 668.312
7461.267 680.920
7462.320 785.584
7463.373 812.992
7464.426 756.650
7465.479 796.814
7466.532 912.411
7467.585 933.209
7468.638 850.462
7469.691 745.046
7470.744 790.255
7471.797 918.791
7472.850 1013.472
7473.903 1165.684
7474.956 1223.395
7476.009 999.328
7477.062 778.355
7478.115 792.601
7479.168 809.954
7480.221 809.496
7481.274 809.040
7482.327 808.584
7483.380 808.131
7484.433 807.677
7485.486 807.223
