5329.969 2067.251
5331.022 1929.369
5332.075 1640.651
5333.128 1431.099
5334.181 1344.920
5335.234 1442.121
5336.287 1341.029
5337.340 1460.386
5338.393 1513.165
5339.446 1355.594
5340.499 1308.909
5341.552 1325.146
5342.605 1358.279
5343.658 1396.148
5344.711 1387.323
5345.764 1325.643
5346.817 1292.653
5347.870 1420.742
5348.923 1364.162
5349.976 1467.299
5351.029 1591.641
5352.082 1229.977
5353.135 1418.488
5354.188 1426.296
5355.241 1362.183
5356.294 1369.396
5357.347 1378.773
5358.400 1408.996
5359.453 1409.690
5360.506 1386.039
5361.559 1441.365
5362.612 1378.678
5363.665 1441.994
5364.718 1372.843
5365.771 1428.862
5366.824 1289.061
5367.877 1329.878
5368.930 1245.030
5369.983 1342.680
5371.036 1292.347
5372.089 1370.506
5373.142 1311.970
5374.195 1469.037
5375.248 1386.818
5376.301 1383.938
5377.354 1342.533
5378.407 1366.153
5379.460 1471.443
5380.513 1376.120
5381.566 1348.408
5382.619 1216.662
5383.672 1307.926
5384.725 1430.910
5385.778 1388.020
5386.831 1447.031
5387.884 1460.680
5388.937 1467.318
5389.990 1326.696
5391.043 1345.663
5392.097 1325.201
5393.150 1273.848
5394.203 1359.426
5395.256 1424.868
5396.309 1368.556
5397.362 1292.577
5398.415 1238.562
5399.468 1376.344
5400.521 1238.574
5401.574 1280.945
5402.627 1379.493
5403.680 1268.271
5404.733 1245.877
5405.786 1164.710
5406.839 1287.455
5407.892 1359.625
5408.945 1293.778
5409.998 1192.736
5411.051 1301.314
5412.104 1269.375
5413.157 1291.473
5414.210 1311.096
5415.263 1170.507
5416.316 1422.126
5417.369 1388.065
5418.422 1249.794
5419.475 1279.921
5420.528 1271.103
5421.581 1224.809
5422.634 1326.905
5423.687 1271.984
5424.740 1378.541
5425.793 1337.686
5426.846 1225.735
5427.899 1163.560
5428.952 1198.499
5430.005 1307.904
5431.058 1278.875
5432.111 1420.368
5433.164 1199.002
5434.217 1301.319
5435.270 1466.652
5436.323 1490.669
5437.376 1456.938
5438.429 1372.252
5439.482 1367.547
5440.535 1297.120
5441.588 1351.229
5442.641 1399.373
5443.694 1288.691
5444.747 1256.314
5445.800 1096.826
5446.853 1383.812
5447.906 1341.150
5448.959 1238.581
5450.012 1329.559
5451.065 1082.499
5452.118 1338.108
5453.171 1307.396
5454.224 1298.674
5455.277 1230.121
5456.330 1247.835
5457.383 1216.139
5458.436 1302.073
5459.489 1426.618
5460.542 1308.907
5461.595 1151.093
5462.648 1206.067
5463.701 1251.826
5464.754 1246.915
5465.807 1237.015
5466.860 1065.546
5467.913 1119.592
5468.966 1186.625
5470.019 1309.677
5471.072 1099.517
5472.125 1312.439
5473.178 1305.649
5474.231 1328.767
5475.285 1199.677
5476.338 1315.237
5477.391 1157.135
5478.444 1181.379
5479.497 1316.522
5480.550 1237.742
5481.603 1183.762
5482.656 1318.669
5483.709 1289.765
5484.762 1142.994
5485.815 1183.604
5486.868 1190.305
5487.921 1210.332
5488.974 1262.088
5490.027 1111.501
5491.080 1296.844
5492.133 1225.172
5493.186 1353.209
5494.239 1248.445
5495.292 1146.496
5496.345 1285.141
5497.398 1290.025
5498.451 1302.847
5499.504 1196.744
5500.557 1226.790
5501.610 1200.738
5502.663 1296.772
5503.716 1208.058
5504.769 1190.475
5505.822 1174.872
5506.875 1268.782
5507.928 1214.945
5508.981 1227.942
5510.034 1138.278
5511.087 1236.176
5512.140 1322.657
5513.193 1366.953
5514.246 1211.186
5515.299 1391.317
5516.352 1317.325
5517.405 1305.216
5518.458 1253.498
5519.511 1490.508
5520.564 1603.527
5521.617 1607.836
5522.670 1377.451
5523.723 1192.395
5524.776 1190.866
5525.829 1110.195
5526.882 1204.276
5527.935 1168.992
5528.988 1161.888
5530.041 1199.756
5531.094 1172.550
5532.147 1279.743
5533.200 1231.251
5534.253 1053.417
5535.306 1118.519
5536.359 1160.466
5537.412 1287.140
5538.465 1305.446
5539.518 1271.938
5540.571 1463.358
5541.624 1618.701
5542.677 1435.029
5543.730 1302.764
5544.783 1309.030
5545.836 1309.434
5546.889 1224.413
5547.942 1257.427
5548.995 1289.211
5550.048 1335.370
5551.101 1262.631
5552.154 1155.188
5553.207 1299.611
5554.260 1088.960
5555.313 1239.191
5556.366 1234.366
5557.419 1202.383
5558.473 1386.586
5559.526 1214.981
5560.579 1074.985
5561.632 1247.910
5562.685 1312.451
5563.738 1393.135
5564.791 1441.468
5565.844 1198.338
5566.897 1111.536
5567.950 1343.025
5569.003 1263.551
5570.056 1279.154
5571.109 1189.082
5572.162 1086.295
5573.215 1203.675
5574.268 1401.164
5575.321 3848.751
5576.374 27628.791
5577.427 55034.063
5578.480 40115.814
5579.533 7892.770
5580.586 747.522
5581.639 1365.415
5582.692 1167.212
5583.745 1185.949
5584.798 1199.158
5585.851 1221.911
5586.904 1130.970
5587.957 1266.632
5589.010 1295.551
5590.063 1422.681
5591.116 1326.795
5592.169 1139.082
5593.222 1256.307
5594.275 1120.655
5595.328 1213.409
5596.381 1195.753
5597.434 1258.281
5598.487 1473.181
5599.540 1234.482
5600.593 1097.854
5601.646 1185.264
5602.699 1116.639
5603.752 1323.391
5604.805 1438.474
5605.858 1493.393
5606.911 1121.461
5607.964 1205.936
5609.017 1258.342
5610.070 1274.109
5611.123 1041.262
5612.176 1191.852
5613.229 1176.021
5614.282 1162.409
5615.335 1202.356
5616.388 1153.339
5617.441 1264.648
5618.494 1113.425
5619.547 1163.447
5620.600 1234.208
5621.653 1142.520
5622.706 1202.627
5623.759 1409.886
5624.812 1241.517
5625.865 1169.616
5626.918 1110.944
5627.971 1173.766
5629.024 1113.969
5630.077 1115.901
5631.130 1313.194
5632.183 1145.140
5633.236 1076.156
5634.289 1198.252
5635.342 1205.140
5636.395 1060.192
5637.448 1126.291
5638.501 1190.671
5639.554 1247.771
5640.608 1173.540
5641.661 1140.103
5642.714 1153.506
5643.767 1217.731
5644.820 1158.135
5645.873 1373.617
5646.926 1278.206
5647.979 1039.904
5649.032 1093.865
5650.085 1124.870
5651.138 1244.732
5652.191 1089.978
5653.244 1096.376
5654.297 1164.622
5655.350 1150.790
5656.403 1083.603
5657.456 1087.518
5658.509 941.611
5659.562 1131.454
5660.615 1137.395
5661.668 1253.412
5662.721 1125.205
5663.774 1164.832
5664.827 1234.866
5665.880 1145.234
5666.933 1077.061
5667.986 1167.977
5669.039 1202.250
5670.092 1222.671
5671.145 1102.435
5672.198 1096.223
5673.251 1159.748
5674.304 1108.325
5675.357 1167.390
5676.410 1214.777
5677.463 1153.284
5678.516 1133.459
5679.569 1097.951
5680.622 1155.846
5681.675 1201.133
5682.728 1087.308
5683.781 1144.808
5684.834 1176.103
5685.887 1177.467
5686.940 1173.314
5687.993 1216.142
5689.046 1277.981
5690.099 1254.446
5691.152 1150.647
5692.205 1202.402
5693.258 1243.280
5694.311 1251.448
5695.364 1226.435
5696.417 1193.485
5697.470 1175.325
5698.523 1174.343
5699.576 1145.140
5700.629 1101.218
5701.682 1168.240
5702.735 1129.209
5703.788 1276.862
5704.841 1199.776
5705.894 1143.747
5706.947 1129.148
5708.000 1063.982
5709.053 1147.735
5710.106 1143.983
5711.159 1136.222
5712.212 1128.114
5713.265 1124.599
5714.318 1135.114
5715.371 1162.404
5716.424 1252.122
5717.477 1106.170
5718.530 1172.779
5719.583 1112.825
5720.636 1164.622
5721.689 1107.508
5722.742 1309.576
5723.796 1168.327
5724.849 1051.115
5725.902 1213.819
5726.955 1151.556
5728.008 1086.876
5729.061 1139.183
5730.114 1186.991
5731.167 1113.490
5732.220 1176.081
5733.273 1202.346
5734.326 1293.116
5735.379 1070.460
5736.432 1142.035
5737.485 1061.146
5738.538 1143.373
5739.591 1188.294
5740.644 1182.568
5741.697 1101.115
5742.750 1189.328
5743.803 1071.700
5744.856 1186.300
5745.909 959.380
5746.962 1108.240
5748.015 1138.064
5749.068 1186.062
5750.121 1068.787
5751.174 1000.253
5752.227 1089.549
5753.280 1108.214
5754.333 1129.087
5755.386 1191.498
5756.439 1165.808
5757.492 1131.579
5758.545 1188.494
5759.598 1173.286
5760.651 1056.497
5761.704 1197.998
5762.757 1078.450
5763.810 1035.808
5764.863 1152.572
5765.916 1060.894
5766.969 1032.121
5768.022 1186.083
5769.075 1157.919
5770.128 1088.662
5771.181 1116.943
5772.234 1168.515
5773.287 1173.965
5774.340 1157.572
5775.393 1121.142
5776.446 1074.786
5777.499 1030.312
5778.552 1035.185
5779.605 1042.436
5780.658 1176.373
5781.711 933.812
5782.764 1008.521
5783.817 986.941
5784.870 988.143
5785.923 1048.385
5786.976 1083.236
5788.029 1078.810
5789.082 1055.710
5790.135 1001.364
5791.188 1092.500
5792.241 1027.530
5793.294 1082.241
5794.347 1104.009
5795.400 1139.247
5796.453 1085.834
5797.506 1093.740
5798.559 1171.826
5799.612 1117.057
5800.665 1095.752
5801.718 1061.632
5802.771 1073.703
5803.824 1122.836
5804.877 1069.596
5805.931 1022.319
5806.984 935.442
5808.037 1033.282
5809.090 1184.648
5810.143 1078.660
5811.196 1078.379
5812.249 1046.260
5813.302 955.025
5814.355 1117.296
5815.408 1163.848
5816.461 1113.323
5817.514 1111.735
5818.567 1135.894
5819.620 1217.214
5820.673 1054.605
5821.726 1095.946
5822.779 1139.462
5823.832 1180.715
5824.885 1158.626
5825.938 1133.463
5826.991 1025.535
5828.044 1028.402
5829.097 1127.274
5830.150 1048.922
5831.203 1037.701
5832.256 1174.447
5833.309 1147.131
5834.362 1075.071
5835.415 1110.881
5836.468 1052.607
5837.521 1049.287
5838.574 1116.670
5839.627 1112.584
5840.680 1114.256
5841.733 1086.093
5842.786 1148.962
5843.839 1045.387
5844.892 1069.779
5845.945 973.784
5846.998 1067.678
5848.051 978.813
5849.104 1016.046
5850.157 1014.428
5851.210 1166.216
5852.263 995.892
5853.316 1009.902
5854.369 1039.622
5855.422 1057.613
5856.475 1019.280
5857.528 1006.522
5858.581 1007.942
5859.634 1072.988
5860.687 1066.585
5861.740 1002.191
5862.793 1024.329
5863.846 1071.517
5864.899 1334.486
5865.952 1629.587
5867.005 1569.305
5868.058 1602.872
5869.111 1464.431
5870.164 1294.096
5871.217 1152.482
5872.270 1109.984
5873.323 1144.691
5874.376 1119.915
5875.429 1213.495
5876.482 1367.792
5877.535 3995.860
5878.588 12115.813
5879.641 12382.229
5880.694 5601.530
5881.747 1159.707
5882.800 1218.392
5883.853 1082.036
5884.906 1056.810
5885.959 1205.481
5887.012 1367.316
5888.065 2497.491
5889.119 5112.319
5890.172 7012.848
5891.225 4582.175
5892.278 1469.188
5893.331 1102.120
5894.384 2128.339
5895.437 4032.471
5896.490 4454.745
5897.543 2434.028
5898.596 1096.649
5899.649 1122.826
5900.702 1029.620
5901.755 1007.466
5902.808 1089.928
5903.861 1197.561
5904.914 1157.280
5905.967 1184.244
5907.020 1319.891
5908.073 1141.994
5909.126 1084.541
5910.179 1102.515
5911.232 1117.890
5912.285 1051.526
5913.338 1171.485
5914.391 1489.237
5915.444 1735.297
5916.497 1559.107
5917.550 1067.971
5918.603 1006.588
5919.656 1143.037
5920.709 1037.003
5921.762 1065.800
5922.815 1049.821
5923.868 1250.155
5924.921 1331.982
5925.974 1119.426
5927.027 985.890
5928.080 1075.122
5929.133 1061.932
5930.186 1035.003
5931.239 1196.254
5932.292 1717.799
5933.345 1899.290
5934.398 1460.410
5935.451 997.773
5936.504 1035.626
5937.557 1035.208
5938.610 1048.787
5939.663 1068.327
5940.716 1031.298
5941.769 977.112
5942.822 956.624
5943.875 1098.620
5944.928 1167.417
5945.981 1271.688
5947.034 1177.560
5948.087 1086.254
5949.140 1019.646
5950.193 1003.791
5951.246 1074.667
5952.299 1390.831
5953.352 1625.616
5954.405 1586.443
5955.458 1140.203
5956.511 1103.299
5957.564 1067.849
5958.617 1090.272
5959.670 995.025
5960.723 1018.783
5961.776 1017.577
5962.829 1083.420
5963.882 1048.526
5964.935 970.128
5965.988 1093.347
5967.041 1016.354
5968.094 982.719
5969.147 1052.129
5970.200 1231.268
5971.254 1167.845
5972.307 1070.409
5973.360 1015.863
5974.413 956.864
5975.466 1023.409
5976.519 1263.113
5977.572 1350.346
5978.625 1161.488
5979.678 987.756
5980.731 968.886
5981.784 1045.775
5982.837 1023.324
5983.890 971.484
5984.943 1025.023
5985.996 975.377
5987.049 825.343
5988.102 939.177
5989.155 959.785
5990.208 908.879
5991.261 1015.267
5992.314 1027.253
5993.367 888.160
5994.420 941.105
5995.473 1017.411
5996.526 941.755
5997.579 983.980
5998.632 1045.313
5999.685 964.974
6000.738 925.264
6001.791 904.038
6002.844 1036.405
6003.897 1132.380
6004.950 1090.840
6006.003 956.337
6007.056 1002.988
6008.109 878.481
6009.162 918.743
6010.215 883.878
6011.268 987.801
6012.321 948.756
6013.374 888.153
6014.427 931.532
6015.480 993.494
6016.533 913.955
6017.586 935.010
6018.639 925.895
6019.692 861.633
6020.745 839.271
6021.798 900.014
6022.851 881.926
6023.904 910.588
6024.957 930.338
6026.010 872.535
6027.063 887.980
6028.116 933.913
6029.169 910.701
6030.222 957.892
6031.275 917.747
6032.328 931.700
6033.381 950.416
6034.434 942.900
6035.487 927.206
6036.540 833.956
6037.593 856.762
6038.646 842.074
6039.699 838.965
6040.752 893.189
6041.805 911.505
6042.858 803.322
6043.911 796.658
6044.964 877.014
6046.017 869.759
6047.070 806.563
6048.123 832.114
6049.176 927.478
6050.229 810.581
6051.282 866.168
6052.335 789.857
6053.388 706.077
6054.442 848.151
6055.495 816.091
6056.548 844.819
6057.601 835.464
6058.654 880.140
6059.707 805.280
6060.760 733.436
6061.813 804.223
6062.866 875.875
6063.919 945.352
6064.972 880.674
6066.025 914.006
6067.078 832.807
6068.131 860.002
6069.184 757.787
6070.237 863.574
6071.290 817.816
6072.343 873.957
6073.396 828.817
6074.449 853.016
6075.502 832.756
6076.555 754.290
6077.608 867.523
6078.661 873.588
6079.714 834.551
6080.767 761.908
6081.820 824.239
6082.873 727.514
6083.926 729.344
6084.979 776.675
6086.032 884.954
6087.085 822.072
6088.138 799.102
6089.191 830.976
6090.244 789.178
6091.297 848.203
6092.350 783.604
6093.403 782.154
6094.456 825.735
6095.509 827.676
6096.562 817.189
6097.615 761.677
6098.668 851.125
6099.721 910.804
6100.774 842.246
6101.827 845.661
6102.880 796.809
6103.933 768.694
6104.986 864.292
6106.039 839.547
6107.092 760.491
6108.145 819.139
6109.198 840.693
6110.251 891.662
6111.304 891.983
6112.357 822.002
6113.410 714.986
6114.463 841.017
6115.516 822.808
6116.569 795.508
6117.622 693.577
6118.675 801.124
6119.728 760.311
6120.781 799.001
6121.834 786.887
6122.887 718.566
6123.940 802.496
6124.993 857.055
6126.046 849.735
6127.099 736.170
6128.152 763.854
6129.205 766.187
6130.258 762.502
6131.311 696.075
6132.364 765.414
6133.417 844.134
6134.470 777.584
6135.523 848.547
6136.577 859.386
6137.630 851.362
6138.683 789.875
6139.736 882.822
6140.789 943.592
6141.842 783.151
6142.895 821.816
6143.948 895.080
6145.001 950.941
6146.054 849.473
6147.107 721.468
6148.160 732.009
6149.213 753.337
6150.266 788.120
6151.319 794.710
6152.372 827.788
6153.425 798.904
6154.478 785.024
6155.531 1148.353
6156.584 1493.759
6157.637 1530.139
6158.690 1428.770
6159.743 1000.394
6160.796 771.603
6161.849 779.267
6162.902 711.474
6163.955 797.331
6165.008 746.166
6166.061 701.465
6167.114 750.340
6168.167 756.227
6169.220 888.117
6170.273 1061.345
6171.326 1098.130
6172.379 903.099
6173.432 689.471
6174.485 766.634
6175.538 861.570
6176.591 865.297
6177.644 835.251
6178.697 707.057
6179.750 705.005
6180.803 798.433
6181.856 715.548
6182.909 759.928
6183.962 746.704
6185.015 707.792
6186.068 748.457
6187.121 685.607
6188.174 700.547
6189.227 778.067
6190.280 806.817
6191.333 741.589
6192.386 763.794
6193.439 751.262
6194.492 746.232
6195.545 776.867
6196.598 727.305
6197.651 755.206
6198.704 717.605
6199.757 687.951
6200.810 750.379
6201.863 851.291
6202.916 1027.048
6203.969 977.313
6205.022 804.459
6206.075 759.864
6207.128 753.687
6208.181 721.844
6209.234 712.936
6210.287 673.194
6211.340 774.220
6212.393 885.298
6213.446 834.395
6214.499 772.552
6215.552 740.691
6216.605 705.643
6217.658 731.344
6218.711 728.065
6219.765 699.481
6220.818 906.257
6221.871 1113.956
6222.924 1051.941
6223.977 806.678
6225.030 719.816
6226.083 822.054
6227.136 822.066
6228.189 725.611
6229.242 772.010
6230.295 745.108
6231.348 708.330
6232.401 752.872
6233.454 985.489
6234.507 1395.681
6235.560 1827.218
6236.613 1750.770
6237.666 1267.680
6238.719 913.760
6239.772 885.060
6240.825 1022.056
6241.878 1059.637
6242.931 1046.323
6243.984 1057.513
6245.037 889.046
6246.090 700.204
6247.143 836.185
6248.196 865.148
6249.249 789.328
6250.302 790.569
6251.355 720.750
6252.408 716.787
6253.461 735.443
6254.514 747.004
6255.567 747.549
6256.620 1167.842
6257.673 1899.436
6258.726 1794.018
6259.779 1138.184
6260.832 690.763
6261.885 797.393
6262.938 780.808
6263.991 910.080
6265.044 1143.699
6266.097 1112.555
6267.150 911.064
6268.203 832.303
6269.256 831.734
6270.309 764.263
6271.362 744.890
6272.415 776.182
6273.468 720.475
6274.521 777.582
6275.574 923.927
6276.627 835.500
6277.680 779.836
6278.733 792.653
6279.786 764.029
6280.839 732.479
6281.892 730.699
6282.945 741.396
6283.998 739.340
6285.051 756.890
6286.104 1088.777
6287.157 1606.663
6288.210 1634.284
6289.263 1068.699
6290.316 738.679
6291.369 746.891
6292.422 714.553
6293.475 760.527
6294.528 790.211
6295.581 791.044
6296.634 1127.320
6297.687 1337.119
6298.740 11740.296
6299.793 46731.496
6300.846 51898.460
6301.899 26974.275
6302.953 873.590
6304.006 1925.628
6305.059 1389.408
6306.112 1677.052
6307.165 1952.481
6308.218 1510.709
6309.271 878.061
6310.324 746.544
6311.377 848.484
6312.430 731.040
6313.483 792.795
6314.536 1482.273
6315.589 2290.949
6316.642 2003.806
6317.695 908.675
6318.748 708.040
6319.801 800.351
6320.854 1040.236
6321.907 1100.218
6322.960 901.036
6324.013 769.058
6325.066 695.475
6326.119 744.995
6327.172 782.555
6328.225 892.645
6329.278 1472.445
6330.331 1687.903
6331.384 1163.962
6332.437 781.917
6333.490 745.907
6334.543 778.286
6335.596 690.983
6336.649 644.282
6337.702 671.968
6338.755 679.763
6339.808 722.939
6340.861 700.081
6341.914 748.494
6342.967 768.041
6344.020 733.184
6345.073 797.694
6346.126 709.878
6347.179 782.973
6348.232 890.379
6349.285 974.169
6350.338 849.619
6351.391 756.880
6352.444 737.612
6353.497 695.896
6354.550 798.444
6355.603 1152.074
6356.656 1338.037
6357.709 1029.031
6358.762 774.230
6359.815 748.548
6360.868 759.264
6361.921 2583.085
6362.974 12130.565
6364.027 19075.933
6365.080 11188.249
6366.133 2093.702
6367.186 828.476
6368.239 899.281
6369.292 711.799
6370.345 666.775
6371.398 664.399
6372.451 715.508
6373.504 722.783
6374.557 677.894
6375.610 671.567
6376.663 674.400
6377.716 755.019
6378.769 797.127
6379.822 780.136
6380.875 741.287
6381.928 746.101
6382.981 703.622
6384.034 673.040
6385.088 809.812
6386.141 1038.660
6387.194 930.895
6388.247 690.101
6389.300 649.797
6390.353 659.121
6391.406 646.700
6392.459 599.010
6393.512 629.590
6394.565 708.827
6395.618 699.939
6396.671 657.791
6397.724 630.816
6398.777 723.421
6399.830 620.687
6400.883 606.970
6401.936 639.258
6402.989 699.489
6404.042 623.345
6405.095 664.514
6406.148 650.277
6407.201 627.549
6408.254 619.651
6409.307 651.579
6410.360 630.361
6411.413 667.887
6412.466 711.562
6413.519 700.882
6414.572 703.820
6415.625 626.697
6416.678 689.283
6417.731 651.849
6418.784 679.202
6419.837 767.471
6420.890 793.508
6421.943 692.819
6422.996 635.367
6424.049 586.698
6425.102 579.080
6426.155 629.657
6427.208 654.157
6428.261 675.174
6429.314 636.157
6430.367 610.394
6431.420 625.314
6432.473 606.028
6433.526 648.250
6434.579 636.767
6435.632 599.642
6436.685 644.368
6437.738 700.664
6438.791 703.590
6439.844 633.506
6440.897 587.332
6441.950 637.129
6443.003 671.295
6444.056 691.346
6445.109 698.526
6446.162 626.693
6447.215 625.865
6448.268 675.573
6449.321 662.194
6450.374 644.011
6451.427 717.267
6452.480 691.026
6453.533 789.512
6454.586 877.054
6455.639 839.153
6456.692 788.157
6457.745 736.928
6458.798 725.068
6459.851 640.920
6460.904 598.378
6461.957 727.886
6463.010 863.284
6464.063 890.546
6465.116 1129.658
6466.169 1156.099
6467.222 1023.411
6468.276 749.223
6469.329 781.925
6470.382 1142.878
6471.435 1211.927
6472.488 891.568
6473.541 680.327
6474.594 704.483
6475.647 680.717
6476.700 726.348
6477.753 789.587
6478.806 740.760
6479.859 644.595
6480.912 619.113
6481.965 620.649
6483.018 657.575
6484.071 624.440
6485.124 615.060
6486.177 635.323
6487.230 557.428
6488.283 665.035
6489.336 645.159
6490.389 616.405
6491.442 639.658
6492.495 606.815
6493.548 608.634
6494.601 654.778
6495.654 621.598
6496.707 745.326
6497.760 1322.106
6498.813 1912.605
6499.866 1458.767
6500.919 736.699
6501.972 665.054
6503.025 709.931
6504.078 915.071
6505.131 977.940
6506.184 937.503
6507.237 664.948
6508.290 653.713
6509.343 648.978
6510.396 664.913
6511.449 655.943
6512.502 697.428
6513.555 746.401
6514.608 748.504
6515.661 697.925
6516.714 595.441
6517.767 631.222
6518.820 647.420
6519.873 597.892
6520.926 717.161
6521.979 902.294
6523.032 962.205
6524.085 728.818
6525.138 641.578
6526.191 682.792
6527.244 670.577
6528.297 673.340
6529.350 679.224
6530.403 673.048
6531.456 868.707
6532.509 1428.015
6533.562 1658.015
6534.615 1136.644
6535.668 663.506
6536.721 666.802
6537.774 736.698
6538.827 623.768
6539.880 667.144
6540.933 702.562
6541.986 754.522
6543.039 803.213
6544.092 998.199
6545.145 952.985
6546.198 761.668
6547.251 733.890
6548.304 744.297
6549.357 776.328
6550.411 951.461
6551.464 1335.675
6552.517 1941.741
6553.570 2028.094
6554.623 1640.855
6555.676 891.293
6556.729 711.655
6557.782 722.779
6558.835 769.324
6559.888 735.468
6560.941 924.814
6561.994 598.343
6563.047 3439.532
6564.100 -879.235
6565.153 84504.624
6566.206 209405.188
6567.259 201046.016
6568.312 74573.933
6569.365 -3441.452
6570.418 2940.896
6571.471 353.685
6572.524 986.932
6573.577 741.938
6574.630 794.926
6575.683 937.683
6576.736 1399.506
6577.789 1466.088
6578.842 1126.820
6579.895 748.036
6580.948 725.863
6582.001 732.079
6583.054 728.128
6584.107 801.983
6585.160 771.132
6586.213 1829.758
6587.266 2742.551
6588.319 2218.994
6589.372 870.314
6590.425 669.112
6591.478 734.140
6592.531 696.026
6593.584 651.601
6594.637 632.020
6595.690 754.647
6596.743 863.550
6597.796 786.102
6598.849 664.641
6599.902 684.200
6600.955 676.138
6602.008 629.893
6603.061 837.656
6604.114 1123.257
6605.167 915.042
6606.220 625.016
6607.273 643.289
6608.326 631.866
6609.379 594.531
6610.432 639.065
6611.485 652.578
6612.538 627.998
6613.591 603.180
6614.644 641.277
6615.697 590.065
6616.750 569.901
6617.803 615.977
6618.856 626.153
6619.909 620.628
6620.962 598.195
6622.015 587.415
6623.068 576.290
6624.121 602.616
6625.174 579.630
6626.227 597.554
6627.280 672.553
6628.333 699.691
6629.386 638.464
6630.439 557.536
6631.492 588.082
6632.545 596.137
6633.599 678.798
6634.652 745.202
6635.705 701.442
6636.758 599.197
6637.811 554.950
6638.864 614.380
6639.917 612.822
6640.970 551.343
6642.023 539.921
6643.076 615.537
6644.129 518.667
6645.182 515.810
6646.235 604.638
6647.288 584.504
6648.341 555.784
6649.394 597.012
6650.447 600.629
6651.500 543.946
6652.553 565.300
6653.606 580.491
6654.659 549.446
6655.712 570.882
6656.765 569.604
6657.818 572.497
6658.871 556.414
6659.924 523.636
6660.977 572.178
6662.030 582.906
6663.083 562.386
6664.136 582.833
6665.189 556.932
6666.242 623.375
6667.295 675.061
6668.348 589.799
6669.401 577.714
6670.454 595.170
6671.507 533.263
6672.560 551.184
6673.613 586.193
6674.666 563.158
6675.719 559.704
6676.772 571.277
6677.825 559.665
6678.878 552.642
6679.931 728.284
6680.984 1952.602
6682.037 2877.202
6683.090 2286.600
6684.143 668.440
6685.196 534.325
6686.249 566.939
6687.302 586.640
6688.355 510.339
6689.408 557.297
6690.461 539.168
6691.514 542.626
6692.567 484.990
6693.620 506.496
6694.673 506.272
6695.726 559.152
6696.779 529.228
6697.832 526.018
6698.885 594.088
6699.938 581.597
6700.991 567.811
6702.044 546.861
6703.097 597.938
6704.150 587.309
6705.203 575.544
6706.256 587.962
6707.309 515.142
6708.362 562.645
6709.415 567.471
6710.468 548.938
6711.521 520.461
6712.574 585.503
6713.627 513.532
6714.680 562.254
6715.734 554.487
6716.787 590.024
6717.840 482.740
6718.893 1882.969
6719.946 4199.850
6720.999 4621.627
6722.052 1885.116
6723.105 469.548
6724.158 538.541
6725.211 456.716
6726.264 518.666
6727.317 522.947
6728.370 512.070
6729.423 543.500
6730.476 506.436
6731.529 484.231
6732.582 664.128
6733.635 1930.380
6734.688 3651.145
6735.741 2904.460
6736.794 858.092
6737.847 546.439
6738.900 600.375
6739.953 549.505
6741.006 592.352
6742.059 546.766
6743.112 566.296
6744.165 581.539
6745.218 549.109
6746.271 540.819
6747.324 573.440
6748.377 446.178
6749.430 467.185
6750.483 511.596
6751.536 508.187
6752.589 529.065
6753.642 544.943
6754.695 529.906
6755.748 493.094
6756.801 488.099
6757.854 478.449
6758.907 525.856
6759.960 533.352
6761.013 456.947
6762.066 560.863
6763.119 542.017
6764.172 475.466
6765.225 517.182
6766.278 518.406
6767.331 491.379
6768.384 526.304
6769.437 464.058
6770.490 481.834
6771.543 485.130
6772.596 499.130
6773.649 491.640
6774.702 474.860
6775.755 487.628
6776.808 568.758
6777.861 570.386
6778.914 512.154
6779.967 490.721
6781.020 485.493
6782.073 492.144
6783.126 469.429
6784.179 489.956
6785.232 524.083
6786.285 500.220
6787.338 533.796
6788.391 527.038
6789.444 571.952
6790.497 508.821
6791.550 501.897
6792.603 484.453
6793.656 494.380
6794.709 475.667
6795.762 512.603
6796.815 524.316
6797.868 508.790
6798.922 497.179
6799.975 519.820
6801.028 502.274
6802.081 495.666
6803.134 480.312
6804.187 461.077
6805.240 476.073
6806.293 454.251
6807.346 458.741
6808.399 527.301
6809.452 517.244
6810.505 516.356
6811.558 496.936
6812.611 489.365
6813.664 455.235
6814.717 515.100
6815.770 509.881
6816.823 445.553
6817.876 505.248
6818.929 442.969
6819.982 502.679
6821.035 538.380
6822.088 480.689
6823.141 480.849
6824.194 560.996
6825.247 518.229
6826.300 734.091
6827.353 1033.291
6828.406 1618.464
6829.459 1892.580
6830.512 1367.634
6831.565 803.487
6832.618 832.893
6833.671 1545.804
6834.724 1907.033
6835.777 1254.377
6836.830 425.679
6837.883 473.833
6838.936 559.038
6839.989 545.490
6841.042 774.667
6842.095 788.085
6843.148 691.750
6844.201 554.521
6845.254 544.362
6846.307 506.760
6847.360 447.801
6848.413 463.759
6849.466 464.222
6850.519 555.766
6851.572 537.782
6852.625 500.344
6853.678 470.537
6854.731 478.485
6855.784 533.153
6856.837 475.437
6857.890 518.582
6858.943 443.447
6859.996 498.195
6861.049 524.259
6862.102 882.038
6863.155 2594.171
6864.208 3152.318
6865.261 2118.366
6866.314 574.463
6867.367 337.598
6868.420 305.982
6869.473 342.156
6870.526 520.631
6871.579 558.310
6872.632 452.764
6873.685 354.394
6874.738 361.028
6875.791 362.295
6876.844 400.660
6877.897 447.558
6878.950 403.409
6880.003 541.563
6881.056 724.633
6882.110 713.745
6883.163 515.988
6884.216 407.998
6885.269 374.561
6886.322 446.116
6887.375 476.579
6888.428 742.955
6889.481 885.070
6890.534 775.418
6891.587 470.801
6892.640 404.729
6893.693 460.101
6894.746 495.672
6895.799 446.312
6896.852 396.658
6897.905 423.265
6898.958 508.545
6900.011 742.951
6901.064 880.690
6902.117 716.914
6903.170 543.238
6904.223 421.710
6905.276 416.444
6906.329 486.993
6907.382 473.013
6908.435 437.719
6909.488 393.691
6910.541 499.398
6911.594 908.721
6912.647 1216.083
6913.700 1065.732
6914.753 580.023
6915.806 442.819
6916.859 502.470
6917.912 486.600
6918.965 402.357
6920.018 383.148
6921.071 491.778
6922.124 1109.759
6923.177 1946.235
6924.230 1624.816
6925.283 677.624
6926.336 526.924
6927.389 504.727
6928.442 463.030
6929.495 460.641
6930.548 453.574
6931.601 466.041
6932.654 449.807
6933.707 471.958
6934.760 460.967
6935.813 447.624
6936.866 468.681
6937.919 628.256
6938.972 1041.380
6940.025 1238.126
6941.078 822.785
6942.131 456.482
6943.184 459.250
6944.237 445.806
6945.290 472.916
6946.343 414.856
6947.396 738.222
6948.449 1905.740
6949.502 2165.307
6950.555 1334.332
6951.608 545.004
6952.661 491.897
6953.714 502.677
6954.767 490.539
6955.820 503.251
6956.873 530.206
6957.926 467.957
6958.979 475.619
6960.032 485.586
6961.085 469.566
6962.138 548.080
6963.191 531.840
6964.245 494.761
6965.298 494.377
6966.351 495.798
6967.404 468.610
6968.457 544.797
6969.510 917.259
6970.563 887.208
6971.616 606.215
6972.669 474.197
6973.722 469.761
6974.775 470.034
6975.828 462.721
6976.881 721.070
6977.934 1252.372
6978.987 1436.125
6980.040 872.156
6981.093 462.545
6982.146 431.017
6983.199 469.014
6984.252 471.074
6985.305 450.352
6986.358 484.141
6987.411 478.899
6988.464 453.480
6989.517 439.352
6990.570 451.961
6991.623 467.329
6992.676 483.717
6993.729 453.680
6994.782 488.316
6995.835 480.230
6996.888 486.787
6997.941 482.407
6998.994 519.138
7000.047 451.321
7001.100 593.278
7002.153 757.007
7003.206 769.475
7004.259 729.429
7005.312 592.346
7006.365 450.439
7007.418 448.214
7008.471 457.617
7009.524 473.124
7010.577 695.292
7011.630 915.959
7012.683 736.032
7013.736 477.267
7014.789 444.018
7015.842 441.799
7016.895 467.850
7017.948 438.712
7019.001 447.239
7020.054 444.280
7021.107 442.553
7022.160 445.099
7023.213 404.795
7024.266 412.923
7025.319 445.393
7026.372 449.015
7027.425 437.057
7028.478 369.472
7029.531 486.134
7030.584 505.417
7031.637 378.575
7032.690 396.199
7033.743 429.228
7034.796 443.877
7035.849 437.504
7036.902 425.473
7037.955 406.900
7039.008 425.578
7040.061 498.323
7041.114 509.594
7042.167 556.327
7043.220 500.080
7044.273 459.796
7045.326 464.316
7046.379 481.407
7047.433 679.488
7048.486 719.219
7049.539 708.570
7050.592 551.268
7051.645 544.667
7052.698 521.526
7053.751 506.766
7054.804 455.615
7055.857 411.738
7056.910 434.204
7057.963 436.626
7059.016 448.810
7060.069 459.862
7061.122 451.355
7062.175 443.382
7063.228 448.262
7064.281 488.368
7065.334 528.269
7066.387 521.712
7067.440 743.750
7068.493 1509.524
7069.546 1923.603
7070.599 1487.850
7071.652 597.729
7072.705 476.524
7073.758 470.389
7074.811 474.968
7075.864 424.775
7076.917 500.593
7077.970 504.006
7079.023 436.994
7080.076 399.578
7081.129 435.480
7082.182 539.303
7083.235 511.261
7084.288 431.390
7085.341 446.205
7086.394 449.538
7087.447 535.609
7088.500 538.213
7089.553 450.157
7090.606 492.441
7091.659 449.574
7092.712 442.292
7093.765 391.054
7094.818 424.290
7095.871 440.101
7096.924 476.247
7097.977 435.229
7099.030 385.352
7100.083 404.717
7101.136 461.943
7102.189 515.925
7103.242 458.010
7104.295 414.135
7105.348 461.071
7106.401 441.077
7107.454 417.061
7108.507 368.031
7109.560 466.125
7110.613 448.645
7111.666 441.747
7112.719 420.163
7113.772 421.794
7114.825 413.701
7115.878 411.116
7116.931 434.806
7117.984 441.668
7119.037 425.141
7120.090 416.675
7121.143 416.311
7122.196 417.632
7123.249 409.379
7124.302 434.367
7125.355 466.755
7126.408 501.316
7127.461 492.739
7128.514 473.486
7129.568 457.487
7130.621 416.766
7131.674 448.561
7132.727 468.560
7133.780 491.497
7134.833 500.989
7135.886 478.709
7136.939 308.472
7137.992 1297.357
7139.045 4146.104
7140.098 5737.131
7141.151 3763.065
7142.204 908.954
7143.257 574.830
7144.310 545.475
7145.363 555.940
7146.416 486.185
7147.469 537.521
7148.522 547.875
7149.575 472.949
7150.628 482.546
7151.681 459.730
7152.734 446.088
7153.787 472.494
7154.840 429.264
7155.893 461.875
7156.946 508.384
7157.999 457.497
7159.052 493.754
7160.105 444.242
7161.158 475.586
7162.211 519.507
7163.264 451.460
7164.317 425.361
7165.370 479.024
7166.423 513.811
7167.476 461.003
7168.529 426.552
7169.582 416.296
7170.635 417.665
7171.688 417.674
7172.741 398.723
7173.794 426.695
7174.847 502.958
7175.900 507.807
7176.953 438.022
7178.006 463.813
7179.059 436.120
7180.112 423.560
7181.165 487.250
7182.218 468.746
7183.271 408.373
7184.324 399.160
7185.377 346.500
7186.430 364.242
7187.483 381.728
7188.536 419.419
7189.589 404.619
7190.642 383.000
7191.695 375.679
7192.748 316.194
7193.801 408.393
7194.854 422.895
7195.907 421.844
7196.960 367.870
7198.013 392.177
7199.066 458.893
7200.119 380.989
7201.172 352.087
7202.225 400.839
7203.278 412.907
7204.331 392.095
7205.384 374.722
7206.437 387.403
7207.490 413.749
7208.543 411.840
7209.596 411.014
7210.649 437.414
7211.702 366.747
7212.756 420.495
7213.809 374.836
7214.862 408.811
7215.915 410.633
7216.968 444.922
7218.021 386.375
7219.074 388.641
7220.127 443.529
7221.180 407.682
7222.233 408.634
7223.286 441.074
7224.339 449.883
7225.392 431.075
7226.445 404.972
7227.498 419.362
7228.551 427.248
7229.604 461.270
7230.657 414.333
7231.710 374.956
7232.763 402.888
7233.816 377.064
7234.869 431.098
7235.922 449.801
7236.975 556.139
7238.028 1132.232
7239.081 2258.720
7240.134 2994.833
7241.187 2668.217
7242.240 1672.119
7243.293 1368.525
7244.346 2456.109
7245.399 3009.157
7246.452 2155.411
7247.505 1028.334
7248.558 570.265
7249.611 454.371
7250.664 424.339
7251.717 671.088
7252.770 913.556
7253.823 1005.324
7254.876 852.007
7255.929 664.733
7256.982 579.680
7258.035 472.673
7259.088 414.440
7260.141 454.789
7261.194 456.266
7262.247 404.780
7263.300 427.299
7264.353 429.301
7265.406 408.543
7266.459 464.276
7267.512 563.489
7268.565 540.770
7269.618 539.705
7270.671 509.185
7271.724 411.682
7272.777 449.802
7273.830 639.277
7274.883 2062.603
7275.936 4422.145
7276.989 4642.561
7278.042 2462.635
7279.095 761.447
7280.148 485.535
7281.201 484.672
7282.254 607.482
7283.307 1277.321
7284.360 2172.222
7285.413 2194.241
7286.466 1245.140
7287.519 569.536
7288.572 437.870
7289.625 421.970
7290.678 446.667
7291.731 498.683
7292.784 475.524
7293.837 488.709
7294.891 705.251
7295.944 915.264
7296.997 823.242
7298.050 553.746
7299.103 470.617
7300.156 401.507
7301.209 428.344
7302.262 807.218
7303.315 1303.391
7304.368 1325.600
7305.421 875.968
7306.474 531.188
7307.527 448.185
7308.580 448.959
7309.633 470.448
7310.686 496.147
7311.739 553.506
7312.792 432.670
7313.845 495.244
7314.898 1719.048
7315.951 3490.219
7317.004 3584.013
7318.057 1787.607
7319.110 622.744
7320.163 448.140
7321.216 413.513
7322.269 517.069
7323.322 792.382
7324.375 901.548
7325.428 721.727
7326.481 560.303
7327.534 782.976
7328.587 1581.982
7329.640 1686.609
7330.693 1254.051
7331.746 731.099
7332.799 602.508
7333.852 710.352
7334.905 849.063
7335.958 683.120
7337.011 486.084
7338.064 338.015
7339.117 1175.065
7340.170 3218.278
7341.223 4206.245
7342.276 2964.207
7343.329 1022.037
7344.382 545.701
7345.435 479.965
7346.488 483.303
7347.541 467.994
7348.594 442.582
7349.647 485.506
7350.700 534.418
7351.753 517.672
7352.806 435.109
7353.859 425.902
7354.912 471.354
7355.965 456.371
7357.018 720.194
7358.071 1378.674
7359.124 1600.427
7360.177 1082.176
7361.230 581.359
7362.283 415.038
7363.336 426.627
7364.389 421.410
7365.442 476.786
7366.495 406.042
7367.548 945.371
7368.601 2448.149
7369.654 3333.941
7370.707 2354.583
7371.760 932.569
7372.813 538.028
7373.866 459.882
7374.919 460.986
7375.972 376.393
7377.025 399.094
7378.079 451.371
7379.132 455.623
7380.185 417.966
7381.238 380.742
7382.291 420.112
7383.344 382.617
7384.397 386.503
7385.450 410.022
7386.503 383.162
7387.556 394.032
7388.609 400.752
7389.662 496.842
7390.715 698.357
7391.768 1131.354
7392.821 1164.096
7393.874 788.667
7394.927 502.935
7395.980 386.889
7397.033 383.232
7398.086 414.166
7399.139 376.980
7400.192 868.390
7401.245 1751.814
7402.298 2033.104
7403.351 1469.962
7404.404 667.709
7405.457 400.304
7406.510 352.779
7407.563 424.569
7408.616 392.410
7409.669 355.685
7410.722 350.432
7411.775 392.413
7412.828 471.920
7413.881 453.138
7414.934 424.419
7415.987 450.439
7417.040 422.898
7418.093 365.762
7419.146 377.975
7420.199 419.265
7421.252 385.698
7422.305 394.066
7423.358 417.139
7424.411 370.975
7425.464 376.815
7426.517 385.041
7427.570 395.705
7428.623 613.033
7429.676 777.976
7430.729 707.556
7431.782 558.255
7432.835 388.849
7433.888 345.354
7434.941 394.359
7435.994 405.240
7437.047 698.286
7438.100 1045.299
7439.153 1213.081
7440.206 814.546
7441.259 473.557
7442.312 409.291
7443.365 400.446
7444.418 398.661
7445.471 376.545
7446.524 340.277
7447.577 384.413
7448.630 393.217
7449.683 375.113
7450.736 325.241
7451.789 385.091
7452.842 404.409
7453.895 358.452
7454.948 355.242
7456.001 351.081
7457.054 346.511
7458.107 390.199
7459.160 399.966
7460.214 377.346
7461.267 424.947
7462.320 507.934
7463.373 528.897
7464.426 485.357
7465.479 528.156
7466.532 643.802
7467.585 677.203
7468.638 577.290
7469.691 485.095
7470.744 549.427
7471.797 683.753
7472.850 873.074
7473.903 959.450
7474.956 1002.313
7476.009 768.754
7477.062 497.922
7478.115 524.756
7479.168 659.742
7480.221 659.789
7481.274 659.833
7482.327 659.872
7483.380 659.904
7484.433 659.935
7485.486 659.962
