3561.035 1655.731
3562.213 2263.450
3563.392 2016.242
3564.571 1981.135
3565.750 1443.568
3566.929 1864.506
3568.108 2002.319
3569.286 1153.248
3570.465 1653.200
3571.644 1302.184
3572.823 1663.709
3574.002 1671.421
3575.180 1499.337
3576.359 1748.669
3577.538 1526.671
3578.717 2060.192
3579.896 1741.289
3581.075 1405.469
3582.253 1751.118
3583.432 1490.977
3584.611 1996.397
3585.790 1618.779
3586.969 1870.459
3588.147 1569.129
3589.326 1792.644
3590.505 1922.129
3591.684 1857.495
3592.863 1759.914
3594.042 1319.674
3595.220 1844.973
3596.399 1821.129
3597.578 1883.026
3598.757 1487.697
3599.936 1592.092
3601.114 1881.982
3602.293 2012.080
3603.472 1510.398
3604.651 1439.081
3605.830 1885.052
3607.009 1647.150
3608.187 1936.526
3609.366 1571.034
3610.545 2022.978
3611.724 2008.442
3612.903 1432.686
3614.081 1623.871
3615.260 1957.699
3616.439 2204.509
3617.618 2295.610
3618.797 2108.675
3619.976 2028.211
3621.154 2277.323
3622.333 1668.099
3623.512 2071.485
3624.691 1562.998
3625.870 1868.146
3627.048 2254.589
3628.227 2002.230
3629.406 1993.917
3630.585 2029.649
3631.764 1968.478
3632.943 2188.961
3634.121 2288.205
3635.300 2325.950
3636.479 2411.213
3637.658 2508.084
3638.837 2662.397
3640.015 2127.172
3641.194 2223.522
3642.373 2638.907
3643.552 2023.965
3644.731 1784.659
3645.910 2135.301
3647.088 2144.133
3648.267 1814.073
3649.446 2061.081
3650.625 1718.718
3651.804 1566.238
3652.982 1797.102
3654.161 1760.074
3655.340 1964.824
3656.519 1981.300
3657.698 1597.920
3658.877 1844.118
3660.055 1617.373
3661.234 1661.949
3662.413 2099.737
3663.592 1702.939
3664.771 1655.786
3665.949 1881.803
3667.128 2050.574
3668.307 1629.179
3669.486 2276.558
3670.665 1731.984
3671.844 1920.894
3673.022 1759.623
3674.201 1829.053
3675.380 1797.029
3676.559 1690.870
3677.738 1512.591
3678.916 1545.549
3680.095 1454.546
3681.274 1468.348
3682.453 1818.923
3683.632 1576.523
3684.811 1629.984
3685.989 1589.061
3687.168 1242.775
3688.347 1283.111
3689.526 1760.016
3690.705 1793.087
3691.883 1321.457
3693.062 1898.322
3694.241 1998.214
3695.420 1451.326
3696.599 1372.605
3697.777 1564.620
3698.956 2146.825
3700.135 2356.278
3701.314 1557.399
3702.493 1472.361
3703.672 1700.245
3704.850 1943.015
3706.029 2668.109
3707.208 2463.217
3708.387 1747.284
3709.566 1656.701
3710.744 1409.354
3711.923 1492.707
3713.102 1933.720
3714.281 2461.318
3715.460 1909.443
3716.639 1565.790
3717.817 827.582
3718.996 1349.708
3720.175 1113.316
3721.354 1276.328
3722.533 1800.204
3723.711 2658.701
3724.890 3098.891
3726.069 3939.937
3727.248 9666.108
3728.427 15538.297
3729.606 18335.808
3730.784 20330.237
3731.963 17059.490
3733.142 7250.233
3734.321 2426.361
3735.500 2367.800
3736.678 3045.883
3737.857 2636.973
3739.036 1990.758
3740.215 1399.414
3741.394 1760.605
3742.573 1573.394
3743.751 1653.355
3744.930 1320.643
3746.109 1519.697
3747.288 1594.274
3748.467 1384.373
3749.645 1059.036
3750.824 1870.015
3752.003 2964.525
3753.182 2893.474
3754.361 1952.468
3755.540 1391.075
3756.718 1279.752
3757.897 1265.066
3759.076 1369.980
3760.255 1339.615
3761.434 1396.451
3762.612 1344.342
3763.791 1356.898
3764.970 1479.893
3766.149 1551.316
3767.328 1133.636
3768.507 1060.651
3769.685 1373.574
3770.864 1306.991
3772.043 2756.986
3773.222 3528.925
3774.401 2869.122
3775.579 1268.059
3776.758 1208.178
3777.937 1438.384
3779.116 1364.584
3780.295 1197.733
3781.474 1367.480
3782.652 1277.409
3783.831 1536.901
3785.010 1322.648
3786.189 1321.402
3787.368 1411.666
3788.546 1407.039
3789.725 1186.617
3790.904 1096.850
3792.083 1414.498
3793.262 1415.256
3794.441 1261.994
3795.619 1114.919
3796.798 1210.243
3797.977 1391.267
3799.156 3001.035
3800.335 4150.088
3801.513 3165.357
3802.692 1566.632
3803.871 1143.318
3805.050 1082.687
3806.229 1169.338
3807.408 1338.489
3808.586 1388.559
3809.765 1270.561
3810.944 1176.966
3812.123 1217.234
3813.302 1437.750
3814.480 1629.645
3815.659 1478.739
3816.838 1404.842
3818.017 1281.224
3819.196 1387.462
3820.375 1381.686
3821.553 1715.691
3822.732 1798.514
3823.911 1471.503
3825.090 1109.992
3826.269 1234.904
3827.447 1340.482
3828.626 1438.347
3829.805 1423.136
3830.984 1452.207
3832.163 1428.716
3833.342 1273.920
3834.520 1397.462
3835.699 1772.184
3836.878 4143.130
3838.057 5639.133
3839.236 3739.611
3840.414 1377.656
3841.593 1236.805
3842.772 1211.062
3843.951 1169.441
3845.130 1350.475
3846.309 1471.757
3847.487 1272.208
3848.666 1296.680
3849.845 1268.733
3851.024 1451.383
3852.203 1314.416
3853.381 1144.081
3854.560 1151.832
3855.739 1420.929
3856.918 1228.476
3858.097 1178.871
3859.275 1028.660
3860.454 1083.090
3861.633 1200.167
3862.812 1273.971
3863.991 1242.207
3865.170 1161.436
3866.348 1195.010
3867.527 1433.581
3868.706 2837.927
3869.885 14451.841
3871.064 29249.834
3872.242 23435.003
3873.421 5919.249
3874.600 1089.888
3875.779 1247.649
3876.958 1180.677
3878.137 1049.854
3879.315 1069.371
3880.494 1064.656
3881.673 1075.310
3882.852 1128.713
3884.031 952.431
3885.209 1161.279
3886.388 1066.422
3887.567 1079.460
3888.746 1408.629
3889.925 5806.773
3891.104 11547.505
3892.282 9386.943
3893.461 3463.828
3894.640 997.949
3895.819 1039.899
3896.998 1013.904
3898.176 979.458
3899.355 995.591
3900.534 1072.408
3901.713 1114.354
3902.892 1236.545
3904.071 1131.451
3905.249 1157.323
3906.428 1189.596
3907.607 1167.995
3908.786 1447.313
3909.965 1121.959
3911.143 1296.244
3912.322 1242.533
3913.501 1208.016
3914.680 1170.734
3915.859 1172.929
3917.038 1192.204
3918.216 1135.941
3919.395 1055.740
3920.574 1020.328
3921.753 936.342
3922.932 1041.612
3924.110 1106.901
3925.289 943.633
3926.468 983.876
3927.647 949.598
3928.826 1131.540
3930.005 1073.480
3931.183 895.594
3932.362 956.100
3933.541 811.338
3934.720 797.710
3935.899 715.425
3937.077 816.250
3938.256 955.362
3939.435 1050.313
3940.614 1107.373
3941.793 1095.224
3942.972 1092.793
3944.150 1087.225
3945.329 975.841
3946.508 1127.504
3947.687 1335.703
3948.866 1267.622
3950.044 938.455
3951.223 1073.923
3952.402 985.809
3953.581 1005.473
3954.760 1127.323
3955.939 906.523
3957.117 917.945
3958.296 868.420
3959.475 855.394
3960.654 903.243
3961.833 833.436
3963.011 840.872
3964.190 881.877
3965.369 953.798
3966.548 1290.781
3967.727 1757.515
3968.906 5195.018
3970.084 7760.813
3971.263 8768.146
3972.442 8512.513
3973.621 6763.153
3974.800 2106.253
3975.978 898.185
3977.157 799.571
3978.336 872.286
3979.515 958.707
3980.694 1025.891
3981.873 932.832
3983.051 1004.395
3984.230 1036.797
3985.409 992.729
3986.588 919.291
3987.767 869.048
3988.945 938.364
3990.124 853.601
3991.303 843.885
3992.482 971.790
3993.661 1024.011
3994.840 914.756
3996.018 999.776
3997.197 874.392
3998.376 926.833
3999.555 990.829
4000.734 893.907
4001.912 778.949
4003.091 981.514
4004.270 918.866
4005.449 830.849
4006.628 969.919
4007.807 924.415
4008.985 975.810
4010.164 1096.001
4011.343 1063.169
4012.522 1099.356
4013.701 994.862
4014.879 913.286
4016.058 938.731
4017.237 930.649
4018.416 784.430
4019.595 1058.710
4020.773 975.643
4021.952 875.881
4023.131 976.305
4024.310 867.141
4025.489 918.865
4026.668 992.735
4027.846 1489.092
4029.025 1651.344
4030.204 1338.705
4031.383 981.476
4032.562 999.837
4033.740 931.192
4034.919 784.769
4036.098 944.247
4037.277 1008.735
4038.456 979.933
4039.635 876.342
4040.813 992.749
4041.992 966.999
4043.171 931.109
4044.350 922.159
4045.529 945.646
4046.707 895.121
4047.886 876.893
4049.065 888.798
4050.244 951.722
4051.423 921.496
4052.602 799.113
4053.780 907.803
4054.959 915.450
4056.138 906.193
4057.317 827.583
4058.496 829.794
4059.674 896.870
4060.853 904.236
4062.032 971.699
4063.211 915.241
4064.390 863.758
4065.569 875.806
4066.747 946.562
4067.926 867.045
4069.105 947.710
4070.284 974.893
4071.463 948.253
4072.641 976.832
4073.820 872.473
4074.999 830.114
4076.178 866.799
4077.357 929.494
4078.536 838.767
4079.714 861.785
4080.893 788.139
4082.072 851.469
4083.251 733.396
4084.430 845.655
4085.608 827.343
4086.787 798.894
4087.966 831.796
4089.145 809.937
4090.324 789.286
4091.503 731.120
4092.681 806.593
4093.860 762.995
4095.039 788.477
4096.218 752.595
4097.397 712.988
4098.575 776.614
4099.754 724.539
4100.933 859.660
4102.112 1938.710
4103.291 7525.588
4104.470 10507.793
4105.648 7316.786
4106.827 1519.752
4108.006 680.839
4109.185 724.261
4110.364 787.777
4111.542 779.250
4112.721 754.138
4113.900 765.163
4115.079 741.350
4116.258 713.740
4117.437 676.230
4118.615 761.791
4119.794 844.469
4120.973 738.682
4122.152 759.549
4123.331 775.241
4124.509 775.461
4125.688 786.686
4126.867 728.767
4128.046 793.724
4129.225 745.743
4130.404 732.031
4131.582 728.530
4132.761 741.159
4133.940 754.876
4135.119 743.276
4136.298 802.849
4137.476 708.491
4138.655 746.375
4139.834 837.177
4141.013 714.029
4142.192 730.602
4143.371 684.122
4144.549 685.234
4145.728 847.063
4146.907 764.720
4148.086 770.673
4149.265 656.847
4150.443 720.521
4151.622 684.608
4152.801 692.019
4153.980 711.587
4155.159 710.185
4156.338 744.163
4157.516 795.766
4158.695 777.113
4159.874 747.444
4161.053 742.140
4162.232 740.931
4163.410 764.105
4164.589 801.725
4165.768 848.074
4166.947 747.705
4168.126 791.372
4169.305 779.291
4170.483 750.633
4171.662 711.638
4172.841 716.623
4174.020 718.029
4175.199 737.852
4176.377 715.849
4177.556 683.853
4178.735 710.176
4179.914 771.487
4181.093 636.541
4182.271 670.280
4183.450 652.871
4184.629 679.910
4185.808 667.340
4186.987 670.012
4188.166 667.639
4189.344 666.539
4190.523 696.008
4191.702 743.550
4192.881 714.239
4194.060 684.255
4195.238 644.857
4196.417 714.029
4197.596 649.295
4198.775 645.812
4199.954 633.055
4201.133 632.603
4202.311 612.734
4203.490 656.839
4204.669 669.558
4205.848 669.326
4207.027 701.033
4208.205 684.073
4209.384 635.464
4210.563 611.727
4211.742 658.705
4212.921 689.846
4214.100 613.315
4215.278 567.589
4216.457 655.018
4217.636 621.034
4218.815 626.218
4219.994 602.866
4221.172 619.942
4222.351 628.575
4223.530 630.996
4224.709 627.053
4225.888 548.343
4227.067 569.951
4228.245 653.574
4229.424 526.839
4230.603 586.035
4231.782 569.263
4232.961 658.465
4234.139 578.757
4235.318 564.693
4236.497 624.495
4237.676 686.560
4238.855 736.381
4240.034 593.352
4241.212 627.661
4242.391 591.558
4243.570 644.861
4244.749 566.074
4245.928 587.708
4247.106 618.330
4248.285 620.650
4249.464 588.432
4250.643 619.544
4251.822 572.586
4253.001 621.046
4254.179 558.746
4255.358 557.891
4256.537 627.440
4257.716 597.790
4258.895 605.235
4260.073 551.031
4261.252 571.780
4262.431 623.053
4263.610 602.302
4264.789 613.630
4265.968 589.981
4267.146 626.390
4268.325 589.433
4269.504 563.949
4270.683 551.403
4271.862 547.721
4273.040 504.354
4274.219 525.392
4275.398 579.149
4276.577 599.837
4277.756 593.668
4278.935 590.553
4280.113 554.834
4281.292 550.596
4282.471 593.208
4283.650 616.063
4284.829 587.876
4286.007 542.833
4287.186 547.210
4288.365 574.554
4289.544 593.609
4290.723 544.769
4291.902 569.109
4293.080 556.483
4294.259 567.685
4295.438 516.692
4296.617 540.172
4297.796 589.031
4298.974 546.677
4300.153 542.248
4301.332 497.262
4302.511 506.293
4303.690 502.430
4304.869 526.987
4306.047 550.460
4307.226 460.298
4308.405 484.193
4309.584 527.559
4310.763 517.994
4311.941 538.877
4313.120 487.362
4314.299 569.311
4315.478 570.127
4316.657 538.898
4317.836 560.580
4319.014 620.613
4320.193 584.158
4321.372 544.127
4322.551 506.421
4323.730 536.191
4324.908 487.986
4326.087 486.138
4327.266 503.007
4328.445 541.498
4329.624 553.774
4330.803 540.142
4331.981 557.961
4333.160 540.575
4334.339 516.757
4335.518 471.861
4336.697 512.427
4337.875 507.335
4339.054 573.135
4340.233 774.651
4341.412 4348.364
4342.591 11991.262
4343.769 13432.281
4344.948 6682.721
4346.127 620.470
4347.306 624.510
4348.485 510.297
4349.664 523.317
4350.842 481.823
4352.021 508.533
4353.200 502.636
4354.379 489.778
4355.558 477.303
4356.736 475.767
4357.915 502.583
4359.094 511.398
4360.273 513.753
4361.452 514.467
4362.631 558.616
4363.809 905.044
4364.988 2340.732
4366.167 3250.449
4367.346 2211.970
4368.525 955.255
4369.703 588.324
4370.882 535.095
4372.061 541.268
4373.240 504.060
4374.419 484.273
4375.598 467.175
4376.776 462.594
4377.955 487.239
4379.134 479.213
4380.313 497.883
4381.492 486.038
4382.670 492.077
4383.849 488.106
4385.028 484.875
4386.207 465.972
4387.386 449.362
4388.565 474.377
4389.743 551.462
4390.922 583.759
4392.101 504.860
4393.280 490.677
4394.459 437.168
4395.637 507.516
4396.816 446.677
4397.995 452.939
4399.174 503.018
4400.353 506.206
4401.532 502.398
4402.710 478.112
4403.889 504.935
4405.068 480.345
4406.247 507.134
4407.426 492.891
4408.604 537.744
4409.783 547.722
4410.962 508.456
4412.141 542.472
4413.320 566.021
4414.499 522.523
4415.677 537.448
4416.856 503.293
4418.035 494.582
4419.214 506.392
4420.393 517.609
4421.571 514.774
4422.750 517.697
4423.929 470.181
4425.108 497.576
4426.287 513.085
4427.466 515.552
4428.644 489.207
4429.823 459.430
4431.002 475.381
4432.181 514.805
4433.360 447.424
4434.538 463.988
4435.717 431.397
4436.896 486.887
4438.075 483.405
4439.254 523.269
4440.433 518.640
4441.611 483.950
4442.790 476.227
4443.969 447.519
4445.148 487.669
4446.327 457.068
4447.505 465.325
4448.684 447.454
4449.863 460.245
4451.042 474.621
4452.221 470.360
4453.400 472.874
4454.578 488.572
4455.757 425.040
4456.936 455.606
4458.115 424.299
4459.294 417.552
4460.472 470.628
4461.651 450.542
4462.830 457.308
4464.009 467.799
4465.188 485.900
4466.367 406.616
4467.545 453.144
4468.724 432.792
4469.903 423.859
4471.082 401.769
4472.261 609.711
4473.439 1218.112
4474.618 1437.766
4475.797 1048.330
4476.976 538.142
4478.155 439.047
4479.334 394.412
4480.512 417.839
4481.691 425.389
4482.870 460.101
4484.049 460.328
4485.228 444.784
4486.406 439.025
4487.585 444.002
4488.764 393.549
4489.943 401.696
4491.122 456.644
4492.301 443.475
4493.479 447.566
4494.658 442.292
4495.837 418.631
4497.016 447.940
4498.195 476.115
4499.373 473.356
4500.552 464.802
4501.731 380.692
4502.910 406.872
4504.089 451.591
4505.267 399.614
4506.446 442.715
4507.625 468.132
4508.804 435.569
4509.983 435.377
4511.162 499.665
4512.340 410.824
4513.519 468.743
4514.698 419.033
4515.877 447.773
4517.056 423.893
4518.234 436.813
4519.413 441.127
4520.592 409.901
4521.771 464.908
4522.950 417.911
4524.129 415.081
4525.307 474.699
4526.486 453.959
4527.665 436.937
4528.844 433.837
4530.023 432.502
4531.201 481.065
4532.380 487.498
4533.559 467.877
4534.738 423.299
4535.917 429.942
4537.096 418.428
4538.274 442.349
4539.453 475.582
4540.632 482.936
4541.811 497.755
4542.990 444.639
4544.168 439.447
4545.347 445.632
4546.526 475.122
4547.705 457.940
4548.884 422.726
4550.063 481.121
4551.241 462.386
4552.420 445.107
4553.599 459.363
4554.778 451.259
4555.957 442.542
4557.135 455.199
4558.314 481.635
4559.493 458.142
4560.672 444.162
4561.851 431.252
4563.030 421.480
4564.208 478.482
4565.387 461.515
4566.566 437.811
4567.745 437.667
4568.924 437.808
4570.102 428.116
4571.281 410.751
4572.460 436.575
4573.639 437.474
4574.818 431.757
4575.997 470.800
4577.175 450.966
4578.354 423.112
4579.533 446.166
4580.712 436.938
4581.891 452.865
4583.069 454.846
4584.248 438.644
4585.427 439.518
4586.606 426.040
4587.785 447.387
4588.964 442.020
4590.142 423.334
4591.321 431.722
4592.500 402.739
4593.679 396.362
4594.858 427.171
4596.036 432.361
4597.215 417.924
4598.394 418.543
4599.573 428.667
4600.752 425.803
4601.931 412.334
4603.109 432.290
4604.288 420.202
4605.467 452.418
4606.646 403.930
4607.825 441.085
4609.003 403.364
4610.182 396.278
4611.361 411.412
4612.540 420.945
4613.719 445.789
4614.898 426.020
4616.076 470.894
4617.255 437.224
4618.434 427.155
4619.613 418.544
4620.792 425.421
4621.970 436.587
4623.149 444.931
4624.328 444.840
4625.507 406.353
4626.686 386.558
4627.865 448.740
4629.043 403.773
4630.222 415.727
4631.401 469.330
4632.580 438.617
4633.759 446.614
4634.937 452.727
4636.116 403.455
4637.295 435.677
4638.474 394.357
4639.653 432.517
4640.832 439.333
4642.010 436.828
4643.189 436.219
4644.368 415.028
4645.547 439.490
4646.726 392.672
4647.904 441.831
4649.083 418.490
4650.262 415.009
4651.441 433.315
4652.620 442.847
4653.799 464.184
4654.977 472.736
4656.156 444.893
4657.335 478.045
4658.514 483.253
4659.693 468.862
4660.871 468.412
4662.050 459.322
4663.229 442.487
4664.408 414.650
4665.587 443.291
4666.765 421.135
4667.944 391.948
4669.123 431.222
4670.302 449.735
4671.481 447.515
4672.660 431.392
4673.838 456.344
4675.017 473.893
4676.196 466.243
4677.375 496.736
4678.554 482.244
4679.732 479.691
4680.911 484.128
4682.090 483.759
4683.269 520.715
4684.448 492.128
4685.627 540.613
4686.805 607.779
4687.984 571.668
4689.163 585.061
4690.342 535.956
4691.521 526.191
4692.699 529.879
4693.878 487.551
4695.057 483.801
4696.236 482.926
4697.415 473.430
4698.594 461.522
4699.772 486.495
4700.951 437.329
4702.130 444.799
4703.309 392.925
4704.488 484.311
4705.666 430.774
4706.845 458.113
4708.024 439.554
4709.203 436.602
4710.382 437.806
4711.561 432.131
4712.739 678.979
4713.918 967.853
4715.097 968.247
4716.276 678.042
4717.455 535.773
4718.633 476.943
4719.812 429.796
4720.991 409.553
4722.170 451.986
4723.349 422.733
4724.528 420.841
4725.706 397.661
4726.885 402.898
4728.064 441.829
4729.243 399.245
4730.422 399.961
4731.600 411.811
4732.779 420.960
4733.958 414.590
4735.137 423.810
4736.316 404.738
4737.495 391.887
4738.673 438.266
4739.852 426.968
4741.031 447.482
4742.210 642.216
4743.389 806.966
4744.567 671.981
4745.746 473.896
4746.925 438.410
4748.104 405.852
4749.283 387.267
4750.462 368.106
4751.640 411.970
4752.819 422.679
4753.998 390.885
4755.177 398.737
4756.356 382.513
4757.534 399.799
4758.713 365.417
4759.892 374.213
4761.071 414.652
4762.250 411.098
4763.429 422.673
4764.607 387.411
4765.786 404.996
4766.965 401.018
4768.144 404.685
4769.323 384.258
4770.501 390.457
4771.680 408.872
4772.859 485.515
4774.038 444.363
4775.217 442.835
4776.396 404.551
4777.574 404.454
4778.753 432.256
4779.932 395.747
4781.111 400.076
4782.290 410.685
4783.468 410.388
4784.647 395.738
4785.826 405.437
4787.005 436.703
4788.184 394.142
4789.363 412.162
4790.541 423.127
4791.720 428.677
4792.899 421.773
4794.078 391.212
4795.257 385.617
4796.435 396.259
4797.614 416.955
4798.793 392.614
4799.972 391.461
4801.151 413.651
4802.330 423.694
4803.508 426.247
4804.687 454.259
4805.866 400.283
4807.045 369.130
4808.224 399.545
4809.402 395.777
4810.581 351.427
4811.760 393.029
4812.939 404.894
4814.118 436.818
4815.296 415.876
4816.475 424.718
4817.654 409.966
4818.833 393.612
4820.012 420.328
4821.191 415.738
4822.369 387.441
4823.548 403.102
4824.727 385.766
4825.906 395.758
4827.085 445.772
4828.263 460.739
4829.442 425.937
4830.621 427.804
4831.800 399.134
4832.979 415.333
4834.158 412.049
4835.336 402.486
4836.515 422.784
4837.694 409.476
4838.873 404.236
4840.052 404.218
4841.230 387.852
4842.409 401.276
4843.588 407.569
4844.767 379.824
4845.946 389.077
4847.125 431.001
4848.303 417.000
4849.482 382.395
4850.661 400.783
4851.840 406.963
4853.019 394.805
4854.197 420.543
4855.376 398.688
4856.555 394.067
4857.734 380.537
4858.913 356.833
4860.092 428.074
4861.270 888.526
4862.449 6486.030
4863.628 22382.693
4864.807 24378.565
4865.986 11648.995
4867.164 1412.435
4868.343 399.199
4869.522 450.118
4870.701 404.125
4871.880 384.323
4873.059 392.839
4874.237 383.622
4875.416 391.650
4876.595 393.946
4877.774 379.295
4878.953 422.967
4880.131 429.193
4881.310 416.068
4882.489 428.555
4883.668 409.682
4884.847 379.269
4886.026 392.828
4887.204 394.414
4888.383 384.917
4889.562 393.623
4890.741 396.335
4891.920 413.027
4893.098 412.820
4894.277 423.098
4895.456 394.452
4896.635 402.195
4897.814 415.740
4898.993 405.251
4900.171 390.780
4901.350 420.358
4902.529 385.736
4903.708 417.489
4904.887 442.963
4906.065 448.130
4907.244 382.850
4908.423 400.020
4909.602 389.523
4910.781 403.054
4911.960 420.386
4913.138 365.126
4914.317 383.966
4915.496 421.550
4916.675 399.685
4917.854 396.210
4919.032 389.021
4920.211 394.187
4921.390 416.950
4922.569 412.656
4923.748 554.277
4924.927 646.756
4926.105 556.220
4927.284 449.626
4928.463 383.916
4929.642 401.485
4930.821 421.825
4931.999 452.879
4933.178 416.653
4934.357 405.113
4935.536 445.055
4936.715 424.422
4937.894 381.974
4939.072 407.945
4940.251 409.789
4941.430 416.277
4942.609 416.073
4943.788 404.950
4944.966 434.181
4946.145 389.425
4947.324 376.869
4948.503 440.696
4949.682 409.808
4950.861 431.988
4952.039 410.610
4953.218 443.071
4954.397 434.428
4955.576 475.980
4956.755 334.483
4957.933 951.679
4959.112 -330.274
4960.291 19637.897
4961.470 49857.990
4962.649 50857.315
4963.828 20977.310
4965.006 -179.361
4966.185 1065.589
4967.364 407.284
4968.543 575.295
4969.722 477.638
4970.900 463.630
4972.079 458.731
4973.258 429.488
4974.437 462.712
4975.616 445.741
4976.794 422.907
4977.973 408.001
4979.152 415.553
4980.331 421.255
4981.510 422.337
4982.689 449.193
4983.867 428.434
4985.046 394.869
4986.225 462.349
4987.404 521.805
4988.583 528.334
4989.761 508.031
4990.940 496.357
4992.119 449.664
4993.298 429.549
4994.477 441.848
4995.656 436.339
4996.834 446.128
4998.013 462.307
4999.192 469.746
5000.371 462.979
5001.550 461.772
5002.728 550.695
5003.907 370.132
5005.086 1010.453
5006.265 -599.702
5007.444 9939.209
5008.623 82432.505
5009.801 164508.323
5010.980 132047.543
5012.159 24810.017
5013.338 1717.066
5014.517 692.859
5015.695 533.466
5016.874 574.588
5018.053 858.613
5019.232 936.982
5020.411 648.247
5021.590 501.118
5022.768 448.904
5023.947 422.718
5025.126 412.822
5026.305 401.408
5027.484 417.167
5028.662 410.474
5029.841 403.475
5031.020 393.932
5032.199 410.612
5033.378 421.667
5034.557 399.155
5035.735 394.691
5036.914 363.997
5038.093 414.771
5039.272 392.325
5040.451 381.188
5041.629 373.114
5042.808 373.294
5043.987 436.850
5045.166 401.469
5046.345 397.547
5047.524 378.070
5048.702 399.443
5049.881 427.007
5051.060 441.610
5052.239 400.179
5053.418 359.273
5054.596 346.427
5055.775 385.983
5056.954 376.517
5058.133 390.521
5059.312 363.368
5060.491 355.721
5061.669 374.545
5062.848 363.830
5064.027 365.337
5065.206 361.299
5066.385 342.707
5067.563 323.340
5068.742 336.900
5069.921 373.158
5071.100 373.212
5072.279 323.238
5073.458 368.227
5074.636 366.842
5075.815 368.404
5076.994 391.364
5078.173 357.711
5079.352 345.631
5080.530 325.370
5081.709 342.527
5082.888 322.083
5084.067 352.257
5085.246 355.210
5086.425 355.150
5087.603 332.879
5088.782 422.749
5089.961 386.254
5091.140 329.652
5092.319 353.767
5093.497 351.632
5094.676 359.899
5095.855 347.050
5097.034 336.591
5098.213 351.957
5099.392 340.550
5100.570 333.178
5101.749 342.786
5102.928 336.122
5104.107 359.554
5105.286 336.833
5106.464 342.245
5107.643 344.420
5108.822 355.499
5110.001 295.766
5111.180 354.388
5112.359 323.430
5113.537 327.085
5114.716 340.557
5115.895 357.150
5117.074 355.494
5118.253 346.824
5119.431 345.362
5120.610 358.038
5121.789 369.916
5122.968 352.411
5124.147 320.225
5125.326 328.850
5126.504 349.099
5127.683 314.744
5128.862 313.316
5130.041 357.050
5131.220 364.320
5132.398 336.875
5133.577 366.616
5134.756 359.599
5135.935 352.086
5137.114 333.315
5138.292 333.960
5139.471 346.935
5140.650 352.925
5141.829 337.983
5143.008 332.983
5144.187 330.623
5145.365 342.432
5146.544 365.920
5147.723 348.282
5148.902 309.362
5150.081 330.152
5151.259 357.309
5152.438 344.164
5153.617 335.202
5154.796 335.938
5155.975 340.462
5157.154 345.450
5158.332 330.906
5159.511 322.233
5160.690 386.658
5161.869 366.310
5163.048 346.721
5164.226 323.533
5165.405 329.341
5166.584 374.067
5167.763 288.160
5168.942 295.766
5170.121 301.553
5171.299 304.083
5172.478 288.318
5173.657 287.308
5174.836 314.145
5176.015 315.181
5177.193 329.844
5178.372 338.731
5179.551 303.737
5180.730 311.882
5181.909 308.157
5183.088 274.642
5184.266 320.511
5185.445 320.707
5186.624 306.434
5187.803 330.105
5188.982 334.053
5190.160 309.389
5191.339 345.332
5192.518 293.428
5193.697 328.849
5194.876 306.374
5196.055 381.043
5197.233 695.435
5198.412 864.875
5199.591 818.874
5200.770 660.268
5201.949 499.395
5203.127 401.239
5204.306 361.430
5205.485 333.887
5206.664 293.467
5207.843 299.094
5209.022 325.106
5210.200 310.968
5211.379 321.141
5212.558 331.986
5213.737 314.770
5214.916 334.404
5216.094 321.933
5217.273 282.688
5218.452 324.210
5219.631 293.095
5220.810 333.111
5221.989 367.168
5223.167 336.535
5224.346 341.535
5225.525 350.688
5226.704 298.175
5227.883 275.360
5229.061 294.592
5230.240 313.104
5231.419 315.152
5232.598 322.205
5233.777 297.184
5234.956 293.361
5236.134 330.526
5237.313 317.017
5238.492 352.656
5239.671 338.628
5240.850 315.522
5242.028 307.632
5243.207 285.920
5244.386 337.198
5245.565 305.304
5246.744 294.466
5247.923 307.702
5249.101 309.958
5250.280 326.561
5251.459 289.340
5252.638 284.029
5253.817 300.783
5254.995 341.977
5256.174 353.046
5257.353 350.439
5258.532 341.103
5259.711 315.817
5260.890 309.238
5262.068 288.924
5263.247 279.028
5264.426 294.026
5265.605 308.243
5266.784 269.132
5267.962 286.038
5269.141 293.516
5270.320 286.457
5271.499 318.814
5272.678 300.260
5273.857 323.017
5275.035 333.776
5276.214 329.625
5277.393 310.566
5278.572 302.931
5279.751 310.927
5280.929 298.490
5282.108 289.379
5283.287 290.080
5284.466 291.936
5285.645 284.314
5286.824 276.375
5288.002 308.824
5289.181 311.617
5290.360 303.239
5291.539 307.459
5292.718 289.488
5293.896 297.319
5295.075 302.740
5296.254 289.209
5297.433 280.327
5298.612 302.098
5299.790 329.779
5300.969 289.049
5302.148 275.019
5303.327 311.490
5304.506 312.217
5305.685 285.217
5306.863 279.396
5308.042 288.540
5309.221 314.100
5310.400 315.463
5311.579 280.291
5312.757 281.016
5313.936 295.107
5315.115 307.881
5316.294 277.037
5317.473 286.131
5318.652 280.047
5319.830 316.834
5321.009 272.508
5322.188 291.075
5323.367 291.985
5324.546 330.389
5325.724 285.441
5326.903 278.214
5328.082 288.146
5329.261 386.559
5330.440 451.894
5331.619 381.822
5332.797 327.835
5333.976 315.601
5335.155 295.255
5336.334 293.655
5337.513 309.072
5338.691 287.196
5339.870 258.570
5341.049 303.567
5342.228 281.046
5343.407 277.406
5344.586 324.055
5345.764 290.774
5346.943 284.087
5348.122 257.894
5349.301 290.140
5350.480 292.818
5351.658 270.775
5352.837 264.038
5354.016 284.196
5355.195 291.943
5356.374 286.420
5357.553 296.169
5358.731 290.727
5359.910 283.596
5361.089 280.750
5362.268 256.744
5363.447 244.418
5364.625 268.936
5365.804 299.119
5366.983 270.192
5368.162 292.498
5369.341 253.162
5370.520 278.120
5371.698 294.649
5372.877 256.845
5374.056 281.029
5375.235 268.359
5376.414 262.921
5377.592 286.448
5378.771 270.908
5379.950 260.517
5381.129 287.206
5382.308 284.392
5383.487 268.535
5384.665 291.929
5385.844 263.061
5387.023 275.458
5388.202 282.141
5389.381 286.309
5390.559 262.599
5391.738 297.897
5392.917 282.550
5394.096 273.262
5395.275 266.737
5396.454 261.053
5397.632 246.744
5398.811 276.596
5399.990 278.346
5401.169 266.135
5402.348 277.679
5403.526 252.113
5404.705 243.431
5405.884 264.154
5407.063 258.918
5408.242 265.197
5409.421 258.313
5410.599 281.481
5411.778 258.943
5412.957 252.800
5414.136 280.153
5415.315 272.574
5416.493 279.564
5417.672 273.940
5418.851 251.862
5420.030 244.139
5421.209 258.660
5422.388 282.589
5423.566 299.323
5424.745 284.013
5425.924 266.046
5427.103 274.032
5428.282 281.120
5429.460 273.388
5430.639 254.370
5431.818 250.427
5432.997 261.311
5434.176 282.547
5435.355 290.402
5436.533 302.894
5437.712 291.265
5438.891 277.388
5440.070 268.828
5441.249 275.358
5442.427 258.830
5443.606 258.869
5444.785 248.431
5445.964 247.429
5447.143 249.881
5448.322 236.402
5449.500 249.139
5450.679 256.732
5451.858 263.148
5453.037 275.622
5454.216 261.893
5455.394 240.945
5456.573 255.455
5457.752 240.926
5458.931 262.794
5460.110 280.935
5461.288 302.800
5462.467 264.088
5463.646 254.589
5464.825 263.880
5466.004 255.684
5467.183 240.684
5468.361 246.104
5469.540 262.873
5470.719 271.628
5471.898 262.101
5473.077 240.077
5474.255 255.556
5475.434 266.342
5476.613 256.594
5477.792 252.257
5478.971 264.453
5480.150 257.862
5481.328 256.631
5482.507 262.817
5483.686 232.618
5484.865 252.258
5486.044 260.667
5487.222 246.082
5488.401 260.987
5489.580 279.366
5490.759 271.852
5491.938 265.129
5493.117 254.188
5494.295 224.167
5495.474 236.389
5496.653 266.072
5497.832 232.417
5499.011 261.693
5500.189 254.447
5501.368 248.929
5502.547 258.047
5503.726 266.481
5504.905 259.838
5506.084 277.517
5507.262 246.282
5508.441 240.172
5509.620 274.602
5510.799 277.639
5511.978 249.045
5513.156 249.003
5514.335 248.801
5515.514 228.609
5516.693 255.093
5517.872 262.536
5519.051 266.177
5520.229 292.003
5521.408 331.433
5522.587 291.563
5523.766 244.640
5524.945 254.839
5526.123 255.778
5527.302 251.922
5528.481 235.345
5529.660 242.939
5530.839 240.416
5532.018 244.487
5533.196 257.249
5534.375 250.317
5535.554 245.698
5536.733 245.689
5537.912 255.807
5539.090 269.409
5540.269 280.771
5541.448 307.598
5542.627 287.006
5543.806 285.385
5544.985 280.647
5546.163 268.629
5547.342 265.648
5548.521 266.352
5549.700 267.571
5550.879 253.381
5552.057 247.906
5553.236 256.880
5554.415 255.084
5555.594 256.537
5556.773 257.685
5557.952 255.207
5559.130 263.065
5560.309 255.481
5561.488 243.846
5562.667 252.948
5563.846 344.573
5565.024 310.757
5566.203 282.708
5567.382 262.781
5568.561 250.487
5569.740 239.866
5570.919 268.484
5572.097 236.636
5573.276 368.172
5574.455 -95.866
5575.634 2720.077
5576.813 8913.642
5577.991 10909.185
5579.170 6196.136
5580.349 450.123
5581.528 343.322
5582.707 268.589
5583.886 260.234
5585.064 264.037
5586.243 283.770
5587.422 250.953
5588.601 284.759
5589.780 293.637
5590.958 240.395
5592.137 243.295
5593.316 238.716
5594.495 226.566
5595.674 240.210
5596.853 262.229
5598.031 278.411
5599.210 251.337
5600.389 240.499
5601.568 259.264
5602.747 260.027
5603.925 289.588
5605.104 301.624
5606.283 302.724
5607.462 267.263
5608.641 257.271
5609.820 235.611
5610.998 257.611
5612.177 258.361
5613.356 260.063
5614.535 255.772
5615.714 246.362
5616.892 255.184
5618.071 261.704
5619.250 248.992
5620.429 234.282
5621.608 255.530
5622.786 258.117
5623.965 290.356
5625.144 283.016
5626.323 260.388
5627.502 230.880
5628.681 243.152
5629.859 246.571
5631.038 240.568
5632.217 222.604
5633.396 224.116
5634.575 236.517
5635.753 220.653
5636.932 222.175
5638.111 229.080
5639.290 228.652
5640.469 255.229
5641.648 241.772
5642.826 254.785
5644.005 269.342
5645.184 254.115
5646.363 252.319
5647.542 250.569
5648.720 231.100
5649.899 238.101
5651.078 230.535
5652.257 247.155
5653.436 268.892
5654.615 235.930
5655.793 237.060
5656.972 259.237
5658.151 243.404
5659.330 240.535
5660.509 240.990
5661.687 244.287
5662.866 252.302
5664.045 281.735
5665.224 247.052
5666.403 248.683
5667.582 255.173
5668.760 239.753
5669.939 243.421
5671.118 259.544
5672.297 253.020
5673.476 261.714
5674.654 231.703
5675.833 236.201
5677.012 254.212
5678.191 229.848
5679.370 247.650
5680.549 251.042
5681.727 247.948
5682.906 254.216
5684.085 272.811
5685.264 249.900
5686.443 263.379
5687.621 251.366
5688.800 257.706
5689.979 248.029
5691.158 231.553
5692.337 258.817
5693.516 256.780
5694.694 256.605
5695.873 260.093
5697.052 247.863
5698.231 245.995
5699.410 247.473
5700.588 263.123
5701.767 249.466
5702.946 246.473
5704.125 245.922
5705.304 241.064
5706.483 235.249
5707.661 248.694
5708.840 239.631
5710.019 239.755
5711.198 237.716
5712.377 223.308
5713.555 235.025
5714.734 258.785
5715.913 244.471
5717.092 219.058
5718.271 232.810
5719.450 249.407
5720.628 246.608
5721.807 264.300
5722.986 258.363
5724.165 246.454
5725.344 247.120
5726.522 259.399
5727.701 237.324
5728.880 223.295
5730.059 240.216
5731.238 242.237
5732.417 232.224
5733.595 242.971
5734.774 238.923
5735.953 241.414
5737.132 237.733
5738.311 214.346
5739.489 242.638
5740.668 243.267
5741.847 241.294
5743.026 229.562
5744.205 228.620
5745.384 266.506
5746.562 226.770
5747.741 218.525
5748.920 251.831
5750.099 233.839
5751.278 219.835
5752.456 251.145
5753.635 253.706
5754.814 225.879
5755.993 228.551
5757.172 240.705
5758.351 244.879
5759.529 250.243
5760.708 232.682
5761.887 223.293
5763.066 219.887
5764.245 235.092
5765.423 237.814
5766.602 234.647
5767.781 228.194
5768.960 224.557
5770.139 224.605
5771.318 232.741
5772.496 230.735
5773.675 228.178
5774.854 225.948
5776.033 221.146
5777.212 225.307
5778.390 216.965
5779.569 222.601
5780.748 235.872
5781.927 228.992
5783.106 242.597
5784.284 233.829
5785.463 234.458
5786.642 214.471
5787.821 225.119
5789.000 237.313
5790.179 227.608
5791.357 223.040
5792.536 230.273
5793.715 229.849
5794.894 233.859
5796.073 239.975
5797.251 229.519
5798.430 238.789
5799.609 232.644
5800.788 244.958
5801.967 244.953
5803.146 200.770
5804.324 215.865
5805.503 241.561
5806.682 237.650
5807.861 229.973
5809.040 214.282
5810.218 224.978
5811.397 240.918
5812.576 231.996
5813.755 231.756
5814.934 240.946
5816.113 239.336
5817.291 234.694
5818.470 244.519
5819.649 241.810
5820.828 224.638
5822.007 251.639
5823.185 239.819
5824.364 235.218
5825.543 253.951
5826.722 236.530
5827.901 230.055
5829.080 231.596
5830.258 248.328
5831.437 232.140
5832.616 215.342
5833.795 255.325
5834.974 241.897
5836.152 236.388
5837.331 227.581
5838.510 229.221
5839.689 202.963
5840.868 236.560
5842.047 202.069
5843.225 245.091
5844.404 239.743
5845.583 216.585
5846.762 230.338
5847.941 220.894
5849.119 220.426
5850.298 244.845
5851.477 238.940
5852.656 226.276
5853.835 235.545
5855.014 233.065
5856.192 216.834
5857.371 224.187
5858.550 246.002
5859.729 213.479
5860.908 214.593
5862.086 223.178
5863.265 246.178
5864.444 274.415
5865.623 335.807
5866.802 362.861
5867.981 345.274
5869.159 318.846
5870.338 276.952
5871.517 259.608
5872.696 270.228
5873.875 274.163
5875.053 253.223
5876.232 311.437
5877.411 832.317
5878.590 1817.407
5879.769 1986.887
5880.948 1032.422
5882.126 421.782
5883.305 274.803
5884.484 235.241
5885.663 248.486
5886.842 269.031
5888.020 634.798
5889.199 1238.972
5890.378 1373.486
5891.557 954.103
5892.736 375.219
5893.915 387.260
5895.093 776.738
5896.272 912.316
5897.451 675.354
5898.630 369.687
5899.809 246.137
5900.987 233.224
5902.166 252.461
5903.345 241.582
5904.524 241.926
5905.703 276.324
5906.882 276.314
5908.060 239.941
5909.239 230.343
5910.418 257.042
5911.597 240.800
5912.776 221.253
5913.954 314.796
5915.133 339.272
5916.312 349.521
5917.491 279.789
5918.670 227.797
5919.849 243.635
5921.027 231.531
5922.206 216.110
5923.385 248.449
5924.564 279.646
5925.743 275.277
5926.921 247.626
5928.100 225.644
5929.279 230.876
5930.458 251.867
5931.637 323.012
5932.815 374.274
5933.994 365.029
5935.173 295.643
5936.352 252.092
5937.531 232.622
5938.710 206.570
5939.888 228.688
5941.067 249.670
5942.246 235.745
5943.425 243.692
5944.604 242.858
5945.782 269.023
5946.961 280.917
5948.140 250.089
5949.319 251.533
5950.498 241.544
5951.677 262.667
5952.855 317.664
5954.034 378.832
5955.213 337.582
5956.392 258.455
5957.571 248.680
5958.749 260.503
5959.928 263.811
5961.107 244.738
5962.286 246.400
5963.465 249.649
5964.644 253.838
5965.822 246.759
5967.001 257.799
5968.180 235.714
5969.359 254.324
5970.538 274.426
5971.716 270.084
5972.895 270.072
5974.074 270.064
