5329.969 24492.748
5331.022 24094.928
5332.075 23456.551
5333.128 22922.738
5334.181 23528.598
5335.234 23791.321
5336.287 24248.875
5337.340 24026.750
5338.393 23535.383
5339.446 23486.876
5340.499 23246.758
5341.552 23209.781
5342.605 23163.485
5343.658 23318.728
5344.711 23354.008
5345.764 23108.325
5346.817 23490.173
5347.870 23227.755
5348.923 22851.472
5349.976 23350.139
5351.029 23017.695
5352.082 23214.527
5353.135 23426.036
5354.188 22893.995
5355.241 23142.385
5356.294 23195.162
5357.347 22820.119
5358.400 23076.514
5359.453 22827.533
5360.506 22995.089
5361.559 22895.844
5362.612 22795.665
5363.665 22950.051
5364.718 23071.939
5365.771 23426.227
5366.824 23438.844
5367.877 23424.931
5368.930 23100.129
5369.983 22496.423
5371.036 22544.530
5372.089 22638.191
5373.142 22336.547
5374.195 22189.137
5375.248 22435.926
5376.301 22224.456
5377.354 22682.525
5378.407 22980.966
5379.460 23053.356
5380.513 22918.182
5381.566 22600.204
5382.619 22199.887
5383.672 22483.233
5384.725 22171.793
5385.778 22197.581
5386.831 21987.959
5387.884 22339.921
5388.937 22076.035
5389.990 22060.444
5391.043 22229.125
5392.097 22457.788
5393.150 21954.299
5394.203 22098.469
5395.256 22038.525
5396.309 22217.327
5397.362 21911.338
5398.415 22131.900
5399.468 21665.940
5400.521 21767.721
5401.574 21686.697
5402.627 21721.272
5403.680 21688.374
5404.733 21825.415
5405.786 21551.447
5406.839 21797.683
5407.892 21535.055
5408.945 21666.893
5409.998 20760.152
5411.051 21075.957
5412.104 20530.975
5413.157 20508.979
5414.210 20302.007
5415.263 19973.412
5416.316 20240.157
5417.369 20095.987
5418.422 20193.269
5419.475 20638.206
5420.528 21115.526
5421.581 20766.823
5422.634 21172.687
5423.687 21352.785
5424.740 21087.984
5425.793 21119.967
5426.846 20966.705
5427.899 21014.679
5428.952 21103.442
5430.005 21090.233
5431.058 20886.424
5432.111 21090.176
5433.164 20939.087
5434.217 20826.500
5435.270 21286.761
5436.323 21430.969
5437.376 21115.526
5438.429 21081.561
5439.482 20553.808
5440.535 20465.103
5441.588 20902.111
5442.641 20926.203
5443.694 20858.235
5444.747 20703.277
5445.800 20274.198
5446.853 20808.012
5447.906 20535.930
5448.959 20394.676
5450.012 20950.237
5451.065 20171.274
5452.118 20460.014
5453.171 20360.978
5454.224 20677.527
5455.277 20271.739
5456.330 20470.840
5457.383 20435.598
5458.436 20274.637
5459.489 20066.044
5460.542 20170.626
5461.595 20644.915
5462.648 20518.109
5463.701 20397.402
5464.754 19949.835
5465.807 20005.357
5466.860 19889.758
5467.913 20141.579
5468.966 19823.544
5470.019 20082.207
5471.072 19763.333
5472.125 20232.457
5473.178 20377.866
5474.231 20340.851
5475.285 19877.407
5476.338 19766.459
5477.391 19848.379
5478.444 20039.989
5479.497 20439.753
5480.550 19746.675
5481.603 19915.889
5482.656 19533.755
5483.709 20059.716
5484.762 19709.050
5485.815 20149.736
5486.868 19976.176
5487.921 19571.399
5488.974 19576.526
5490.027 19759.540
5491.080 19657.874
5492.133 19640.491
5493.186 19689.152
5494.239 19536.824
5495.292 19918.615
5496.345 19558.972
5497.398 19330.557
5498.451 19338.848
5499.504 19711.414
5500.557 19715.226
5501.610 19298.155
5502.663 19409.961
5503.716 19429.802
5504.769 19505.070
5505.822 19619.316
5506.875 19534.308
5507.928 19777.533
5508.981 19693.002
5510.034 19218.941
5511.087 19395.361
5512.140 19336.179
5513.193 19352.743
5514.246 19585.694
5515.299 19279.057
5516.352 19216.921
5517.405 19277.951
5518.458 19083.558
5519.511 19624.405
5520.564 20017.555
5521.617 19822.572
5522.670 19619.373
5523.723 19030.295
5524.776 19194.735
5525.829 18964.265
5526.882 19086.722
5527.935 19108.603
5528.988 18961.515
5530.041 19461.690
5531.094 19520.871
5532.147 19522.243
5533.200 19293.485
5534.253 19088.647
5535.306 19015.409
5536.359 19247.684
5537.412 19404.395
5538.465 19789.712
5539.518 19284.431
5540.571 19549.594
5541.624 19692.430
5542.677 19088.628
5543.730 19028.574
5544.783 19025.059
5545.836 18838.332
5546.889 18701.201
5547.942 18734.206
5548.995 18618.894
5550.048 18730.615
5551.101 18836.657
5552.154 18188.645
5553.207 18389.159
5554.260 19139.061
5555.313 18764.471
5556.366 18496.039
5557.419 18672.159
5558.473 18539.530
5559.526 18681.505
5560.579 18658.871
5561.632 18330.682
5562.685 18454.603
5563.738 18694.755
5564.791 18992.865
5565.844 18878.894
5566.897 18346.163
5567.950 18668.325
5569.003 18356.806
5570.056 18325.136
5571.109 18533.557
5572.162 18571.517
5573.215 18213.300
5574.268 18705.865
5575.321 19762.056
5576.374 42147.378
5577.427 64931.321
5578.480 52229.813
5579.533 24555.970
5580.586 18076.060
5581.639 18790.118
5582.692 18619.350
5583.745 18343.780
5584.798 18308.399
5585.851 18073.494
5586.904 17898.192
5587.957 18231.096
5589.010 18272.917
5590.063 18363.124
5591.116 17914.528
5592.169 18049.321
5593.222 17999.544
5594.275 17862.805
5595.328 17903.123
5596.381 17828.861
5597.434 17907.411
5598.487 17918.727
5599.540 17852.141
5600.593 18104.034
5601.646 17978.964
5602.699 17820.717
5603.752 17880.051
5604.805 18232.647
5605.858 18033.526
5606.911 17657.369
5607.964 17914.788
5609.017 17845.487
5610.070 17693.627
5611.123 17744.525
5612.176 17717.377
5613.229 18131.038
5614.282 18050.455
5615.335 17735.959
5616.388 17859.369
5617.441 18126.361
5618.494 17794.771
5619.547 17465.829
5620.600 17694.420
5621.653 17552.276
5622.706 17616.178
5623.759 17669.459
5624.812 17808.048
5625.865 17667.663
5626.918 17680.403
5627.971 17680.031
5629.024 17546.546
5630.077 17461.125
5631.130 17379.876
5632.183 17539.475
5633.236 17711.778
5634.289 17630.349
5635.342 17326.928
5636.395 17534.725
5637.448 17316.841
5638.501 17845.268
5639.554 17513.805
5640.608 17552.019
5641.661 17451.443
5642.714 17564.192
5643.767 17418.086
5644.820 17179.079
5645.873 17430.421
5646.926 17621.852
5647.979 17691.115
5649.032 17411.333
5650.085 17502.381
5651.138 17302.260
5652.191 17283.825
5653.244 17632.566
5654.297 17411.786
5655.350 17557.304
5656.403 17443.716
5657.456 17434.479
5658.509 17453.130
5659.562 17437.590
5660.615 17507.079
5661.668 17438.360
5662.721 17234.376
5663.774 17323.571
5664.827 17278.300
5665.880 17201.484
5666.933 17410.866
5667.986 17056.847
5669.039 17195.537
5670.092 17237.286
5671.145 17122.524
5672.198 17144.053
5673.251 17149.052
5674.304 16983.930
5675.357 16985.500
5676.410 17281.416
5677.463 17385.110
5678.516 17063.663
5679.569 16952.431
5680.622 16792.127
5681.675 16922.169
5682.728 16899.440
5683.781 16987.191
5684.834 17108.900
5685.887 17003.136
5686.940 16982.942
5687.993 16942.356
5689.046 17021.985
5690.099 16921.969
5691.152 16744.084
5692.205 16800.065
5693.258 16907.928
5694.311 16837.107
5695.364 16572.784
5696.417 16741.134
5697.470 16957.192
5698.523 17008.839
5699.576 16609.126
5700.629 16698.788
5701.682 16869.367
5702.735 16784.808
5703.788 16567.570
5704.841 16698.172
5705.894 16553.862
5706.947 16449.638
5708.000 16643.600
5709.053 16357.359
5710.106 16533.753
5711.159 16582.271
5712.212 16494.600
5713.265 16543.405
5714.318 16442.751
5715.371 16591.278
5716.424 16580.239
5717.477 16656.728
5718.530 16609.698
5719.583 16380.183
5720.636 16401.199
5721.689 16571.418
5722.742 16420.937
5723.796 16467.472
5724.849 16366.557
5725.902 16246.889
5726.955 16402.535
5728.008 16128.225
5729.061 16344.590
5730.114 16649.131
5731.167 16192.537
5732.220 16354.178
5733.273 16350.510
5734.326 16294.066
5735.379 16375.569
5736.432 16517.827
5737.485 16320.542
5738.538 16391.996
5739.591 16199.712
5740.644 16184.816
5741.697 16246.506
5742.750 16013.886
5743.803 16351.141
5744.856 16087.240
5745.909 16102.896
5746.962 16217.904
5748.015 16269.130
5749.068 16154.375
5750.121 16389.370
5751.174 16175.784
5752.227 16129.136
5753.280 16089.242
5754.333 15906.039
5755.386 15810.179
5756.439 16163.120
5757.492 16394.665
5758.545 16525.887
5759.598 16201.057
5760.651 15625.617
5761.704 15818.422
5762.757 15971.743
5763.810 15806.767
5764.863 16008.197
5765.916 15931.844
5766.969 15864.829
5768.022 15793.106
5769.075 15956.203
5770.128 15833.298
5771.181 15621.906
5772.234 15588.669
5773.287 15798.441
5774.340 15822.243
5775.393 15847.887
5776.446 15615.839
5777.499 15772.651
5778.552 15788.549
5779.605 15561.749
5780.658 15430.141
5781.711 15638.419
5782.764 15727.969
5783.817 15615.300
5784.870 15753.401
5785.923 15695.483
5786.976 15893.284
5788.029 15498.790
5789.082 15316.366
5790.135 15622.916
5791.188 15603.444
5792.241 15280.206
5793.294 15343.588
5794.347 15342.034
5795.400 15421.928
5796.453 15339.242
5797.506 15358.811
5798.559 15475.262
5799.612 15678.306
5800.665 15537.842
5801.718 15236.347
5802.771 15457.020
5803.824 15342.583
5804.877 15294.108
5805.931 14946.288
5806.984 15338.907
5808.037 14917.673
5809.090 15451.111
5810.143 15237.938
5811.196 15113.972
5812.249 15386.755
5813.302 15052.080
5814.355 15048.053
5815.408 15152.940
5816.461 15428.382
5817.514 15282.083
5818.567 15403.320
5819.620 15186.143
5820.673 15317.003
5821.726 15309.926
5822.779 15205.990
5823.832 15221.890
5824.885 15117.332
5825.938 15362.419
5826.991 15252.725
5828.044 15134.654
5829.097 15244.607
5830.150 15204.930
5831.203 15308.916
5832.256 15293.111
5833.309 15273.131
5834.362 15014.063
5835.415 15135.411
5836.468 14944.044
5837.521 15122.980
5838.574 15337.980
5839.627 15064.231
5840.680 15136.623
5841.733 14624.547
5842.786 14759.138
5843.839 14974.857
5844.892 15009.958
5845.945 15008.183
5846.998 14925.724
5848.051 14905.427
5849.104 14780.464
5850.157 14687.139
5851.210 14824.984
5852.263 14668.927
5853.316 14754.956
5854.369 14826.622
5855.422 14764.204
5856.475 14624.435
5857.528 14629.526
5858.581 14483.059
5859.634 14587.678
5860.687 14658.276
5861.740 14384.294
5862.793 14516.161
5863.846 14719.561
5864.899 14767.802
5865.952 15079.889
5867.005 15011.073
5868.058 14998.047
5869.111 14920.462
5870.164 14548.355
5871.217 14481.254
5872.270 14694.280
5873.323 14605.221
5874.376 14757.657
5875.429 14179.546
5876.482 14344.526
5877.535 20089.907
5878.588 38182.803
5879.641 42425.044
5880.694 27918.078
5881.747 13770.370
5882.800 14404.951
5883.853 14306.331
5884.906 14696.514
5885.959 14864.381
5887.012 14908.961
5888.065 15864.423
5889.119 17886.097
5890.172 18579.223
5891.225 16507.359
5892.278 14502.615
5893.331 13943.276
5894.384 14781.396
5895.437 16345.006
5896.490 16549.421
5897.543 15046.242
5898.596 14126.193
5899.649 13793.329
5900.702 13921.689
5901.755 14108.515
5902.808 14060.692
5903.861 13908.985
5904.914 14264.384
5905.967 14279.752
5907.020 14139.488
5908.073 14264.521
5909.126 14088.561
5910.179 14059.295
5911.232 13895.971
5912.285 13945.567
5913.338 13931.709
5914.391 14326.704
5915.444 14258.738
5916.497 14372.618
5917.550 13926.048
5918.603 13762.807
5919.656 13387.517
5920.709 13512.438
5921.762 13740.779
5922.815 13693.003
5923.868 13591.217
5924.921 13788.054
5925.974 13748.718
5927.027 13591.042
5928.080 13738.553
5929.133 13594.535
5930.186 13546.609
5931.239 13710.157
5932.292 14217.022
5933.345 14076.971
5934.398 13904.977
5935.451 13672.319
5936.504 13535.646
5937.557 13549.973
5938.610 13502.329
5939.663 13477.484
5940.716 13281.435
5941.769 13368.535
5942.822 13343.285
5943.875 13213.067
5944.928 13485.699
5945.981 13289.332
5947.034 13461.910
5948.087 13436.843
5949.140 13109.201
5950.193 13153.868
5951.246 13184.862
5952.299 13653.113
5953.352 13752.594
5954.405 13961.339
5955.458 13386.823
5956.511 13116.291
5957.564 13072.402
5958.617 13157.200
5959.670 13417.350
5960.723 13395.905
5961.776 13335.518
5962.829 13117.660
5963.882 12992.037
5964.935 13039.806
5965.988 12974.767
5967.041 12874.893
5968.094 12996.781
5969.147 13011.705
5970.200 13203.619
5971.254 13147.876
5972.307 12927.657
5973.360 12957.148
5974.413 13021.586
5975.466 13150.485
5976.519 13290.666
5977.572 13259.712
5978.625 13165.407
5979.678 12882.347
5980.731 12913.809
5981.784 13038.483
5982.837 13158.100
5983.890 13089.030
5984.943 12984.675
5985.996 12904.516
5987.049 12805.495
5988.102 12638.623
5989.155 12677.305
5990.208 12623.566
5991.261 12749.036
5992.314 12519.035
5993.367 12773.137
5994.420 12769.752
5995.473 12502.487
5996.526 12616.151
5997.579 12628.357
5998.632 12759.869
5999.685 12476.148
6000.738 12650.370
6001.791 12311.660
6002.844 12561.102
6003.897 12505.005
6004.950 12581.430
6006.003 12616.258
6007.056 12405.759
6008.109 12328.586
6009.162 12175.095
6010.215 12576.850
6011.268 12317.960
6012.321 12175.717
6013.374 12145.383
6014.427 12193.170
6015.480 12060.730
6016.533 12329.127
6017.586 12244.481
6018.639 12135.626
6019.692 12282.678
6020.745 12415.694
6021.798 12146.662
6022.851 12062.514
6023.904 12078.002
6024.957 12080.451
6026.010 12156.310
6027.063 11983.163
6028.116 11923.803
6029.169 12054.871
6030.222 12092.729
6031.275 12120.563
6032.328 12005.681
6033.381 12144.876
6034.434 12259.415
6035.487 11977.294
6036.540 11831.051
6037.593 11949.126
6038.646 12001.299
6039.699 11885.490
6040.752 11864.924
6041.805 11955.943
6042.858 11955.915
6043.911 11919.375
6044.964 11904.880
6046.017 11983.605
6047.070 12038.077
6048.123 11974.941
6049.176 12266.661
6050.229 11962.740
6051.282 12010.720
6052.335 11910.661
6053.388 11750.736
6054.442 11775.746
6055.495 11622.601
6056.548 11813.687
6057.601 11799.773
6058.654 11840.945
6059.707 11725.390
6060.760 11753.351
6061.813 11781.060
6062.866 11561.129
6063.919 11555.093
6064.972 11825.634
6066.025 11532.405
6067.078 11840.139
6068.131 11589.120
6069.184 11752.476
6070.237 11570.148
6071.290 11639.475
6072.343 11662.065
6073.396 11484.226
6074.449 11763.537
6075.502 11451.831
6076.555 11554.020
6077.608 11695.012
6078.661 11581.975
6079.714 11667.699
6080.767 11520.285
6081.820 11532.588
6082.873 11438.962
6083.926 11496.653
6084.979 11555.399
6086.032 11569.896
6087.085 11636.885
6088.138 11380.686
6089.191 11438.064
6090.244 11413.650
6091.297 11598.128
6092.350 11414.895
6093.403 11393.119
6094.456 11458.603
6095.509 11330.450
6096.562 11351.854
6097.615 11405.533
6098.668 11233.000
6099.721 11340.715
6100.774 11226.952
6101.827 11196.353
6102.880 11336.371
6103.933 11516.904
6104.986 11425.725
6106.039 11156.678
6107.092 11306.382
6108.145 11219.314
6109.198 11082.820
6110.251 11007.074
6111.304 11147.559
6112.357 11231.500
6113.410 11227.747
6114.463 11178.528
6115.516 11307.484
6116.569 11241.946
6117.622 11140.501
6118.675 11149.782
6119.728 11154.244
6120.781 11116.066
6121.834 10879.160
6122.887 11062.281
6123.940 11254.583
6124.993 11170.549
6126.046 11177.314
6127.099 11172.682
6128.152 11226.296
6129.205 11207.417
6130.258 11238.954
6131.311 11140.881
6132.364 11050.233
6133.417 10873.614
6134.470 10806.704
6135.523 10892.542
6136.577 11019.651
6137.630 10923.604
6138.683 11086.005
6139.736 11092.060
6140.789 11010.310
6141.842 11014.509
6142.895 10845.007
6143.948 10950.887
6145.001 11126.138
6146.054 10981.061
6147.107 11055.747
6148.160 11058.366
6149.213 11024.681
6150.266 11022.756
6151.319 11049.505
6152.372 11062.146
6153.425 10815.080
6154.478 11017.576
6155.531 11358.451
6156.584 11463.546
6157.637 11368.230
6158.690 11278.242
6159.743 10898.407
6160.796 10874.654
6161.849 10796.236
6162.902 10889.714
6163.955 10887.434
6165.008 10559.162
6166.061 10666.332
6167.114 10735.509
6168.167 10650.322
6169.220 10742.746
6170.273 11051.747
6171.326 11037.688
6172.379 10680.908
6173.432 10572.414
6174.485 10722.100
6175.538 10762.982
6176.591 10682.907
6177.644 10697.955
6178.697 10718.776
6179.750 10675.192
6180.803 10755.148
6181.856 10695.795
6182.909 10740.215
6183.962 10741.099
6185.015 10644.108
6186.068 10660.208
6187.121 10599.428
6188.174 10689.626
6189.227 10486.959
6190.280 10594.463
6191.333 10633.273
6192.386 10394.560
6193.439 10593.506
6194.492 10561.630
6195.545 10453.322
6196.598 10536.418
6197.651 10499.838
6198.704 10432.209
6199.757 10444.857
6200.810 10406.762
6201.863 10566.199
6202.916 10610.870
6203.969 10478.298
6205.022 10433.354
6206.075 10247.796
6207.128 10289.800
6208.181 10251.175
6209.234 10328.805
6210.287 10452.199
6211.340 10429.926
6212.393 10564.542
6213.446 10556.968
6214.499 10294.007
6215.552 10474.507
6216.605 10430.015
6217.658 10253.525
6218.711 10225.120
6219.765 10137.238
6220.818 10421.185
6221.871 10555.924
6222.924 10444.135
6223.977 10298.177
6225.030 10348.983
6226.083 10485.783
6227.136 10405.830
6228.189 10224.813
6229.242 10051.867
6230.295 10059.273
6231.348 10153.249
6232.401 10155.766
6233.454 10361.586
6234.507 10713.376
6235.560 11142.587
6236.613 11165.447
6237.666 10619.048
6238.719 10383.953
6239.772 10396.052
6240.825 10344.594
6241.878 10506.686
6242.931 10499.815
6243.984 10337.105
6245.037 10206.039
6246.090 10137.680
6247.143 10170.936
6248.196 10065.731
6249.249 10235.371
6250.302 10364.847
6251.355 10342.368
6252.408 10431.195
6253.461 10233.665
6254.514 10082.277
6255.567 10070.826
6256.620 10403.789
6257.673 10939.285
6258.726 10998.093
6259.779 10420.253
6260.832 9871.995
6261.885 10000.283
6262.938 10083.916
6263.991 9961.322
6265.044 10172.185
6266.097 10176.351
6267.150 9857.213
6268.203 10026.856
6269.256 10011.391
6270.309 9730.589
6271.362 9701.902
6272.415 9876.332
6273.468 9748.977
6274.521 9937.876
6275.574 9812.225
6276.627 9368.659
6277.680 8942.803
6278.733 9019.935
6279.786 9326.727
6280.839 9325.755
6281.892 9356.844
6282.945 9251.932
6283.998 9519.326
6285.051 9653.318
6286.104 9829.398
6287.157 10373.323
6288.210 10323.054
6289.263 9788.461
6290.316 9563.631
6291.369 9467.472
6292.422 9312.523
6293.475 9569.338
6294.528 9591.996
6295.581 9747.886
6296.634 10001.855
6297.687 10486.334
6298.740 18825.049
6299.793 49056.704
6300.846 54265.859
6301.899 32556.195
6302.953 13141.597
6304.006 17434.087
6305.059 15619.066
6306.112 11622.590
6307.165 10495.480
6308.218 10183.333
6309.271 9692.885
6310.324 9526.672
6311.377 9612.434
6312.430 9661.232
6313.483 9601.094
6314.536 10865.008
6315.589 12935.033
6316.642 12594.949
6317.695 10470.714
6318.748 9468.411
6319.801 9723.690
6320.854 10451.132
6321.907 10661.535
6322.960 10377.005
6324.013 9766.605
6325.066 9373.041
6326.119 9294.420
6327.172 9395.997
6328.225 9628.483
6329.278 10233.097
6330.331 10174.062
6331.384 9844.963
6332.437 9378.688
6333.490 9381.269
6334.543 9473.537
6335.596 9427.796
6336.649 9326.355
6337.702 9442.257
6338.755 9257.835
6339.808 9269.185
6340.861 9391.851
6341.914 9424.379
6342.967 9292.983
6344.020 9505.670
6345.073 9396.144
6346.126 9304.513
6347.179 9471.979
6348.232 9536.989
6349.285 9664.059
6350.338 9646.878
6351.391 9537.723
6352.444 9446.896
6353.497 9320.045
6354.550 9323.723
6355.603 9670.956
6356.656 9917.774
6357.709 9557.059
6358.762 9321.011
6359.815 9378.099
6360.868 9334.067
6361.921 11158.216
6362.974 19021.482
6364.027 25058.239
6365.080 18449.844
6366.133 11110.377
6367.186 11484.847
6368.239 11694.734
6369.292 10257.924
6370.345 9220.599
6371.398 9145.442
6372.451 9176.723
6373.504 9226.267
6374.557 9342.884
6375.610 9297.725
6376.663 9151.383
6377.716 9164.885
6378.769 9071.561
6379.822 9215.497
6380.875 9244.245
6381.928 9246.542
6382.981 9057.588
6384.034 9318.181
6385.088 9381.128
6386.141 9678.670
6387.194 9870.337
6388.247 9958.488
6389.300 9782.044
6390.353 9337.307
6391.406 9039.781
6392.459 9154.186
6393.512 8939.641
6394.565 8944.940
6395.618 9016.310
6396.671 9007.954
6397.724 8936.668
6398.777 8936.517
6399.830 8883.651
6400.883 8991.847
6401.936 8880.521
6402.989 8892.700
6404.042 8869.661
6405.095 8931.596
6406.148 8994.134
6407.201 8965.813
6408.254 8875.196
6409.307 8795.916
6410.360 8917.292
6411.413 8834.575
6412.466 8844.999
6413.519 8826.032
6414.572 8853.841
6415.625 8860.782
6416.678 8847.681
6417.731 8817.652
6418.784 8718.787
6419.837 8873.168
6420.890 8900.452
6421.943 8829.774
6422.996 8792.555
6424.049 8717.838
6425.102 8822.091
6426.155 8846.083
6427.208 8781.826
6428.261 8784.293
6429.314 8798.121
6430.367 8831.459
6431.420 8796.579
6432.473 8742.408
6433.526 8759.829
6434.579 8745.929
6435.632 8851.224
6436.685 8777.016
6437.738 8783.856
6438.791 8757.106
6439.844 8648.056
6440.897 8783.483
6441.950 8678.161
6443.003 8712.374
6444.056 8710.506
6445.109 8749.272
6446.162 8853.887
6447.215 8999.936
6448.268 8722.927
6449.321 8695.767
6450.374 8558.016
6451.427 8565.293
6452.480 8810.836
6453.533 8717.142
6454.586 8774.260
6455.639 8864.200
6456.692 8739.086
6457.745 8816.110
6458.798 8861.004
6459.851 8958.049
6460.904 8875.771
6461.957 8795.298
6463.010 8980.921
6464.063 8987.276
6465.116 9025.855
6466.169 9054.108
6467.222 8901.199
6468.276 8585.789
6469.329 8840.583
6470.382 8961.347
6471.435 8850.949
6472.488 8651.551
6473.541 8465.040
6474.594 8414.201
6475.647 8497.438
6476.700 8606.030
6477.753 8627.926
6478.806 8504.496
6479.859 8334.376
6480.912 8407.137
6481.965 8427.390
6483.018 8441.596
6484.071 8418.350
6485.124 8347.104
6486.177 8420.333
6487.230 8401.614
6488.283 8491.920
6489.336 8332.294
6490.389 8542.621
6491.442 8648.965
6492.495 8493.386
6493.548 8486.863
6494.601 8717.789
6495.654 8643.782
6496.707 8766.992
6497.760 9227.318
6498.813 9715.614
6499.866 9261.931
6500.919 8716.018
6501.972 8519.321
6503.025 8564.876
6504.078 8628.685
6505.131 8849.040
6506.184 8881.413
6507.237 8591.798
6508.290 8492.787
6509.343 8538.468
6510.396 8553.794
6511.449 8490.296
6512.502 8460.391
6513.555 8455.655
6514.608 8471.112
6515.661 8433.518
6516.714 8375.890
6517.767 8524.332
6518.820 8770.186
6519.873 8862.237
6520.926 8858.406
6521.979 8924.409
6523.032 8827.081
6524.085 8692.713
6525.138 8599.721
6526.191 8510.431
6527.244 8514.237
6528.297 8584.735
6529.350 8700.032
6530.403 8679.529
6531.456 8811.562
6532.509 9405.178
6533.562 9505.538
6534.615 9240.042
6535.668 8837.392
6536.721 8857.428
6537.774 8834.870
6538.827 9119.566
6539.880 9289.225
6540.933 9611.979
6541.986 9599.912
6543.039 9638.787
6544.092 10025.764
6545.145 10438.051
6546.198 10378.706
6547.251 10775.125
6548.304 11559.215
6549.357 11898.291
6550.411 13876.637
6551.464 17568.932
6552.517 20062.785
6553.570 18503.259
6554.623 17558.968
6555.676 18450.652
6556.729 19870.889
6557.782 21436.591
6558.835 23612.672
6559.888 26678.053
6560.941 32114.537
6561.994 40103.746
6563.047 60101.936
6564.100 82489.850
6565.153 261759.176
6566.206 595588.214
6567.259 651985.229
6568.312 387042.081
6569.365 141285.890
6570.418 107981.838
6571.471 71407.985
6572.524 53048.135
6573.577 40351.640
6574.630 32520.744
6575.683 27422.480
6576.736 24485.867
6577.789 21614.421
6578.842 19562.974
6579.895 17292.844
6580.948 16109.901
6582.001 15027.337
6583.054 13691.305
6584.107 13021.127
6585.160 12031.574
6586.213 17779.805
6587.266 24278.266
6588.319 21867.824
6589.372 12673.789
6590.425 9490.369
6591.478 9746.215
6592.531 9471.512
6593.584 9257.926
6594.637 8884.127
6595.690 9011.212
6596.743 9000.708
6597.796 8635.823
6598.849 8578.889
6599.902 8477.739
6600.955 8443.662
6602.008 8503.392
6603.061 8463.332
6604.114 8702.209
6605.167 8722.912
6606.220 8346.790
6607.273 8312.253
6608.326 8129.275
6609.379 7969.369
6610.432 8055.568
6611.485 8074.502
6612.538 8117.650
6613.591 7992.413
6614.644 7870.781
6615.697 7952.968
6616.750 7758.018
6617.803 7856.006
6618.856 7855.897
6619.909 7915.780
6620.962 7858.787
6622.015 7782.156
6623.068 7785.507
6624.121 7859.271
6625.174 7818.429
6626.227 7854.069
6627.280 7884.623
6628.333 7875.680
6629.386 7752.872
6630.439 7703.042
6631.492 7800.463
6632.545 7692.713
6633.599 7816.798
6634.652 8007.546
6635.705 7649.895
6636.758 7500.653
6637.811 7632.754
6638.864 7718.202
6639.917 7679.979
6640.970 7870.019
6642.023 7604.618
6643.076 7497.586
6644.129 7587.256
6645.182 7545.555
6646.235 7566.420
6647.288 7544.516
6648.341 7524.585
6649.394 7487.898
6650.447 7623.043
6651.500 7691.793
6652.553 7638.771
6653.606 7370.611
6654.659 7421.701
6655.712 7451.084
6656.765 7504.610
6657.818 7427.924
6658.871 7380.905
6659.924 7483.823
6660.977 7484.058
6662.030 7520.378
6663.083 7609.553
6664.136 7519.549
6665.189 7395.587
6666.242 7466.223
6667.295 7437.547
6668.348 7451.179
6669.401 7558.418
6670.454 7455.879
6671.507 7436.533
6672.560 7413.332
6673.613 7347.052
6674.666 7559.913
6675.719 7162.729
6676.772 7336.205
6677.825 7215.639
6678.878 7185.429
6679.931 7134.989
6680.984 10135.067
6682.037 12673.488
6683.090 11590.323
6684.143 7953.467
6685.196 7049.242
6686.249 7058.179
6687.302 7204.076
6688.355 7143.572
6689.408 7112.876
6690.461 7315.466
6691.514 7255.442
6692.567 7371.518
6693.620 7280.156
6694.673 7154.350
6695.726 7273.896
6696.779 7254.510
6697.832 7255.639
6698.885 7295.398
6699.938 7395.989
6700.991 7316.726
6702.044 7149.701
6703.097 7221.956
6704.150 7303.192
6705.203 7288.662
6706.256 7179.759
6707.309 7123.073
6708.362 7175.105
6709.415 7075.869
6710.468 7220.006
6711.521 7189.030
6712.574 7165.796
6713.627 7198.518
6714.680 7248.529
6715.734 7112.668
6716.787 7456.466
6717.840 6909.155
6718.893 12038.538
6719.946 23542.226
6720.999 27104.540
6722.052 15990.246
6723.105 6780.040
6724.158 7465.333
6725.211 7067.987
6726.264 7149.332
6727.317 7098.247
6728.370 7175.852
6729.423 7020.065
6730.476 7247.864
6731.529 7220.961
6732.582 7713.538
6733.635 14106.449
6734.688 23768.640
6735.741 22461.829
6736.794 10290.319
6737.847 6899.699
6738.900 7215.479
6739.953 7107.091
6741.006 7034.491
6742.059 7169.665
6743.112 7068.715
6744.165 6935.738
6745.218 7060.116
6746.271 7139.663
6747.324 6990.981
6748.377 6985.646
6749.430 7100.670
6750.483 7069.688
6751.536 7002.046
6752.589 6920.981
6753.642 6989.517
6754.695 6930.311
6755.748 6953.077
6756.801 6949.897
6757.854 6893.247
6758.907 7007.041
6759.960 6946.322
6761.013 7056.572
6762.066 6992.075
6763.119 6945.411
6764.172 6966.828
6765.225 6885.871
6766.278 6935.029
6767.331 7067.038
6768.384 6995.700
6769.437 6865.343
6770.490 6929.151
6771.543 6929.053
6772.596 6830.547
6773.649 6875.499
6774.702 6957.182
6775.755 6930.999
6776.808 6904.037
6777.861 6819.718
6778.914 6846.163
6779.967 6818.073
6781.020 6818.887
6782.073 6860.113
6783.126 6811.091
6784.179 6778.050
6785.232 6895.630
6786.285 6935.759
6787.338 6839.551
6788.391 6803.095
6789.444 6794.833
6790.497 6845.845
6791.550 6789.527
6792.603 6761.731
6793.656 6871.721
6794.709 6842.185
6795.762 6866.272
6796.815 6864.043
6797.868 6751.022
6798.922 6725.266
6799.975 6792.473
6801.028 6743.632
6802.081 6752.703
6803.134 6951.542
6804.187 6746.039
6805.240 6677.063
6806.293 6710.868
6807.346 6889.559
6808.399 6771.082
6809.452 6709.736
6810.505 6747.686
6811.558 6824.919
6812.611 6787.603
6813.664 6865.542
6814.717 6812.562
6815.770 6740.256
6816.823 6665.600
6817.876 6757.107
6818.929 6832.469
6819.982 6642.177
6821.035 6690.500
6822.088 6754.039
6823.141 6694.400
6824.194 6736.950
6825.247 6696.268
6826.300 6850.269
6827.353 7161.296
6828.406 7541.085
6829.459 7831.136
6830.512 7497.156
6831.565 7045.588
6832.618 7038.820
6833.671 7618.375
6834.724 7961.980
6835.777 7359.632
6836.830 6823.364
6837.883 6576.432
6838.936 6721.027
6839.989 6744.234
6841.042 6947.115
6842.095 7003.683
6843.148 6807.702
6844.201 6637.992
6845.254 6637.414
6846.307 6670.051
6847.360 6649.664
6848.413 6634.062
6849.466 6673.508
6850.519 6638.263
6851.572 6527.394
6852.625 6620.434
6853.678 6640.191
6854.731 6558.862
6855.784 6518.579
6856.837 6371.937
6857.890 6581.788
6858.943 6582.781
6859.996 6629.293
6861.049 6638.842
6862.102 6644.078
6863.155 8365.181
6864.208 9100.022
6865.261 7926.844
6866.314 6416.804
6867.367 5109.961
6868.420 4087.390
6869.473 4033.980
6870.526 4507.055
6871.579 4611.889
6872.632 4596.197
6873.685 4685.314
6874.738 4866.003
6875.791 5036.563
6876.844 5223.193
6877.897 5399.955
6878.950 5592.700
6880.003 5863.401
6881.056 6401.471
6882.110 6533.078
6883.163 6232.992
6884.216 5998.165
6885.269 5692.427
6886.322 5499.706
6887.375 5524.307
6888.428 5903.313
6889.481 5874.504
6890.534 5730.852
6891.587 5714.077
6892.640 5330.163
6893.693 5298.059
6894.746 5775.266
6895.799 5591.970
6896.852 5181.002
6897.905 5558.119
6898.958 5996.110
6900.011 5780.414
6901.064 5778.243
6902.117 6182.054
6903.170 6172.657
6904.223 5506.142
6905.276 5547.266
6906.329 5946.436
6907.382 6179.591
6908.435 5817.657
6909.488 5587.935
6910.541 5943.699
6911.594 6642.044
6912.647 6739.586
6913.700 6235.793
6914.753 5990.339
6915.806 6210.735
6916.859 6229.605
6917.912 5985.200
6918.965 5986.780
6920.018 6056.908
6921.071 6280.968
6922.124 6781.664
6923.177 7271.371
6924.230 7022.484
6925.283 6390.986
6926.336 6309.413
6927.389 6335.998
6928.442 6233.257
6929.495 6073.480
6930.548 6065.464
6931.601 6277.990
6932.654 6313.606
6933.707 6155.475
6934.760 6094.904
6935.813 6214.961
6936.866 6243.888
6937.919 6317.168
6938.972 6665.210
6940.025 6675.700
6941.078 6345.387
6942.131 6005.103
6943.184 6197.456
6944.237 6202.806
6945.290 6150.868
6946.343 6134.244
6947.396 6398.871
6948.449 7395.696
6949.502 7694.949
6950.555 6911.146
6951.608 6312.666
6952.661 6339.669
6953.714 6289.428
6954.767 6204.510
6955.820 6223.475
6956.873 6167.298
6957.926 6263.009
6958.979 6308.416
6960.032 6248.507
6961.085 6286.832
6962.138 6111.698
6963.191 6251.221
6964.245 6138.910
6965.298 6272.173
6966.351 6290.709
6967.404 6126.347
6968.457 6328.156
6969.510 6512.617
6970.563 6577.394
6971.616 6446.140
6972.669 6147.853
6973.722 6060.716
6974.775 6265.096
6975.828 6185.870
6976.881 6335.085
6977.934 6913.470
6978.987 6950.637
6980.040 6531.488
6981.093 6158.959
6982.146 6015.559
6983.199 6153.178
6984.252 6289.970
6985.305 6090.783
6986.358 6113.346
6987.411 6131.878
6988.464 6116.897
6989.517 5921.765
6990.570 6016.001
6991.623 6058.724
6992.676 6045.155
6993.729 6096.600
6994.782 6064.778
6995.835 6013.152
6996.888 6121.668
6997.941 6113.072
6998.994 5990.057
7000.047 6116.264
7001.100 6321.327
7002.153 6426.567
7003.206 6322.513
7004.259 6215.144
7005.312 6016.525
7006.365 6059.908
7007.418 6027.228
7008.471 6122.089
7009.524 5891.517
7010.577 6321.581
7011.630 6410.000
7012.683 6192.213
7013.736 6071.405
7014.789 5979.833
7015.842 5916.304
7016.895 5936.189
7017.948 6042.828
7019.001 5976.236
7020.054 5875.594
7021.107 6043.164
7022.160 6014.520
7023.213 5886.626
7024.266 5862.768
7025.319 5960.807
7026.372 5772.121
7027.425 5737.235
7028.478 5845.262
7029.531 5875.518
7030.584 5852.941
7031.637 5963.230
7032.690 5979.785
7033.743 5952.975
7034.796 5933.881
7035.849 5890.495
7036.902 5880.664
7037.955 5881.413
7039.008 5865.185
7040.061 5967.118
7041.114 6068.965
7042.167 5963.918
7043.220 6087.657
7044.273 5962.084
7045.326 5999.741
7046.379 5955.573
7047.433 6140.539
7048.486 6156.277
7049.539 6079.275
7050.592 5842.915
7051.645 5884.085
7052.698 5908.886
7053.751 5914.023
7054.804 5910.718
7055.857 5831.556
7056.910 5942.292
7057.963 5971.448
7059.016 5784.104
7060.069 5823.659
7061.122 5940.737
7062.175 5846.093
7063.228 5853.137
7064.281 5893.156
7065.334 5926.976
7066.387 5810.054
7067.440 6102.993
7068.493 8464.918
7069.546 9899.417
7070.599 8399.304
7071.652 6223.492
7072.705 5718.313
7073.758 5910.287
7074.811 5874.315
7075.864 5837.622
7076.917 5777.597
7077.970 5880.801
7079.023 5914.127
7080.076 5798.508
7081.129 5896.501
7082.182 6023.545
7083.235 5898.763
7084.288 5836.736
7085.341 5652.030
7086.394 5795.145
7087.447 5898.561
7088.500 5887.337
7089.553 5845.172
7090.606 5734.942
7091.659 5706.926
7092.712 5759.608
7093.765 5713.889
7094.818 5797.244
7095.871 5869.502
7096.924 5641.297
7097.977 5695.707
7099.030 5747.129
7100.083 5794.833
7101.136 5617.714
7102.189 5784.207
7103.242 5745.063
7104.295 5711.966
7105.348 5570.861
7106.401 5691.038
7107.454 5669.075
7108.507 5599.327
7109.560 5649.462
7110.613 5690.058
7111.666 5649.748
7112.719 5639.848
7113.772 5717.931
7114.825 5689.662
7115.878 5716.064
7116.931 5780.559
7117.984 5669.468
7119.037 5615.333
7120.090 5603.190
7121.143 5587.870
7122.196 5422.814
7123.249 5672.439
7124.302 5584.201
7125.355 5640.912
7126.408 5628.477
7127.461 5673.811
7128.514 5679.301
7129.568 5591.289
7130.621 5637.441
7131.674 5628.189
7132.727 5644.034
7133.780 5715.177
7134.833 5662.701
7135.886 5528.042
7136.939 5507.673
7137.992 6507.303
7139.045 14260.418
7140.098 19250.009
7141.151 14952.896
7142.204 7657.214
7143.257 5429.353
7144.310 5683.766
7145.363 5652.026
7146.416 5636.928
7147.469 5616.763
7148.522 5581.952
7149.575 5612.324
7150.628 5614.115
7151.681 5461.834
7152.734 5451.410
7153.787 5485.569
7154.840 5450.359
7155.893 5472.437
7156.946 5557.505
7157.999 5661.146
7159.052 6024.937
7160.105 5961.585
7161.158 5719.571
7162.211 5529.011
7163.264 5517.359
7164.317 5494.258
7165.370 5436.774
7166.423 5449.244
7167.476 5294.811
7168.529 5243.473
7169.582 5318.592
7170.635 5228.097
7171.688 5134.726
7172.741 5042.462
7173.794 5244.031
7174.847 5441.735
7175.900 5397.272
7176.953 5307.943
7178.006 5065.814
7179.059 5158.679
7180.112 5259.184
7181.165 5189.935
7182.218 5191.763
7183.271 5089.540
7184.324 4927.820
7185.377 4869.193
7186.430 4780.265
7187.483 4745.488
7188.536 5041.782
7189.589 5162.999
7190.642 5081.245
7191.695 4912.530
7192.748 4917.794
7193.801 4991.711
7194.854 5012.271
7195.907 5235.170
7196.960 5215.895
7198.013 5124.988
7199.066 5084.539
7200.119 5021.681
7201.172 4954.920
7202.225 4952.316
7203.278 5128.974
7204.331 4981.196
7205.384 4876.762
7206.437 4899.154
7207.490 4964.589
7208.543 5218.123
7209.596 5200.622
7210.649 5140.625
7211.702 5109.832
7212.756 5167.055
7213.809 5232.607
7214.862 5246.202
7215.915 5197.102
7216.968 5123.761
7218.021 5194.753
7219.074 5221.599
7220.127 5151.102
7221.180 5327.588
7222.233 5220.662
7223.286 5064.410
7224.339 5096.068
7225.392 5272.819
7226.445 5282.956
7227.498 5243.179
7228.551 5176.856
7229.604 5288.153
7230.657 5281.812
7231.710 5094.873
7232.763 4940.680
7233.816 4853.358
7234.869 4779.276
7235.922 4817.162
7236.975 5173.279
7238.028 5852.794
7239.081 6762.959
7240.134 7177.013
7241.187 7035.467
7242.240 6063.577
7243.293 5867.404
7244.346 6755.987
7245.399 7399.696
7246.452 6578.904
7247.505 5518.773
7248.558 5145.849
7249.611 5161.404
7250.664 5177.464
7251.717 5116.838
7252.770 5225.051
7253.823 5386.230
7254.876 5374.325
7255.929 5272.129
7256.982 5368.575
7258.035 5162.325
7259.088 5251.367
7260.141 5323.386
7261.194 5084.472
7262.247 5050.692
7263.300 5046.129
7264.353 4908.543
7265.406 4782.228
7266.459 4916.110
7267.512 5109.496
7268.565 5117.452
7269.618 5108.938
7270.671 5040.026
7271.724 4940.142
7272.777 4852.939
7273.830 5023.059
7274.883 6255.582
7275.936 8273.782
7276.989 8636.099
7278.042 6499.611
7279.095 5253.376
7280.148 5088.176
7281.201 5029.799
7282.254 5133.643
7283.307 5741.787
7284.360 6752.807
7285.413 7028.939
7286.466 6186.714
7287.519 5182.525
7288.572 4834.262
7289.625 4929.899
7290.678 4744.941
7291.731 4872.779
7292.784 5062.889
7293.837 5060.691
7294.891 5285.710
7295.944 5463.383
7296.997 5397.548
7298.050 5183.302
7299.103 4999.461
7300.156 4975.544
7301.209 4966.847
7302.262 5179.818
7303.315 5679.838
7304.368 5588.110
7305.421 5241.431
7306.474 5038.677
7307.527 5068.044
7308.580 4972.161
7309.633 4853.355
7310.686 4957.971
7311.739 5013.270
7312.792 4926.412
7313.845 4876.253
7314.898 5973.869
7315.951 7701.471
7317.004 7693.125
7318.057 6204.613
7319.110 5180.807
7320.163 4916.131
7321.216 4966.701
7322.269 5767.135
7323.322 7876.673
7324.375 9099.614
7325.428 7944.502
7326.481 6064.842
7327.534 5391.603
7328.587 5885.638
7329.640 6137.962
7330.693 5599.176
7331.746 5180.662
7332.799 5898.961
7333.852 7468.812
7334.905 8090.802
7335.958 7002.221
7337.011 5624.726
7338.064 4907.441
7339.117 5416.090
7340.170 7460.719
7341.223 8420.910
7342.276 7031.064
7343.329 5458.372
7344.382 4901.605
7345.435 4886.151
7346.488 4833.704
7347.541 4831.975
7348.594 4872.182
7349.647 4723.636
7350.700 4828.855
7351.753 4913.950
7352.806 4763.967
7353.859 4780.580
7354.912 4752.213
7355.965 4786.841
7357.018 5064.276
7358.071 5533.423
7359.124 5834.310
7360.177 5441.725
7361.230 4907.176
7362.283 4723.301
7363.336 4749.683
7364.389 4769.849
7365.442 4679.354
7366.495 4720.413
7367.548 5026.669
7368.601 6608.845
7369.654 7307.276
7370.707 6369.943
7371.760 5301.082
7372.813 4751.837
7373.866 4806.665
7374.919 4797.789
7375.972 4716.748
7377.025 4743.430
7378.079 4752.148
7379.132 4786.803
7380.185 4820.964
7381.238 4863.746
7382.291 4979.111
7383.344 4958.503
7384.397 4841.330
7385.450 4728.370
7386.503 4659.753
7387.556 4662.288
7388.609 4790.735
7389.662 4757.784
7390.715 4948.599
7391.768 5284.273
7392.821 5370.121
7393.874 5173.410
7394.927 4814.556
7395.980 4582.224
7397.033 4604.195
7398.086 4657.307
7399.139 4665.574
7400.192 5059.689
7401.245 5919.960
7402.298 6205.946
7403.351 5505.656
7404.404 4879.112
7405.457 4767.554
7406.510 4651.923
7407.563 4581.683
7408.616 4612.558
7409.669 4617.744
7410.722 4649.752
7411.775 4659.997
7412.828 4748.940
7413.881 4737.954
7414.934 4690.544
7415.987 4748.797
7417.040 4726.419
7418.093 4637.052
7419.146 4559.062
7420.199 4667.451
7421.252 4591.358
7422.305 4475.490
7423.358 4554.276
7424.411 4564.447
7425.464 4501.478
7426.517 4568.434
7427.570 4683.536
7428.623 4813.086
7429.676 4872.441
7430.729 4902.299
7431.782 4741.261
7432.835 4597.137
7433.888 4490.864
7434.941 4430.493
7435.994 4532.277
7437.047 4807.584
7438.100 5179.820
7439.153 5242.712
7440.206 4864.482
7441.259 4678.896
7442.312 4630.553
7443.365 4450.386
7444.418 4515.998
7445.471 4504.825
7446.524 4553.140
7447.577 4567.994
7448.630 4428.791
7449.683 4465.606
7450.736 4507.126
7451.789 4452.544
7452.842 4586.806
7453.895 4453.544
7454.948 4402.587
7456.001 4576.045
7457.054 4627.797
7458.107 4584.326
7459.160 4627.572
7460.214 4536.080
7461.267 4495.263
7462.320 4575.976
7463.373 4570.054
7464.426 4672.479
7465.479 4672.807
7466.532 4650.589
7467.585 4746.830
7468.638 4646.481
7469.691 4544.461
7470.744 4683.023
7471.797 4784.624
7472.850 4932.686
7473.903 5087.823
7474.956 4976.749
7476.009 4816.994
7477.062 4559.529
7478.115 4646.561
7479.168 4663.088
7480.221 4663.319
7481.274 4663.616
7482.327 4663.862
7483.380 4664.115
7484.433 4664.365
7485.486 4664.619
