5329.969 1359.016
5331.022 1214.165
5332.075 1024.923
5333.128 918.908
5334.181 847.269
5335.234 852.397
5336.287 842.162
5337.340 864.077
5338.393 839.508
5339.446 786.001
5340.499 656.235
5341.552 837.445
5342.605 816.409
5343.658 728.996
5344.711 839.704
5345.764 822.095
5346.817 915.780
5347.870 864.911
5348.923 871.083
5349.976 948.723
5351.029 818.318
5352.082 704.848
5353.135 891.194
5354.188 877.716
5355.241 981.352
5356.294 880.949
5357.347 756.803
5358.400 930.896
5359.453 839.294
5360.506 782.805
5361.559 886.291
5362.612 801.980
5363.665 758.858
5364.718 843.375
5365.771 908.449
5366.824 750.620
5367.877 841.007
5368.930 891.646
5369.983 821.197
5371.036 732.620
5372.089 798.266
5373.142 850.889
5374.195 826.083
5375.248 876.679
5376.301 904.653
5377.354 858.800
5378.407 760.333
5379.460 841.065
5380.513 831.695
5381.566 798.606
5382.619 867.006
5383.672 867.132
5384.725 922.409
5385.778 863.339
5386.831 867.534
5387.884 771.819
5388.937 942.409
5389.990 953.309
5391.043 814.914
5392.097 801.944
5393.150 776.415
5394.203 848.207
5395.256 814.598
5396.309 783.239
5397.362 794.518
5398.415 741.723
5399.468 835.446
5400.521 831.191
5401.574 835.513
5402.627 782.783
5403.680 651.840
5404.733 804.595
5405.786 821.513
5406.839 762.668
5407.892 846.552
5408.945 829.371
5409.998 758.145
5411.051 702.586
5412.104 911.596
5413.157 814.329
5414.210 762.169
5415.263 815.835
5416.316 713.391
5417.369 733.224
5418.422 880.078
5419.475 782.439
5420.528 670.653
5421.581 811.643
5422.634 692.046
5423.687 714.274
5424.740 821.071
5425.793 734.590
5426.846 965.515
5427.899 733.325
5428.952 648.422
5430.005 748.435
5431.058 853.979
5432.111 775.710
5433.164 773.436
5434.217 750.807
5435.270 835.394
5436.323 1065.880
5437.376 972.404
5438.429 853.564
5439.482 886.374
5440.535 751.149
5441.588 903.238
5442.641 927.433
5443.694 837.448
5444.747 887.390
5445.800 822.810
5446.853 778.158
5447.906 760.329
5448.959 748.045
5450.012 931.307
5451.065 674.562
5452.118 787.450
5453.171 795.483
5454.224 764.924
5455.277 755.902
5456.330 618.958
5457.383 743.537
5458.436 864.885
5459.489 822.736
5460.542 860.144
5461.595 770.506
5462.648 704.255
5463.701 731.676
5464.754 762.354
5465.807 759.577
5466.860 803.133
5467.913 842.444
5468.966 675.238
5470.019 793.672
5471.072 760.448
5472.125 815.247
5473.178 679.470
5474.231 675.834
5475.285 790.584
5476.338 746.510
5477.391 819.273
5478.444 626.021
5479.497 792.619
5480.550 736.134
5481.603 707.915
5482.656 791.132
5483.709 832.395
5484.762 839.648
5485.815 828.785
5486.868 725.153
5487.921 822.115
5488.974 788.169
5490.027 604.685
5491.080 724.694
5492.133 808.638
5493.186 706.358
5494.239 699.425
5495.292 762.125
5496.345 812.769
5497.398 768.522
5498.451 778.098
5499.504 920.665
5500.557 784.538
5501.610 770.161
5502.663 708.772
5503.716 888.049
5504.769 722.291
5505.822 719.121
5506.875 698.276
5507.928 768.083
5508.981 797.403
5510.034 770.232
5511.087 815.532
5512.140 680.662
5513.193 763.270
5514.246 813.191
5515.299 719.356
5516.352 890.784
5517.405 679.281
5518.458 758.960
5519.511 825.464
5520.564 892.203
5521.617 872.187
5522.670 881.520
5523.723 807.358
5524.776 801.147
5525.829 859.394
5526.882 730.929
5527.935 643.789
5528.988 728.478
5530.041 684.788
5531.094 775.937
5532.147 829.190
5533.200 692.493
5534.253 756.166
5535.306 779.023
5536.359 766.951
5537.412 924.583
5538.465 794.964
5539.518 785.483
5540.571 909.144
5541.624 994.573
5542.677 950.584
5543.730 902.045
5544.783 928.834
5545.836 939.365
5546.889 858.672
5547.942 783.630
5548.995 769.315
5550.048 816.172
5551.101 932.304
5552.154 842.850
5553.207 650.180
5554.260 827.632
5555.313 861.596
5556.366 866.684
5557.419 786.233
5558.473 718.505
5559.526 849.184
5560.579 873.330
5561.632 792.590
5562.685 876.734
5563.738 956.619
5564.791 983.297
5565.844 826.822
5566.897 797.799
5567.950 785.947
5569.003 861.971
5570.056 823.964
5571.109 717.569
5572.162 823.827
5573.215 745.554
5574.268 1026.861
5575.321 3915.552
5576.374 26702.236
5577.427 54589.938
5578.480 39095.129
5579.533 8398.918
5580.586 125.369
5581.639 994.649
5582.692 678.204
5583.745 840.664
5584.798 754.845
5585.851 821.417
5586.904 746.370
5587.957 885.871
5589.010 909.261
5590.063 1003.095
5591.116 784.471
5592.169 839.298
5593.222 804.938
5594.275 714.255
5595.328 696.372
5596.381 685.023
5597.434 867.942
5598.487 819.732
5599.540 745.959
5600.593 750.689
5601.646 700.803
5602.699 726.924
5603.752 837.733
5604.805 1008.231
5605.858 963.440
5606.911 824.688
5607.964 834.373
5609.017 786.366
5610.070 770.003
5611.123 769.292
5612.176 752.107
5613.229 775.451
5614.282 770.643
5615.335 771.462
5616.388 730.412
5617.441 873.973
5618.494 824.014
5619.547 755.720
5620.600 664.557
5621.653 776.727
5622.706 919.084
5623.759 827.671
5624.812 1009.845
5625.865 796.986
5626.918 744.375
5627.971 744.388
5629.024 732.905
5630.077 700.092
5631.130 770.751
5632.183 735.040
5633.236 700.907
5634.289 722.429
5635.342 710.095
5636.395 768.925
5637.448 674.757
5638.501 731.760
5639.554 861.996
5640.608 815.354
5641.661 739.246
5642.714 743.150
5643.767 709.162
5644.820 809.922
5645.873 861.927
5646.926 690.099
5647.979 717.790
5649.032 760.514
5650.085 595.724
5651.138 825.597
5652.191 739.398
5653.244 587.050
5654.297 745.233
5655.350 745.108
5656.403 671.042
5657.456 874.607
5658.509 643.015
5659.562 709.736
5660.615 659.457
5661.668 578.483
5662.721 830.200
5663.774 730.893
5664.827 704.322
5665.880 729.584
5666.933 717.414
5667.986 725.882
5669.039 835.614
5670.092 810.030
5671.145 752.211
5672.198 758.001
5673.251 725.951
5674.304 708.607
5675.357 755.356
5676.410 692.833
5677.463 849.830
5678.516 834.307
5679.569 725.076
5680.622 712.533
5681.675 844.031
5682.728 764.462
5683.781 846.840
5684.834 801.509
5685.887 732.882
5686.940 748.146
5687.993 799.916
5689.046 716.494
5690.099 807.178
5691.152 859.564
5692.205 786.419
5693.258 834.238
5694.311 755.247
5695.364 796.156
5696.417 736.720
5697.470 841.039
5698.523 808.914
5699.576 701.918
5700.629 822.379
5701.682 695.101
5702.735 768.848
5703.788 811.310
5704.841 753.658
5705.894 751.812
5706.947 751.014
5708.000 728.152
5709.053 716.979
5710.106 726.268
5711.159 733.426
5712.212 688.464
5713.265 689.284
5714.318 804.208
5715.371 709.691
5716.424 694.579
5717.477 789.371
5718.530 846.502
5719.583 744.113
5720.636 757.915
5721.689 755.900
5722.742 778.946
5723.796 832.098
5724.849 749.435
5725.902 760.712
5726.955 684.850
5728.008 710.037
5729.061 688.065
5730.114 761.420
5731.167 746.252
5732.220 774.579
5733.273 741.373
5734.326 821.090
5735.379 718.825
5736.432 535.621
5737.485 665.030
5738.538 792.135
5739.591 731.613
5740.644 632.155
5741.697 843.658
5742.750 704.014
5743.803 730.092
5744.856 779.872
5745.909 697.352
5746.962 786.727
5748.015 710.999
5749.068 734.672
5750.121 718.695
5751.174 748.916
5752.227 698.850
5753.280 683.565
5754.333 848.944
5755.386 659.029
5756.439 702.251
5757.492 764.683
5758.545 793.352
5759.598 818.319
5760.651 696.915
5761.704 716.137
5762.757 750.632
5763.810 802.803
5764.863 654.786
5765.916 768.148
5766.969 680.692
5768.022 673.009
5769.075 689.685
5770.128 698.438
5771.181 833.581
5772.234 844.893
5773.287 690.805
5774.340 784.604
5775.393 772.997
5776.446 656.883
5777.499 703.254
5778.552 734.126
5779.605 657.023
5780.658 524.517
5781.711 752.752
5782.764 724.366
5783.817 607.797
5784.870 688.932
5785.923 605.406
5786.976 655.460
5788.029 733.382
5789.082 714.453
5790.135 707.333
5791.188 700.128
5792.241 669.179
5793.294 740.590
5794.347 698.411
5795.400 780.637
5796.453 654.760
5797.506 677.031
5798.559 669.988
5799.612 595.939
5800.665 689.877
5801.718 743.681
5802.771 762.470
5803.824 702.505
5804.877 702.576
5805.931 682.642
5806.984 649.692
5808.037 747.501
5809.090 673.084
5810.143 783.163
5811.196 721.230
5812.249 610.056
5813.302 737.419
5814.355 700.561
5815.408 744.269
5816.461 725.174
5817.514 777.269
5818.567 659.799
5819.620 742.167
5820.673 670.012
5821.726 765.408
5822.779 771.968
5823.832 744.311
5824.885 821.767
5825.938 752.399
5826.991 675.570
5828.044 772.580
5829.097 675.564
5830.150 700.122
5831.203 715.650
5832.256 713.429
5833.309 776.426
5834.362 758.945
5835.415 702.349
5836.468 704.755
5837.521 756.146
5838.574 682.484
5839.627 705.138
5840.680 775.287
5841.733 746.866
5842.786 683.418
5843.839 725.409
5844.892 648.462
5845.945 767.183
5846.998 754.124
5848.051 684.465
5849.104 752.822
5850.157 712.303
5851.210 744.556
5852.263 720.986
5853.316 747.378
5854.369 615.540
5855.422 647.950
5856.475 781.127
5857.528 781.042
5858.581 746.005
5859.634 717.665
5860.687 729.351
5861.740 675.572
5862.793 720.442
5863.846 789.289
5864.899 1025.711
5865.952 1222.122
5867.005 1291.743
5868.058 1225.588
5869.111 1087.411
5870.164 910.203
5871.217 716.172
5872.270 823.128
5873.323 838.721
5874.376 729.193
5875.429 714.970
5876.482 853.946
5877.535 1617.001
5878.588 3874.425
5879.641 4152.803
5880.694 2207.523
5881.747 763.965
5882.800 718.903
5883.853 747.141
5884.906 651.111
5885.959 781.163
5887.012 1173.708
5888.065 1937.078
5889.119 4815.567
5890.172 6783.797
5891.225 4262.663
5892.278 1339.673
5893.331 771.366
5894.384 1591.346
5895.437 3657.584
5896.490 4210.350
5897.543 2186.279
5898.596 852.131
5899.649 799.768
5900.702 797.391
5901.755 719.938
5902.808 731.520
5903.861 846.573
5904.914 791.297
5905.967 877.338
5907.020 967.138
5908.073 846.591
5909.126 738.064
5910.179 726.627
5911.232 667.177
5912.285 859.009
5913.338 766.423
5914.391 1189.519
5915.444 1560.231
5916.497 1290.023
5917.550 711.134
5918.603 710.146
5919.656 731.882
5920.709 758.076
5921.762 797.265
5922.815 679.013
5923.868 856.109
5924.921 1050.446
5925.974 914.768
5927.027 785.074
5928.080 708.448
5929.133 676.311
5930.186 690.839
5931.239 855.389
5932.292 1369.044
5933.345 1451.188
5934.398 1091.133
5935.451 750.840
5936.504 757.143
5937.557 696.299
5938.610 720.587
5939.663 665.269
5940.716 774.546
5941.769 681.422
5942.822 734.458
5943.875 640.500
5944.928 816.981
5945.981 965.874
5947.034 945.153
5948.087 724.701
5949.140 705.233
5950.193 692.114
5951.246 759.212
5952.299 985.783
5953.352 1299.679
5954.405 1312.118
5955.458 834.073
5956.511 631.081
5957.564 748.535
5958.617 704.130
5959.670 825.677
5960.723 773.065
5961.776 763.834
5962.829 734.987
5963.882 652.601
5964.935 696.900
5965.988 767.222
5967.041 759.311
5968.094 693.703
5969.147 764.083
5970.200 852.501
5971.254 836.008
5972.307 692.647
5973.360 702.821
5974.413 812.683
5975.466 758.221
5976.519 961.337
5977.572 1082.666
5978.625 844.670
5979.678 690.182
5980.731 699.349
5981.784 696.478
5982.837 732.676
5983.890 687.415
5984.943 646.558
5985.996 681.090
5987.049 620.973
5988.102 616.396
5989.155 685.588
5990.208 701.043
5991.261 668.436
5992.314 665.774
5993.367 618.625
5994.420 718.547
5995.473 716.359
5996.526 713.791
5997.579 704.218
5998.632 718.713
5999.685 729.532
6000.738 638.262
6001.791 695.826
6002.844 729.325
6003.897 814.250
6004.950 793.273
6006.003 660.447
6007.056 603.840
6008.109 734.662
6009.162 580.746
6010.215 626.151
6011.268 656.137
6012.321 559.319
6013.374 630.661
6014.427 631.225
6015.480 616.734
6016.533 658.251
6017.586 494.662
6018.639 523.583
6019.692 584.372
6020.745 597.335
6021.798 591.782
6022.851 571.856
6023.904 594.769
6024.957 628.774
6026.010 553.095
6027.063 645.182
6028.116 630.495
6029.169 589.869
6030.222 620.387
6031.275 581.193
6032.328 600.476
6033.381 684.916
6034.434 712.620
6035.487 597.229
6036.540 508.289
6037.593 621.838
6038.646 564.336
6039.699 623.971
6040.752 636.525
6041.805 613.073
6042.858 572.698
6043.911 576.897
6044.964 526.984
6046.017 630.612
6047.070 634.859
6048.123 573.822
6049.176 532.306
6050.229 546.886
6051.282 540.350
6052.335 554.832
6053.388 567.964
6054.442 556.026
6055.495 503.872
6056.548 557.596
6057.601 506.614
6058.654 526.333
6059.707 537.116
6060.760 601.857
6061.813 589.191
6062.866 520.783
6063.919 579.634
6064.972 575.111
6066.025 623.783
6067.078 646.355
6068.131 569.448
6069.184 547.237
6070.237 515.815
6071.290 520.261
6072.343 542.572
6073.396 589.097
6074.449 510.256
6075.502 491.180
6076.555 506.765
6077.608 602.232
6078.661 527.398
6079.714 457.697
6080.767 522.640
6081.820 558.362
6082.873 491.858
6083.926 534.273
6084.979 506.006
6086.032 544.732
6087.085 471.553
6088.138 461.128
6089.191 504.552
6090.244 570.546
6091.297 480.651
6092.350 509.155
6093.403 454.679
6094.456 464.473
6095.509 544.233
6096.562 523.640
6097.615 538.579
6098.668 508.413
6099.721 450.278
6100.774 538.731
6101.827 552.616
6102.880 468.543
6103.933 486.082
6104.986 555.796
6106.039 537.790
6107.092 471.508
6108.145 573.272
6109.198 560.339
6110.251 514.399
6111.304 567.506
6112.357 570.034
6113.410 551.490
6114.463 515.535
6115.516 510.156
6116.569 557.907
6117.622 560.499
6118.675 525.849
6119.728 463.750
6120.781 487.479
6121.834 482.249
6122.887 420.845
6123.940 489.479
6124.993 546.345
6126.046 564.643
6127.099 500.797
6128.152 491.247
6129.205 544.777
6130.258 459.831
6131.311 495.963
6132.364 498.058
6133.417 529.668
6134.470 524.592
6135.523 543.463
6136.577 586.376
6137.630 563.910
6138.683 563.719
6139.736 620.250
6140.789 617.740
6141.842 543.575
6142.895 603.427
6143.948 665.684
6145.001 627.494
6146.054 586.838
6147.107 486.631
6148.160 470.776
6149.213 479.833
6150.266 513.320
6151.319 497.700
6152.372 491.299
6153.425 542.967
6154.478 549.928
6155.531 873.353
6156.584 1222.636
6157.637 1344.955
6158.690 1165.078
6159.743 755.987
6160.796 573.843
6161.849 513.295
6162.902 456.527
6163.955 459.889
6165.008 481.906
6166.061 465.540
6167.114 497.031
6168.167 544.422
6169.220 616.225
6170.273 800.510
6171.326 840.504
6172.379 656.712
6173.432 519.151
6174.485 476.016
6175.538 500.207
6176.591 604.141
6177.644 526.062
6178.697 574.153
6179.750 505.257
6180.803 574.666
6181.856 537.980
6182.909 488.501
6183.962 514.870
6185.015 569.465
6186.068 469.353
6187.121 517.572
6188.174 515.247
6189.227 489.119
6190.280 485.770
6191.333 421.228
6192.386 511.574
6193.439 595.788
6194.492 529.459
6195.545 496.041
6196.598 406.556
6197.651 566.400
6198.704 457.689
6199.757 456.560
6200.810 438.404
6201.863 661.858
6202.916 774.925
6203.969 630.160
6205.022 537.701
6206.075 486.739
6207.128 451.065
6208.181 499.751
6209.234 514.911
6210.287 473.559
6211.340 544.604
6212.393 586.203
6213.446 553.023
6214.499 576.823
6215.552 500.416
6216.605 477.381
6217.658 479.502
6218.711 532.371
6219.765 521.173
6220.818 663.553
6221.871 778.268
6222.924 740.916
6223.977 527.994
6225.030 471.263
6226.083 445.141
6227.136 534.178
6228.189 491.267
6229.242 480.446
6230.295 476.353
6231.348 500.184
6232.401 479.255
6233.454 725.387
6234.507 1129.936
6235.560 1513.425
6236.613 1479.333
6237.666 1051.039
6238.719 737.195
6239.772 667.871
6240.825 693.753
6241.878 753.385
6242.931 751.042
6243.984 733.195
6245.037 621.554
6246.090 520.295
6247.143 509.092
6248.196 535.495
6249.249 569.991
6250.302 510.766
6251.355 557.644
6252.408 543.812
6253.461 454.173
6254.514 505.903
6255.567 529.433
6256.620 995.018
6257.673 1609.714
6258.726 1629.118
6259.779 955.195
6260.832 499.525
6261.885 529.840
6262.938 593.196
6263.991 727.273
6265.044 941.602
6266.097 866.361
6267.150 632.116
6268.203 583.797
6269.256 607.901
6270.309 532.713
6271.362 551.198
6272.415 503.358
6273.468 493.590
6274.521 586.638
6275.574 590.187
6276.627 620.404
6277.680 623.299
6278.733 563.073
6279.786 501.326
6280.839 437.954
6281.892 510.561
6282.945 507.443
6283.998 471.205
6285.051 544.092
6286.104 884.505
6287.157 1418.450
6288.210 1368.120
6289.263 881.047
6290.316 525.957
6291.369 526.500
6292.422 518.680
6293.475 436.357
6294.528 505.415
6295.581 522.298
6296.634 1047.210
6297.687 327.480
6298.740 11797.241
6299.793 44171.326
6300.846 53880.285
6301.899 27985.932
6302.953 323.555
6304.006 1581.173
6305.059 757.585
6306.112 1351.400
6307.165 1723.309
6308.218 1324.262
6309.271 588.309
6310.324 538.048
6311.377 542.376
6312.430 517.025
6313.483 488.779
6314.536 655.259
6315.589 915.608
6316.642 807.824
6317.695 610.782
6318.748 531.476
6319.801 574.017
6320.854 722.022
6321.907 883.217
6322.960 660.148
6324.013 476.466
6325.066 549.501
6326.119 509.901
6327.172 497.009
6328.225 625.736
6329.278 1344.843
6330.331 1361.267
6331.384 1025.825
6332.437 514.421
6333.490 433.680
6334.543 469.110
6335.596 496.562
6336.649 393.236
6337.702 491.350
6338.755 472.096
6339.808 484.498
6340.861 511.986
6341.914 481.396
6342.967 521.248
6344.020 535.857
6345.073 426.819
6346.126 477.464
6347.179 587.264
6348.232 646.670
6349.285 612.420
6350.338 463.268
6351.391 433.271
6352.444 479.045
6353.497 547.203
6354.550 472.541
6355.603 915.870
6356.656 1036.900
6357.709 766.575
6358.762 477.577
6359.815 515.007
6360.868 644.603
6361.921 1433.755
6362.974 12315.102
6364.027 18665.938
6365.080 11339.256
6366.133 2292.831
6367.186 329.135
6368.239 704.394
6369.292 422.171
6370.345 484.446
6371.398 436.667
6372.451 433.168
6373.504 493.357
6374.557 462.323
6375.610 418.872
6376.663 416.337
6377.716 528.450
6378.769 600.193
6379.822 588.184
6380.875 510.064
6381.928 481.560
6382.981 469.754
6384.034 415.440
6385.088 540.258
6386.141 727.890
6387.194 697.670
6388.247 566.259
6389.300 503.729
6390.353 469.715
6391.406 418.820
6392.459 457.708
6393.512 431.961
6394.565 444.218
6395.618 397.230
6396.671 422.791
6397.724 493.875
6398.777 425.064
6399.830 380.502
6400.883 377.788
6401.936 393.065
6402.989 368.265
6404.042 402.713
6405.095 445.999
6406.148 505.483
6407.201 353.777
6408.254 379.864
6409.307 464.635
6410.360 403.885
6411.413 416.659
6412.466 449.073
6413.519 504.136
6414.572 428.851
6415.625 473.825
6416.678 403.746
6417.731 357.330
6418.784 433.206
6419.837 582.516
6420.890 538.376
6421.943 494.733
6422.996 434.815
6424.049 400.357
6425.102 434.539
6426.155 431.752
6427.208 417.705
6428.261 390.622
6429.314 396.968
6430.367 403.648
6431.420 399.356
6432.473 406.309
6433.526 394.068
6434.579 413.617
6435.632 399.037
6436.685 446.606
6437.738 453.968
6438.791 399.976
6439.844 387.664
6440.897 385.547
6441.950 408.409
6443.003 384.833
6444.056 380.582
6445.109 379.939
6446.162 397.328
6447.215 406.605
6448.268 353.464
6449.321 410.810
6450.374 438.616
6451.427 453.369
6452.480 516.737
6453.533 508.242
6454.586 591.666
6455.639 669.142
6456.692 552.517
6457.745 503.473
6458.798 441.732
6459.851 412.365
6460.904 377.731
6461.957 460.731
6463.010 583.207
6464.063 753.862
6465.116 827.364
6466.169 936.618
6467.222 761.864
6468.276 458.881
6469.329 564.311
6470.382 887.648
6471.435 952.614
6472.488 639.553
6473.541 446.343
6474.594 389.956
6475.647 349.047
6476.700 412.171
6477.753 547.405
6478.806 477.186
6479.859 436.257
6480.912 386.424
6481.965 410.007
6483.018 366.799
6484.071 368.723
6485.124 343.093
6486.177 384.242
6487.230 389.020
6488.283 318.710
6489.336 407.735
6490.389 403.912
6491.442 359.829
6492.495 371.693
6493.548 370.089
6494.601 374.542
6495.654 341.724
6496.707 448.287
6497.760 1083.656
6498.813 1669.906
6499.866 1205.506
6500.919 527.777
6501.972 390.989
6503.025 447.862
6504.078 562.557
6505.131 759.059
6506.184 671.320
6507.237 412.156
6508.290 346.284
6509.343 413.321
6510.396 355.909
6511.449 378.930
6512.502 370.396
6513.555 507.946
6514.608 407.480
6515.661 385.988
6516.714 343.946
6517.767 374.597
6518.820 382.948
6519.873 383.545
6520.926 396.024
6521.979 618.630
6523.032 711.402
6524.085 526.476
6525.138 448.286
6526.191 398.638
6527.244 369.627
6528.297 391.303
6529.350 370.070
6530.403 361.892
6531.456 596.696
6532.509 1110.627
6533.562 1411.841
6534.615 844.098
6535.668 382.065
6536.721 381.270
6537.774 370.822
6538.827 381.308
6539.880 336.679
6540.933 442.615
6541.986 462.588
6543.039 544.148
6544.092 738.477
6545.145 695.220
6546.198 417.804
6547.251 391.052
6548.304 438.825
6549.357 448.003
6550.411 558.878
6551.464 620.686
6552.517 1091.611
6553.570 1580.441
6554.623 1308.343
6555.676 556.981
6556.729 373.743
6557.782 397.292
6558.835 419.726
6559.888 407.076
6560.941 398.405
6561.994 599.024
6563.047 1141.756
6564.100 1478.072
6565.153 23475.300
6566.206 60431.849
6567.259 62304.880
6568.312 23272.348
6569.365 1373.546
6570.418 891.031
6571.471 484.463
6572.524 455.357
6573.577 414.718
6574.630 373.892
6575.683 524.396
6576.736 1028.358
6577.789 1226.458
6578.842 775.370
6579.895 361.741
6580.948 435.514
6582.001 416.928
6583.054 456.871
6584.107 462.416
6585.160 603.680
6586.213 903.516
6587.266 1133.991
6588.319 873.611
6589.372 504.323
6590.425 409.657
6591.478 416.954
6592.531 404.327
6593.584 383.144
6594.637 437.544
6595.690 477.495
6596.743 552.668
6597.796 502.146
6598.849 362.536
6599.902 336.477
6600.955 386.823
6602.008 338.960
6603.061 500.751
6604.114 705.289
6605.167 696.392
6606.220 480.046
6607.273 343.337
6608.326 318.808
6609.379 343.325
6610.432 344.479
6611.485 318.950
6612.538 352.273
6613.591 378.648
6614.644 379.192
6615.697 352.566
6616.750 353.854
6617.803 319.855
6618.856 313.307
6619.909 365.168
6620.962 356.428
6622.015 337.203
6623.068 397.524
6624.121 421.449
6625.174 324.460
6626.227 345.044
6627.280 413.034
6628.333 396.109
6629.386 333.052
6630.439 437.917
6631.492 344.178
6632.545 361.019
6633.599 467.662
6634.652 460.927
6635.705 452.402
6636.758 311.501
6637.811 353.222
6638.864 419.766
6639.917 384.586
6640.970 355.130
6642.023 329.924
6643.076 363.984
6644.129 358.365
6645.182 316.701
6646.235 330.766
6647.288 379.981
6648.341 343.184
6649.394 320.425
6650.447 351.198
6651.500 294.982
6652.553 375.597
6653.606 380.968
6654.659 316.896
6655.712 407.703
6656.765 341.688
6657.818 332.463
6658.871 325.140
6659.924 323.942
6660.977 371.089
6662.030 386.328
6663.083 323.685
6664.136 300.920
6665.189 299.290
6666.242 357.621
6667.295 416.353
6668.348 346.191
6669.401 333.488
6670.454 351.960
6671.507 388.352
6672.560 336.137
6673.613 294.188
6674.666 324.167
6675.719 359.103
6676.772 335.225
6677.825 319.218
6678.878 333.185
6679.931 416.626
6680.984 716.996
6682.037 1010.789
6683.090 861.288
6684.143 424.932
6685.196 345.827
6686.249 349.988
6687.302 345.889
6688.355 355.856
6689.408 355.984
6690.461 325.100
6691.514 317.519
6692.567 327.049
6693.620 317.772
6694.673 369.594
6695.726 319.344
6696.779 397.531
6697.832 331.044
6698.885 396.552
6699.938 431.617
6700.991 335.607
6702.044 292.163
6703.097 362.949
6704.150 378.986
6705.203 310.113
6706.256 362.831
6707.309 311.500
6708.362 303.829
6709.415 361.915
6710.468 340.016
6711.521 301.022
6712.574 289.945
6713.627 291.819
6714.680 309.600
6715.734 278.461
6716.787 332.258
6717.840 531.926
6718.893 1425.020
6719.946 2373.459
6720.999 1837.563
6722.052 871.513
6723.105 408.461
6724.158 350.415
6725.211 337.025
6726.264 315.806
6727.317 308.319
6728.370 352.211
6729.423 292.391
6730.476 285.321
6731.529 389.220
6732.582 697.674
6733.635 1344.410
6734.688 1676.218
6735.741 1214.967
6736.794 584.039
6737.847 330.208
6738.900 348.515
6739.953 367.893
6741.006 317.521
6742.059 300.164
6743.112 370.975
6744.165 335.365
6745.218 381.620
6746.271 351.947
6747.324 306.101
6748.377 328.317
6749.430 355.169
6750.483 345.249
6751.536 322.902
6752.589 322.634
6753.642 327.853
6754.695 305.830
6755.748 339.026
6756.801 365.997
6757.854 336.141
6758.907 305.319
6759.960 308.627
6761.013 311.257
6762.066 315.355
6763.119 300.449
6764.172 324.788
6765.225 345.931
6766.278 327.805
6767.331 289.158
6768.384 346.143
6769.437 318.216
6770.490 252.782
6771.543 351.635
6772.596 334.826
6773.649 317.971
6774.702 306.405
6775.755 309.010
6776.808 325.600
6777.861 320.894
6778.914 293.630
6779.967 295.697
6781.020 303.206
6782.073 317.409
6783.126 270.090
6784.179 273.664
6785.232 322.609
6786.285 322.220
6787.338 322.188
6788.391 339.339
6789.444 323.524
6790.497 311.954
6791.550 373.168
6792.603 300.977
6793.656 292.036
6794.709 305.247
6795.762 284.733
6796.815 332.880
6797.868 310.767
6798.922 311.523
6799.975 289.321
6801.028 284.313
6802.081 379.526
6803.134 289.081
6804.187 328.571
6805.240 301.573
6806.293 304.217
6807.346 309.838
6808.399 307.147
6809.452 335.659
6810.505 319.802
6811.558 295.369
6812.611 275.662
6813.664 333.000
6814.717 354.957
6815.770 279.012
6816.823 290.461
6817.876 328.046
6818.929 284.735
6819.982 231.212
6821.035 318.598
6822.088 323.312
6823.141 316.595
6824.194 318.994
6825.247 325.835
6826.300 511.387
6827.353 808.506
6828.406 1415.799
6829.459 1692.544
6830.512 1426.253
6831.565 712.876
6832.618 578.600
6833.671 1384.272
6834.724 1802.560
6835.777 1083.620
6836.830 396.417
6837.883 345.359
6838.936 344.179
6839.989 358.155
6841.042 527.783
6842.095 613.089
6843.148 559.134
6844.201 313.472
6845.254 283.608
6846.307 326.879
6847.360 334.079
6848.413 374.233
6849.466 300.669
6850.519 376.221
6851.572 339.593
6852.625 332.620
6853.678 288.174
6854.731 334.776
6855.784 344.639
6856.837 290.223
6857.890 280.650
6858.943 288.500
6859.996 285.750
6861.049 308.189
6862.102 800.751
6863.155 2178.279
6864.208 3101.207
6865.261 1962.854
6866.314 320.156
6867.367 259.141
6868.420 210.593
6869.473 197.927
6870.526 424.073
6871.579 431.935
6872.632 328.096
6873.685 195.729
6874.738 219.823
6875.791 213.922
6876.844 224.394
6877.897 272.269
6878.950 259.787
6880.003 423.338
6881.056 599.797
6882.110 527.842
6883.163 397.551
6884.216 298.633
6885.269 238.668
6886.322 273.285
6887.375 334.267
6888.428 530.899
6889.481 797.265
6890.534 652.328
6891.587 310.911
6892.640 228.009
6893.693 353.358
6894.746 313.791
6895.799 306.925
6896.852 188.628
6897.905 289.479
6898.958 253.490
6900.011 561.369
6901.064 726.507
6902.117 551.055
6903.170 379.982
6904.223 320.458
6905.276 258.931
6906.329 271.375
6907.382 307.710
6908.435 250.108
6909.488 204.824
6910.541 292.363
6911.594 710.244
6912.647 1085.792
6913.700 855.888
6914.753 348.391
6915.806 280.736
6916.859 289.749
6917.912 284.106
6918.965 278.365
6920.018 274.609
6921.071 291.159
6922.124 1013.598
6923.177 1683.697
6924.230 1335.435
6925.283 569.749
6926.336 301.940
6927.389 325.602
6928.442 287.127
6929.495 287.780
6930.548 328.612
6931.601 286.792
6932.654 258.274
6933.707 266.666
6934.760 304.858
6935.813 241.554
6936.866 316.277
6937.919 408.971
6938.972 855.056
6940.025 914.595
6941.078 600.458
6942.131 299.584
6943.184 268.835
6944.237 312.193
6945.290 283.968
6946.343 264.064
6947.396 601.236
6948.449 1540.237
6949.502 2085.739
6950.555 1214.475
6951.608 330.079
6952.661 334.482
6953.714 324.549
6954.767 350.055
6955.820 346.931
6956.873 367.562
6957.926 322.393
6958.979 355.007
6960.032 328.194
6961.085 242.591
6962.138 314.339
6963.191 283.080
6964.245 315.586
6965.298 337.708
6966.351 339.786
6967.404 296.083
6968.457 397.757
6969.510 625.808
6970.563 699.765
6971.616 544.298
6972.669 313.418
6973.722 288.763
6974.775 262.084
6975.828 325.364
6976.881 477.551
6977.934 1135.498
6978.987 1305.695
6980.040 792.611
6981.093 341.923
6982.146 288.276
6983.199 364.607
6984.252 267.557
6985.305 286.124
6986.358 336.786
6987.411 302.910
6988.464 275.778
6989.517 330.197
6990.570 322.438
6991.623 329.952
6992.676 351.622
6993.729 293.313
6994.782 324.529
6995.835 326.501
6996.888 322.489
6997.941 310.905
6998.994 350.395
7000.047 313.739
7001.100 409.969
7002.153 649.572
7003.206 621.049
7004.259 534.298
7005.312 402.766
7006.365 250.905
7007.418 251.402
7008.471 296.261
7009.524 325.229
7010.577 537.175
7011.630 729.062
7012.683 576.166
7013.736 336.977
7014.789 265.491
7015.842 294.165
7016.895 323.234
7017.948 285.754
7019.001 277.373
7020.054 278.918
7021.107 302.499
7022.160 222.637
7023.213 242.037
7024.266 276.584
7025.319 308.874
7026.372 283.532
7027.425 289.015
7028.478 291.406
7029.531 289.344
7030.584 292.202
7031.637 295.727
7032.690 285.375
7033.743 292.545
7034.796 310.516
7035.849 264.726
7036.902 277.272
7037.955 228.184
7039.008 321.969
7040.061 270.013
7041.114 416.692
7042.167 384.551
7043.220 326.651
7044.273 321.583
7045.326 334.253
7046.379 381.562
7047.433 500.649
7048.486 570.446
7049.539 472.770
7050.592 385.833
7051.645 389.518
7052.698 343.255
7053.751 327.398
7054.804 328.269
7055.857 332.928
7056.910 279.583
7057.963 277.884
7059.016 270.584
7060.069 283.511
7061.122 311.130
7062.175 363.310
7063.228 343.301
7064.281 360.485
7065.334 313.950
7066.387 397.430
7067.440 448.932
7068.493 605.452
7069.546 758.699
7070.599 584.600
7071.652 402.386
7072.705 328.053
7073.758 312.697
7074.811 335.031
7075.864 293.082
7076.917 324.962
7077.970 354.808
7079.023 318.713
7080.076 323.231
7081.129 301.909
7082.182 408.552
7083.235 412.915
7084.288 325.289
7085.341 250.766
7086.394 309.333
7087.447 381.999
7088.500 414.670
7089.553 398.931
7090.606 290.348
7091.659 275.226
7092.712 272.808
7093.765 276.295
7094.818 265.637
7095.871 290.897
7096.924 291.242
7097.977 298.370
7099.030 282.906
7100.083 298.791
7101.136 323.777
7102.189 280.308
7103.242 281.956
7104.295 289.125
7105.348 292.998
7106.401 284.372
7107.454 294.436
7108.507 295.721
7109.560 261.483
7110.613 269.565
7111.666 281.392
7112.719 322.077
7113.772 283.272
7114.825 286.251
7115.878 238.081
7116.931 261.291
7117.984 269.355
7119.037 236.094
7120.090 271.030
7121.143 285.993
7122.196 255.573
7123.249 267.434
7124.302 262.223
7125.355 234.887
7126.408 337.400
7127.461 402.162
7128.514 320.759
7129.568 312.679
7130.621 250.404
7131.674 269.314
7132.727 300.044
7133.780 347.244
7134.833 307.699
7135.886 259.354
7136.939 314.519
7137.992 461.538
7139.045 1235.412
7140.098 1649.757
7141.151 1143.796
7142.204 517.719
7143.257 347.886
7144.310 409.550
7145.363 386.239
7146.416 350.614
7147.469 364.513
7148.522 328.300
7149.575 383.656
7150.628 307.442
7151.681 320.209
7152.734 329.186
7153.787 278.477
7154.840 277.465
7155.893 295.952
7156.946 323.445
7157.999 304.051
7159.052 295.177
7160.105 288.780
7161.158 303.103
7162.211 333.389
7163.264 318.186
7164.317 332.065
7165.370 317.257
7166.423 320.670
7167.476 285.964
7168.529 285.628
7169.582 294.469
7170.635 284.350
7171.688 286.903
7172.741 246.659
7173.794 345.081
7174.847 328.614
7175.900 317.824
7176.953 323.738
7178.006 259.297
7179.059 307.632
7180.112 367.278
7181.165 361.869
7182.218 337.338
7183.271 266.632
7184.324 298.778
7185.377 295.918
7186.430 240.126
7187.483 230.439
7188.536 255.997
7189.589 270.579
7190.642 223.155
7191.695 233.322
7192.748 268.666
7193.801 243.419
7194.854 216.919
7195.907 224.879
7196.960 253.664
7198.013 257.176
7199.066 267.398
7200.119 275.027
7201.172 272.816
7202.225 264.509
7203.278 255.263
7204.331 208.671
7205.384 216.368
7206.437 273.507
7207.490 240.016
7208.543 257.588
7209.596 265.145
7210.649 260.808
7211.702 246.547
7212.756 248.781
7213.809 228.480
7214.862 249.368
7215.915 309.863
7216.968 270.596
7218.021 269.433
7219.074 293.625
7220.127 289.601
7221.180 304.965
7222.233 304.637
7223.286 258.677
7224.339 280.420
7225.392 281.446
7226.445 283.328
7227.498 331.824
7228.551 336.815
7229.604 290.719
7230.657 278.369
7231.710 312.275
7232.763 307.182
7233.816 307.599
7234.869 312.104
7235.922 291.656
7236.975 440.284
7238.028 1092.956
7239.081 2156.528
7240.134 2862.259
7241.187 2578.383
7242.240 1452.239
7243.293 1328.938
7244.346 2280.836
7245.399 2898.512
7246.452 2073.148
7247.505 874.151
7248.558 447.219
7249.611 328.997
7250.664 317.150
7251.717 430.102
7252.770 777.638
7253.823 841.707
7254.876 666.958
7255.929 493.729
7256.982 371.038
7258.035 345.827
7259.088 270.716
7260.141 302.905
7261.194 303.649
7262.247 267.498
7263.300 310.898
7264.353 320.799
7265.406 299.299
7266.459 330.045
7267.512 409.848
7268.565 410.664
7269.618 429.487
7270.671 343.619
7271.724 337.852
7272.777 299.077
7273.830 502.608
7274.883 1996.636
7275.936 4191.724
7276.989 4373.811
7278.042 2279.408
7279.095 639.571
7280.148 376.795
7281.201 398.751
7282.254 492.808
7283.307 1090.084
7284.360 1867.262
7285.413 1774.645
7286.466 931.915
7287.519 416.836
7288.572 247.458
7289.625 325.777
7290.678 352.264
7291.731 382.434
7292.784 336.663
7293.837 349.422
7294.891 533.039
7295.944 751.323
7296.997 665.305
7298.050 376.906
7299.103 291.100
7300.156 261.790
7301.209 286.857
7302.262 645.215
7303.315 1058.476
7304.368 1102.618
7305.421 693.012
7306.474 390.223
7307.527 342.301
7308.580 285.994
7309.633 323.702
7310.686 426.994
7311.739 433.020
7312.792 341.660
7313.845 412.842
7314.898 1512.023
7315.951 3274.652
7317.004 3341.803
7318.057 1646.856
7319.110 555.676
7320.163 261.521
7321.216 324.044
7322.269 351.051
7323.322 398.479
7324.375 438.896
7325.428 328.752
7326.481 319.835
7327.534 728.939
7328.587 1368.619
7329.640 1605.233
7330.693 1132.586
7331.746 496.019
7332.799 386.937
7333.852 444.800
7334.905 372.410
7335.958 362.791
7337.011 298.261
7338.064 309.441
7339.117 1096.698
7340.170 3058.928
7341.223 4247.942
7342.276 2750.121
7343.329 937.715
7344.382 410.925
7345.435 366.580
7346.488 355.713
7347.541 296.255
7348.594 313.718
7349.647 341.900
7350.700 325.715
7351.753 398.015
7352.806 341.677
7353.859 312.382
7354.912 314.224
7355.965 340.870
7357.018 624.723
7358.071 1201.577
7359.124 1417.851
7360.177 968.863
7361.230 474.946
7362.283 303.220
7363.336 282.892
7364.389 364.458
7365.442 311.427
7366.495 320.521
7367.548 825.758
7368.601 2279.103
7369.654 3071.169
7370.707 2150.175
7371.760 953.785
7372.813 425.818
7373.866 357.625
7374.919 363.704
7375.972 308.922
7377.025 281.866
7378.079 319.839
7379.132 301.602
7380.185 281.016
7381.238 313.900
7382.291 315.816
7383.344 352.056
7384.397 292.268
7385.450 283.276
7386.503 256.024
7387.556 302.504
7388.609 328.897
7389.662 345.061
7390.715 566.362
7391.768 904.441
7392.821 974.318
7393.874 692.722
7394.927 372.786
7395.980 248.240
7397.033 249.842
7398.086 232.209
7399.139 247.680
7400.192 667.574
7401.245 1575.622
7402.298 1873.854
7403.351 1249.821
7404.404 531.228
7405.457 287.513
7406.510 271.449
7407.563 238.283
7408.616 254.475
7409.669 223.992
7410.722 208.864
7411.775 315.333
7412.828 302.216
7413.881 281.413
7414.934 264.188
7415.987 259.148
7417.040 251.684
7418.093 265.128
7419.146 263.406
7420.199 239.432
7421.252 233.248
7422.305 254.803
7423.358 287.002
7424.411 262.452
7425.464 254.713
7426.517 277.243
7427.570 246.682
7428.623 489.722
7429.676 622.821
7430.729 574.492
7431.782 423.811
7432.835 288.782
7433.888 257.884
7434.941 241.902
7435.994 239.282
7437.047 551.268
7438.100 943.865
7439.153 950.909
7440.206 681.300
7441.259 424.769
7442.312 231.366
7443.365 262.251
7444.418 229.855
7445.471 264.264
7446.524 271.368
7447.577 235.861
7448.630 211.688
7449.683 224.991
7450.736 228.621
7451.789 235.932
7452.842 288.841
7453.895 271.438
7454.948 254.303
7456.001 250.791
7457.054 249.713
7458.107 279.475
7459.160 256.769
7460.214 255.904
7461.267 292.222
7462.320 331.788
7463.373 401.493
7464.426 410.169
7465.479 406.836
7466.532 548.441
7467.585 559.540
7468.638 433.074
7469.691 366.538
7470.744 487.962
7471.797 603.315
7472.850 702.858
7473.903 870.515
7474.956 848.886
7476.009 680.406
7477.062 426.264
7478.115 305.749
7479.168 552.132
7480.221 642.722
7481.274 642.686
7482.327 642.648
7483.380 642.610
7484.433 642.574
7485.486 642.539
