5329.969 1838.170
5331.022 1793.440
5332.075 1496.197
5333.128 1210.864
5334.181 1155.707
5335.234 1251.659
5336.287 1261.393
5337.340 1376.998
5338.393 1121.602
5339.446 1225.992
5340.499 1044.475
5341.552 1220.683
5342.605 1282.916
5343.658 1164.578
5344.711 1146.801
5345.764 1213.932
5346.817 1350.920
5347.870 1085.405
5348.923 1299.035
5349.976 1250.052
5351.029 1233.644
5352.082 1305.118
5353.135 1224.022
5354.188 1118.955
5355.241 1192.633
5356.294 1224.055
5357.347 1248.330
5358.400 1102.169
5359.453 1236.374
5360.506 1051.425
5361.559 1139.009
5362.612 1094.514
5363.665 1162.358
5364.718 1193.213
5365.771 1111.323
5366.824 1287.011
5367.877 1263.308
5368.930 1195.794
5369.983 1310.204
5371.036 1134.497
5372.089 1231.715
5373.142 1261.234
5374.195 1127.899
5375.248 1198.700
5376.301 1189.465
5377.354 1138.565
5378.407 1173.049
5379.460 1125.161
5380.513 1146.171
5381.566 1138.362
5382.619 1090.006
5383.672 1142.332
5384.725 1046.438
5385.778 1097.058
5386.831 1152.634
5387.884 1153.262
5388.937 1173.720
5389.990 1210.712
5391.043 1083.023
5392.097 1187.593
5393.150 1155.992
5394.203 1052.414
5395.256 1155.391
5396.309 995.390
5397.362 1085.903
5398.415 1137.460
5399.468 1092.147
5400.521 1169.862
5401.574 988.601
5402.627 1113.515
5403.680 983.020
5404.733 1152.222
5405.786 1097.558
5406.839 1048.370
5407.892 1071.844
5408.945 1083.141
5409.998 1134.745
5411.051 1140.145
5412.104 1215.685
5413.157 1210.751
5414.210 1022.103
5415.263 1146.520
5416.316 1077.314
5417.369 1252.740
5418.422 1146.757
5419.475 1141.298
5420.528 1076.285
5421.581 1224.612
5422.634 1127.121
5423.687 1042.498
5424.740 939.904
5425.793 1037.518
5426.846 890.549
5427.899 1247.998
5428.952 1093.650
5430.005 1033.875
5431.058 1082.100
5432.111 1174.931
5433.164 994.490
5434.217 1128.353
5435.270 1291.782
5436.323 1216.689
5437.376 1241.313
5438.429 1216.152
5439.482 966.473
5440.535 1158.385
5441.588 1217.199
5442.641 1128.706
5443.694 1187.518
5444.747 1106.079
5445.800 1046.144
5446.853 1045.893
5447.906 1026.386
5448.959 1172.635
5450.012 1183.878
5451.065 1105.365
5452.118 980.579
5453.171 1208.295
5454.224 1165.076
5455.277 1047.074
5456.330 1114.128
5457.383 1088.534
5458.436 1042.371
5459.489 1081.839
5460.542 1211.281
5461.595 1187.223
5462.648 1219.217
5463.701 1114.837
5464.754 1179.866
5465.807 977.551
5466.860 1101.861
5467.913 1147.393
5468.966 1106.514
5470.019 1205.025
5471.072 1052.335
5472.125 1120.570
5473.178 1122.178
5474.231 1017.113
5475.285 1104.627
5476.338 974.265
5477.391 1040.427
5478.444 1075.601
5479.497 1113.710
5480.550 1118.303
5481.603 1077.737
5482.656 1074.848
5483.709 978.983
5484.762 1040.275
5485.815 1032.978
5486.868 1021.768
5487.921 955.827
5488.974 976.916
5490.027 985.204
5491.080 1015.068
5492.133 1145.372
5493.186 1044.150
5494.239 1016.817
5495.292 1133.903
5496.345 1064.573
5497.398 1005.484
5498.451 1120.686
5499.504 1079.923
5500.557 1141.557
5501.610 1145.677
5502.663 1027.503
5503.716 1107.760
5504.769 1026.842
5505.822 1094.997
5506.875 985.289
5507.928 1269.972
5508.981 948.961
5510.034 1072.508
5511.087 1061.635
5512.140 1090.632
5513.193 1145.552
5514.246 1092.118
5515.299 1058.457
5516.352 1132.617
5517.405 1134.173
5518.458 1033.035
5519.511 1032.186
5520.564 1432.410
5521.617 1383.464
5522.670 1226.027
5523.723 1063.274
5524.776 1059.886
5525.829 1031.072
5526.882 912.180
5527.935 1013.510
5528.988 1094.015
5530.041 1003.660
5531.094 1053.776
5532.147 1035.578
5533.200 1014.385
5534.253 1063.289
5535.306 1085.567
5536.359 1045.071
5537.412 1154.997
5538.465 1018.097
5539.518 965.890
5540.571 1204.035
5541.624 1380.192
5542.677 1276.585
5543.730 1235.199
5544.783 1230.778
5545.836 1121.660
5546.889 1079.494
5547.942 1038.284
5548.995 1121.801
5550.048 1216.576
5551.101 989.675
5552.154 1072.476
5553.207 1105.364
5554.260 1064.052
5555.313 1131.551
5556.366 1112.580
5557.419 1108.271
5558.473 1102.844
5559.526 974.911
5560.579 1038.844
5561.632 987.354
5562.685 1059.862
5563.738 1287.296
5564.791 1258.776
5565.844 1158.864
5566.897 1094.851
5567.950 974.224
5569.003 1157.069
5570.056 1207.297
5571.109 990.245
5572.162 1025.630
5573.215 964.958
5574.268 1647.456
5575.321 1859.431
5576.374 29684.523
5577.427 53186.550
5578.480 41986.879
5579.533 5899.271
5580.586 1178.765
5581.639 1023.321
5582.692 1055.290
5583.745 1021.563
5584.798 1092.742
5585.851 1060.596
5586.904 1008.565
5587.957 1071.044
5589.010 1215.827
5590.063 1214.983
5591.116 1078.449
5592.169 984.742
5593.222 1022.697
5594.275 1135.768
5595.328 1075.891
5596.381 1088.288
5597.434 1116.700
5598.487 1086.219
5599.540 1120.604
5600.593 980.272
5601.646 906.130
5602.699 920.805
5603.752 1058.378
5604.805 1244.194
5605.858 1279.324
5606.911 1099.526
5607.964 1073.833
5609.017 1020.267
5610.070 955.791
5611.123 1024.498
5612.176 986.403
5613.229 946.665
5614.282 969.105
5615.335 949.460
5616.388 964.368
5617.441 1029.768
5618.494 1033.660
5619.547 1007.927
5620.600 1020.870
5621.653 1049.661
5622.706 1077.583
5623.759 1254.606
5624.812 1191.535
5625.865 941.979
5626.918 944.559
5627.971 888.058
5629.024 865.659
5630.077 1031.113
5631.130 1026.255
5632.183 1002.417
5633.236 921.892
5634.289 943.615
5635.342 935.973
5636.395 965.743
5637.448 921.586
5638.501 1024.303
5639.554 1017.881
5640.608 1018.782
5641.661 1010.731
5642.714 961.488
5643.767 992.512
5644.820 1258.607
5645.873 1128.969
5646.926 1107.597
5647.979 1052.428
5649.032 1108.081
5650.085 1023.319
5651.138 1018.377
5652.191 940.319
5653.244 1023.632
5654.297 944.517
5655.350 1018.359
5656.403 987.949
5657.456 939.513
5658.509 914.798
5659.562 937.320
5660.615 1038.552
5661.668 1052.380
5662.721 1043.169
5663.774 1019.546
5664.827 1023.560
5665.880 1042.485
5666.933 979.434
5667.986 933.900
5669.039 996.257
5670.092 1112.282
5671.145 1114.854
5672.198 1064.211
5673.251 1016.062
5674.304 934.974
5675.357 1058.435
5676.410 1066.770
5677.463 1016.967
5678.516 1031.969
5679.569 1033.659
5680.622 957.326
5681.675 1022.982
5682.728 993.668
5683.781 964.237
5684.834 1021.198
5685.887 1111.168
5686.940 1126.299
5687.993 919.452
5689.046 1023.761
5690.099 1071.071
5691.152 1060.676
5692.205 1131.569
5693.258 1114.483
5694.311 977.563
5695.364 1042.814
5696.417 1057.532
5697.470 1112.546
5698.523 981.747
5699.576 929.764
5700.629 862.302
5701.682 1050.388
5702.735 1057.757
5703.788 985.323
5704.841 1188.631
5705.894 961.623
5706.947 1022.961
5708.000 964.569
5709.053 1009.720
5710.106 958.727
5711.159 961.048
5712.212 1058.588
5713.265 976.981
5714.318 1123.041
5715.371 1046.127
5716.424 1089.197
5717.477 1047.299
5718.530 1049.784
5719.583 1049.273
5720.636 991.793
5721.689 983.608
5722.742 1084.190
5723.796 1062.839
5724.849 1057.349
5725.902 1003.781
5726.955 1041.543
5728.008 1035.956
5729.061 930.611
5730.114 997.819
5731.167 924.515
5732.220 933.225
5733.273 930.831
5734.326 980.808
5735.379 1063.072
5736.432 1013.818
5737.485 869.792
5738.538 974.361
5739.591 964.280
5740.644 897.515
5741.697 941.064
5742.750 875.057
5743.803 936.618
5744.856 1015.209
5745.909 1037.576
5746.962 1043.981
5748.015 919.555
5749.068 1005.632
5750.121 1003.201
5751.174 1073.959
5752.227 861.525
5753.280 953.875
5754.333 844.786
5755.386 960.559
5756.439 1077.744
5757.492 1156.481
5758.545 1033.383
5759.598 945.975
5760.651 1002.543
5761.704 882.958
5762.757 909.417
5763.810 973.860
5764.863 910.391
5765.916 857.307
5766.969 992.012
5768.022 909.209
5769.075 916.897
5770.128 961.356
5771.181 968.983
5772.234 950.287
5773.287 1005.782
5774.340 898.810
5775.393 906.046
5776.446 977.442
5777.499 1019.243
5778.552 1050.977
5779.605 914.836
5780.658 827.803
5781.711 959.032
5782.764 949.268
5783.817 993.771
5784.870 919.836
5785.923 809.437
5786.976 866.207
5788.029 902.313
5789.082 924.493
5790.135 1016.293
5791.188 913.016
5792.241 992.213
5793.294 1054.780
5794.347 964.701
5795.400 964.882
5796.453 926.306
5797.506 912.800
5798.559 983.136
5799.612 1030.523
5800.665 921.566
5801.718 913.971
5802.771 973.224
5803.824 970.656
5804.877 1007.706
5805.931 1010.276
5806.984 975.363
5808.037 990.940
5809.090 924.065
5810.143 1004.315
5811.196 954.137
5812.249 987.916
5813.302 978.952
5814.355 943.309
5815.408 961.035
5816.461 999.351
5817.514 972.167
5818.567 966.979
5819.620 889.994
5820.673 893.849
5821.726 875.707
5822.779 955.417
5823.832 933.801
5824.885 952.340
5825.938 874.098
5826.991 931.778
5828.044 1009.956
5829.097 934.596
5830.150 949.976
5831.203 972.306
5832.256 972.270
5833.309 1040.615
5834.362 936.372
5835.415 1064.073
5836.468 965.505
5837.521 922.949
5838.574 957.282
5839.627 1023.590
5840.680 965.894
5841.733 936.139
5842.786 930.876
5843.839 907.426
5844.892 950.391
5845.945 935.962
5846.998 834.215
5848.051 917.738
5849.104 920.028
5850.157 874.028
5851.210 888.506
5852.263 926.816
5853.316 915.943
5854.369 942.360
5855.422 902.461
5856.475 921.134
5857.528 880.992
5858.581 983.714
5859.634 975.287
5860.687 941.814
5861.740 943.058
5862.793 869.815
5863.846 913.311
5864.899 1128.950
5865.952 1349.063
5867.005 1489.520
5868.058 1420.033
5869.111 1301.080
5870.164 989.385
5871.217 987.201
5872.270 1028.566
5873.323 1036.097
5874.376 1046.098
5875.429 1065.144
5876.482 1078.347
5877.535 3484.656
5878.588 9423.007
5879.641 11240.677
5880.694 5530.120
5881.747 1115.345
5882.800 959.835
5883.853 952.803
5884.906 1053.288
5885.959 982.559
5887.012 1468.449
5888.065 2144.149
5889.119 5226.425
5890.172 6739.096
5891.225 4604.079
5892.278 1452.976
5893.331 1069.085
5894.384 1778.061
5895.437 4108.150
5896.490 4350.586
5897.543 2504.034
5898.596 924.793
5899.649 933.523
5900.702 891.284
5901.755 1062.178
5902.808 1013.087
5903.861 1018.426
5904.914 992.075
5905.967 1117.046
5907.020 1171.002
5908.073 1102.950
5909.126 922.632
5910.179 888.595
5911.232 923.170
5912.285 1036.813
5913.338 962.660
5914.391 1291.859
5915.444 1679.913
5916.497 1335.829
5917.550 1026.112
5918.603 877.154
5919.656 916.527
5920.709 1058.120
5921.762 952.002
5922.815 883.942
5923.868 1099.960
5924.921 1175.717
5925.974 1074.339
5927.027 973.449
5928.080 890.522
5929.133 940.571
5930.186 961.719
5931.239 1036.770
5932.292 1501.390
5933.345 1754.961
5934.398 1421.459
5935.451 996.335
5936.504 938.477
5937.557 923.808
5938.610 777.452
5939.663 959.432
5940.716 936.982
5941.769 883.796
5942.822 842.908
5943.875 949.060
5944.928 1022.593
5945.981 1173.946
5947.034 1124.754
5948.087 791.945
5949.140 850.502
5950.193 944.873
5951.246 867.468
5952.299 1187.117
5953.352 1613.457
5954.405 1559.357
5955.458 1021.787
5956.511 840.559
5957.564 944.985
5958.617 1058.990
5959.670 1033.609
5960.723 906.787
5961.776 870.242
5962.829 919.691
5963.882 865.945
5964.935 825.556
5965.988 941.323
5967.041 885.380
5968.094 826.904
5969.147 918.252
5970.200 1088.933
5971.254 1001.676
5972.307 897.603
5973.360 842.537
5974.413 914.360
5975.466 1026.571
5976.519 1103.529
5977.572 1233.565
5978.625 1013.197
5979.678 836.558
5980.731 948.931
5981.784 943.864
5982.837 841.325
5983.890 954.135
5984.943 862.224
5985.996 798.870
5987.049 876.189
5988.102 896.394
5989.155 781.862
5990.208 962.149
5991.261 745.238
5992.314 854.359
5993.367 836.474
5994.420 891.450
5995.473 878.332
5996.526 916.567
5997.579 969.520
5998.632 893.429
5999.685 911.894
6000.738 801.592
6001.791 869.921
6002.844 898.221
6003.897 988.492
6004.950 943.501
6006.003 892.114
6007.056 853.866
6008.109 782.809
6009.162 815.388
6010.215 827.878
6011.268 749.396
6012.321 822.819
6013.374 839.942
6014.427 744.781
6015.480 783.532
6016.533 807.557
6017.586 846.112
6018.639 818.235
6019.692 815.261
6020.745 795.168
6021.798 751.186
6022.851 832.425
6023.904 858.482
6024.957 794.035
6026.010 804.055
6027.063 793.654
6028.116 812.214
6029.169 773.774
6030.222 757.071
6031.275 734.379
6032.328 754.221
6033.381 826.492
6034.434 822.266
6035.487 772.973
6036.540 811.987
6037.593 806.306
6038.646 737.083
6039.699 758.631
6040.752 742.635
6041.805 704.513
6042.858 768.556
6043.911 739.271
6044.964 722.340
6046.017 836.160
6047.070 774.155
6048.123 738.391
6049.176 745.108
6050.229 710.302
6051.282 764.906
6052.335 793.743
6053.388 758.402
6054.442 702.634
6055.495 723.698
6056.548 708.005
6057.601 723.652
6058.654 804.462
6059.707 838.878
6060.760 731.202
6061.813 760.421
6062.866 739.491
6063.919 752.543
6064.972 719.790
6066.025 782.885
6067.078 771.981
6068.131 813.921
6069.184 709.005
6070.237 704.568
6071.290 722.093
6072.343 792.622
6073.396 751.702
6074.449 743.028
6075.502 647.617
6076.555 751.876
6077.608 686.529
6078.661 710.876
6079.714 646.121
6080.767 665.160
6081.820 717.392
6082.873 730.817
6083.926 762.523
6084.979 764.747
6086.032 751.439
6087.085 756.524
6088.138 709.014
6089.191 657.366
6090.244 734.286
6091.297 726.675
6092.350 698.042
6093.403 678.637
6094.456 691.473
6095.509 738.940
6096.562 748.032
6097.615 802.997
6098.668 782.429
6099.721 704.787
6100.774 725.248
6101.827 718.044
6102.880 675.660
6103.933 777.508
6104.986 752.743
6106.039 704.308
6107.092 732.616
6108.145 706.293
6109.198 695.563
6110.251 761.002
6111.304 786.647
6112.357 722.662
6113.410 688.939
6114.463 677.101
6115.516 679.323
6116.569 649.656
6117.622 651.441
6118.675 692.482
6119.728 668.831
6120.781 716.300
6121.834 696.780
6122.887 638.196
6123.940 671.247
6124.993 748.389
6126.046 684.895
6127.099 670.739
6128.152 661.118
6129.205 704.043
6130.258 708.069
6131.311 677.298
6132.364 660.495
6133.417 652.462
6134.470 678.005
6135.523 740.980
6136.577 794.966
6137.630 733.555
6138.683 829.479
6139.736 872.882
6140.789 747.660
6141.842 704.419
6142.895 756.485
6143.948 791.415
6145.001 855.089
6146.054 792.171
6147.107 669.886
6148.160 675.265
6149.213 629.000
6150.266 663.651
6151.319 712.489
6152.372 691.316
6153.425 763.633
6154.478 749.783
6155.531 1012.369
6156.584 1372.315
6157.637 1547.969
6158.690 1343.621
6159.743 916.821
6160.796 726.485
6161.849 645.646
6162.902 584.859
6163.955 649.195
6165.008 722.038
6166.061 635.936
6167.114 649.938
6168.167 672.877
6169.220 780.215
6170.273 976.396
6171.326 1043.768
6172.379 792.113
6173.432 701.441
6174.485 771.561
6175.538 744.174
6176.591 773.927
6177.644 719.435
6178.697 658.408
6179.750 736.721
6180.803 669.701
6181.856 636.406
6182.909 614.309
6183.962 676.126
6185.015 656.624
6186.068 677.077
6187.121 638.673
6188.174 649.126
6189.227 663.187
6190.280 640.716
6191.333 652.667
6192.386 798.105
6193.439 719.171
6194.492 682.371
6195.545 680.611
6196.598 619.709
6197.651 568.108
6198.704 660.698
6199.757 709.939
6200.810 746.838
6201.863 801.657
6202.916 940.050
6203.969 861.813
6205.022 692.449
6206.075 666.345
6207.128 663.808
6208.181 716.091
6209.234 675.893
6210.287 694.914
6211.340 673.534
6212.393 760.496
6213.446 746.160
6214.499 750.696
6215.552 697.360
6216.605 684.831
6217.658 662.498
6218.711 681.036
6219.765 700.914
6220.818 850.013
6221.871 1030.816
6222.924 881.636
6223.977 691.583
6225.030 644.714
6226.083 724.392
6227.136 626.893
6228.189 648.642
6229.242 640.272
6230.295 608.047
6231.348 632.185
6232.401 659.875
6233.454 878.792
6234.507 1307.357
6235.560 1742.158
6236.613 1718.025
6237.666 1170.590
6238.719 855.010
6239.772 811.190
6240.825 989.874
6241.878 981.632
6242.931 939.804
6243.984 884.506
6245.037 821.071
6246.090 716.181
6247.143 721.368
6248.196 707.985
6249.249 768.493
6250.302 719.837
6251.355 684.293
6252.408 688.472
6253.461 636.765
6254.514 636.700
6255.567 655.028
6256.620 1135.957
6257.673 1789.659
6258.726 1752.602
6259.779 1034.025
6260.832 660.280
6261.885 721.132
6262.938 766.460
6263.991 847.457
6265.044 1003.836
6266.097 1029.084
6267.150 838.196
6268.203 687.777
6269.256 708.947
6270.309 712.596
6271.362 639.037
6272.415 671.684
6273.468 688.137
6274.521 682.290
6275.574 750.755
6276.627 767.905
6277.680 669.590
6278.733 653.831
6279.786 691.085
6280.839 679.912
6281.892 671.685
6282.945 643.605
6283.998 649.325
6285.051 658.989
6286.104 1004.069
6287.157 1501.032
6288.210 1504.277
6289.263 1044.802
6290.316 622.889
6291.369 669.206
6292.422 653.981
6293.475 594.012
6294.528 683.204
6295.581 629.029
6296.634 1228.264
6297.687 1091.062
6298.740 13462.304
6299.793 44350.589
6300.846 52184.488
6301.899 26725.752
6302.953 469.202
6304.006 2433.853
6305.059 1719.839
6306.112 1778.648
6307.165 1846.890
6308.218 1518.749
6309.271 777.911
6310.324 674.743
6311.377 702.996
6312.430 682.698
6313.483 741.662
6314.536 1048.567
6315.589 1751.994
6316.642 1717.375
6317.695 940.309
6318.748 686.266
6319.801 691.082
6320.854 953.330
6321.907 1014.296
6322.960 807.399
6324.013 652.797
6325.066 642.305
6326.119 694.771
6327.172 704.563
6328.225 772.790
6329.278 1490.017
6330.331 1588.417
6331.384 1135.076
6332.437 672.959
6333.490 629.220
6334.543 627.914
6335.596 611.842
6336.649 601.111
6337.702 646.884
6338.755 667.620
6339.808 678.793
6340.861 658.316
6341.914 622.159
6342.967 675.383
6344.020 670.475
6345.073 647.289
6346.126 649.929
6347.179 721.635
6348.232 805.231
6349.285 837.817
6350.338 720.883
6351.391 620.561
6352.444 662.617
6353.497 658.593
6354.550 710.563
6355.603 1060.693
6356.656 1227.090
6357.709 978.495
6358.762 720.765
6359.815 659.730
6360.868 826.183
6361.921 2259.453
6362.974 12286.406
6364.027 18459.907
6365.080 10880.251
6366.133 2334.660
6367.186 682.718
6368.239 1074.573
6369.292 796.164
6370.345 610.850
6371.398 607.895
6372.451 638.227
6373.504 678.628
6374.557 654.055
6375.610 625.714
6376.663 638.812
6377.716 577.507
6378.769 686.870
6379.822 732.332
6380.875 646.635
6381.928 629.580
6382.981 595.608
6384.034 637.065
6385.088 739.683
6386.141 865.169
6387.194 869.360
6388.247 705.485
6389.300 624.433
6390.353 597.110
6391.406 641.674
6392.459 608.434
6393.512 579.017
6394.565 617.617
6395.618 656.870
6396.671 650.744
6397.724 579.111
6398.777 552.819
6399.830 573.973
6400.883 560.209
6401.936 586.631
6402.989 593.044
6404.042 552.126
6405.095 551.312
6406.148 570.461
6407.201 542.046
6408.254 555.114
6409.307 636.476
6410.360 544.542
6411.413 628.704
6412.466 618.187
6413.519 685.707
6414.572 642.734
6415.625 569.648
6416.678 606.115
6417.731 575.559
6418.784 650.270
6419.837 663.681
6420.890 716.622
6421.943 641.832
6422.996 567.285
6424.049 599.318
6425.102 589.637
6426.155 537.527
6427.208 595.726
6428.261 598.156
6429.314 566.593
6430.367 585.443
6431.420 564.128
6432.473 538.795
6433.526 531.508
6434.579 580.911
6435.632 572.452
6436.685 574.890
6437.738 575.731
6438.791 536.049
6439.844 579.358
6440.897 555.052
6441.950 561.745
6443.003 538.263
6444.056 567.708
6445.109 582.258
6446.162 550.718
6447.215 561.544
6448.268 532.874
6449.321 553.817
6450.374 620.779
6451.427 594.603
6452.480 673.062
6453.533 757.117
6454.586 766.374
6455.639 708.899
6456.692 727.461
6457.745 718.791
6458.798 614.189
6459.851 621.623
6460.904 570.968
6461.957 596.102
6463.010 786.124
6464.063 835.393
6465.116 939.904
6466.169 1002.886
6467.222 924.246
6468.276 637.557
6469.329 761.445
6470.382 1083.527
6471.435 1113.417
6472.488 796.692
6473.541 594.417
6474.594 588.018
6475.647 579.402
6476.700 582.435
6477.753 761.094
6478.806 765.542
6479.859 610.846
6480.912 527.940
6481.965 535.967
6483.018 557.795
6484.071 575.041
6485.124 603.147
6486.177 567.113
6487.230 545.202
6488.283 591.745
6489.336 565.952
6490.389 544.688
6491.442 595.032
6492.495 589.098
6493.548 581.625
6494.601 594.223
6495.654 605.387
6496.707 694.256
6497.760 1307.398
6498.813 1857.637
6499.866 1440.688
6500.919 705.751
6501.972 552.238
6503.025 582.427
6504.078 824.399
6505.131 988.908
6506.184 876.432
6507.237 590.543
6508.290 596.007
6509.343 599.757
6510.396 594.140
6511.449 591.828
6512.502 647.566
6513.555 687.975
6514.608 726.210
6515.661 595.835
6516.714 601.040
6517.767 523.668
6518.820 561.709
6519.873 595.711
6520.926 644.957
6521.979 747.289
6523.032 862.227
6524.085 756.160
6525.138 647.215
6526.191 688.345
6527.244 617.199
6528.297 602.396
6529.350 679.287
6530.403 598.859
6531.456 855.857
6532.509 1476.569
6533.562 1544.398
6534.615 1044.661
6535.668 586.462
6536.721 603.276
6537.774 636.150
6538.827 623.305
6539.880 695.133
6540.933 652.577
6541.986 716.661
6543.039 830.303
6544.092 1000.837
6545.145 954.640
6546.198 679.588
6547.251 723.784
6548.304 663.802
6549.357 719.425
6550.411 859.165
6551.464 1373.248
6552.517 2028.140
6553.570 2058.838
6554.623 1675.412
6555.676 892.619
6556.729 703.119
6557.782 675.172
6558.835 705.297
6559.888 689.531
6560.941 847.048
6561.994 763.946
6563.047 3255.201
6564.100 -59.235
6565.153 60982.724
6566.206 170783.727
6567.259 185396.451
6568.312 79625.739
6569.365 829.023
6570.418 2819.054
6571.471 564.637
6572.524 953.985
6573.577 728.569
6574.630 671.904
6575.683 921.239
6576.736 1339.525
6577.789 1477.307
6578.842 1107.673
6579.895 719.224
6580.948 720.374
6582.001 684.818
6583.054 718.870
6584.107 748.446
6585.160 806.461
6586.213 1688.473
6587.266 2951.724
6588.319 2746.032
6589.372 1177.329
6590.425 681.522
6591.478 681.743
6592.531 636.644
6593.584 588.575
6594.637 594.698
6595.690 745.665
6596.743 778.023
6597.796 691.940
6598.849 605.075
6599.902 604.083
6600.955 606.458
6602.008 560.557
6603.061 798.838
6604.114 1049.476
6605.167 910.711
6606.220 659.191
6607.273 529.557
6608.326 562.829
6609.379 561.839
6610.432 553.090
6611.485 548.867
6612.538 565.489
6613.591 578.286
6614.644 523.992
6615.697 593.585
6616.750 515.604
6617.803 531.514
6618.856 552.258
6619.909 549.399
6620.962 520.169
6622.015 508.615
6623.068 567.396
6624.121 496.413
6625.174 524.497
6626.227 538.089
6627.280 625.243
6628.333 656.311
6629.386 556.069
6630.439 569.012
6631.492 608.432
6632.545 592.619
6633.599 645.642
6634.652 720.289
6635.705 626.158
6636.758 491.492
6637.811 484.912
6638.864 524.740
6639.917 561.581
6640.970 513.727
6642.023 469.029
6643.076 536.820
6644.129 542.836
6645.182 536.541
6646.235 505.267
6647.288 541.048
6648.341 488.980
6649.394 520.959
6650.447 534.165
6651.500 509.949
6652.553 514.227
6653.606 464.414
6654.659 533.734
6655.712 522.529
6656.765 490.406
6657.818 570.978
6658.871 508.121
6659.924 572.583
6660.977 573.627
6662.030 527.619
6663.083 518.280
6664.136 517.791
6665.189 498.613
6666.242 527.609
6667.295 595.767
6668.348 585.946
6669.401 541.165
6670.454 478.563
6671.507 455.218
6672.560 481.325
6673.613 478.474
6674.666 477.660
6675.719 524.492
6676.772 452.947
6677.825 445.290
6678.878 459.981
6679.931 581.129
6680.984 1574.140
6682.037 2415.318
6683.090 2087.186
6684.143 825.499
6685.196 500.587
6686.249 482.574
6687.302 535.715
6688.355 617.655
6689.408 504.530
6690.461 463.841
6691.514 493.818
6692.567 472.495
6693.620 500.694
6694.673 499.340
6695.726 479.091
6696.779 462.408
6697.832 467.856
6698.885 520.917
6699.938 531.061
6700.991 512.706
6702.044 459.564
6703.097 499.158
6704.150 513.630
6705.203 556.023
6706.256 499.070
6707.309 485.033
6708.362 559.881
6709.415 544.109
6710.468 455.218
6711.521 490.921
6712.574 446.650
6713.627 474.365
6714.680 532.379
6715.734 543.747
6716.787 575.482
6717.840 539.901
6718.893 1625.347
6719.946 4996.834
6720.999 6401.743
6722.052 3184.679
6723.105 699.537
6724.158 596.430
6725.211 487.422
6726.264 474.495
6727.317 482.202
6728.370 462.320
6729.423 471.138
6730.476 469.703
6731.529 560.576
6732.582 651.695
6733.635 1842.542
6734.688 4572.564
6735.741 4169.673
6736.794 1518.601
6737.847 635.142
6738.900 539.997
6739.953 521.726
6741.006 489.503
6742.059 462.443
6743.112 502.583
6744.165 505.422
6745.218 465.016
6746.271 467.900
6747.324 442.828
6748.377 444.687
6749.430 456.784
6750.483 469.240
6751.536 437.337
6752.589 375.867
6753.642 394.663
6754.695 419.362
6755.748 472.963
6756.801 509.101
6757.854 418.806
6758.907 461.971
6759.960 473.324
6761.013 457.428
6762.066 446.263
6763.119 442.418
6764.172 438.690
6765.225 471.386
6766.278 460.542
6767.331 469.786
6768.384 429.855
6769.437 439.566
6770.490 477.640
6771.543 400.151
6772.596 416.233
6773.649 449.359
6774.702 386.832
6775.755 425.189
6776.808 457.080
6777.861 421.611
6778.914 470.368
6779.967 483.816
6781.020 468.022
6782.073 445.600
6783.126 392.312
6784.179 468.954
6785.232 447.237
6786.285 469.474
6787.338 419.565
6788.391 508.924
6789.444 490.002
6790.497 457.513
6791.550 459.190
6792.603 465.561
6793.656 471.312
6794.709 454.567
6795.762 467.137
6796.815 429.572
6797.868 423.181
6798.922 407.884
6799.975 429.435
6801.028 449.092
6802.081 446.659
6803.134 448.502
6804.187 428.407
6805.240 412.815
6806.293 411.329
6807.346 444.348
6808.399 411.718
6809.452 389.567
6810.505 409.017
6811.558 485.941
6812.611 472.525
6813.664 415.531
6814.717 436.635
6815.770 432.287
6816.823 452.452
6817.876 485.229
6818.929 393.560
6819.982 412.362
6821.035 435.200
6822.088 453.161
6823.141 403.396
6824.194 398.922
6825.247 438.717
6826.300 670.249
6827.353 1043.694
6828.406 1502.262
6829.459 1863.479
6830.512 1412.814
6831.565 712.760
6832.618 771.589
6833.671 1541.845
6834.724 1754.268
6835.777 1225.513
6836.830 519.597
6837.883 422.024
6838.936 476.826
6839.989 491.898
6841.042 677.516
6842.095 773.644
6843.148 618.081
6844.201 425.593
6845.254 453.626
6846.307 421.165
6847.360 384.632
6848.413 406.031
6849.466 426.446
6850.519 474.321
6851.572 473.822
6852.625 446.431
6853.678 463.363
6854.731 500.486
6855.784 460.912
6856.837 432.682
6857.890 408.001
6858.943 418.803
6859.996 429.212
6861.049 468.785
6862.102 651.869
6863.155 2569.874
6864.208 3144.202
6865.261 2012.986
6866.314 626.816
6867.367 280.958
6868.420 243.959
6869.473 363.646
6870.526 518.901
6871.579 564.260
6872.632 412.884
6873.685 285.329
6874.738 347.657
6875.791 333.328
6876.844 369.849
6877.897 354.072
6878.950 349.099
6880.003 456.032
6881.056 667.418
6882.110 702.360
6883.163 500.706
6884.216 422.900
6885.269 390.707
6886.322 396.799
6887.375 361.695
6888.428 718.285
6889.481 965.869
6890.534 714.737
6891.587 399.472
6892.640 330.603
6893.693 392.447
6894.746 455.462
6895.799 403.814
6896.852 350.483
6897.905 370.259
6898.958 441.634
6900.011 679.837
6901.064 827.577
6902.117 760.274
6903.170 399.360
6904.223 394.481
6905.276 346.869
6906.329 380.822
6907.382 393.535
6908.435 349.940
6909.488 356.596
6910.541 404.295
6911.594 894.248
6912.647 1212.002
6913.700 934.692
6914.753 571.463
6915.806 394.863
6916.859 385.923
6917.912 439.678
6918.965 415.192
6920.018 402.739
6921.071 501.783
6922.124 987.343
6923.177 1821.582
6924.230 1624.805
6925.283 598.547
6926.336 401.802
6927.389 401.259
6928.442 433.065
6929.495 436.400
6930.548 397.573
6931.601 406.828
6932.654 410.545
6933.707 374.411
6934.760 382.514
6935.813 404.396
6936.866 359.856
6937.919 569.348
6938.972 1017.806
6940.025 1124.448
6941.078 716.727
6942.131 371.381
6943.184 420.981
6944.237 386.578
6945.290 436.012
6946.343 413.903
6947.396 611.450
6948.449 1774.973
6949.502 2143.079
6950.555 1195.141
6951.608 521.208
6952.661 510.329
6953.714 470.064
6954.767 496.646
6955.820 450.232
6956.873 422.805
6957.926 449.270
6958.979 421.533
6960.032 417.842
6961.085 434.979
6962.138 460.022
6963.191 456.667
6964.245 410.560
6965.298 475.761
6966.351 471.957
6967.404 405.668
6968.457 477.157
6969.510 825.891
6970.563 813.300
6971.616 580.390
6972.669 439.851
6973.722 422.079
6974.775 415.085
6975.828 405.094
6976.881 643.439
6977.934 1181.651
6978.987 1394.933
6980.040 851.373
6981.093 385.138
6982.146 436.071
6983.199 435.088
6984.252 437.461
6985.305 438.475
6986.358 478.991
6987.411 391.586
6988.464 394.262
6989.517 445.689
6990.570 414.764
6991.623 419.982
6992.676 433.388
6993.729 449.752
6994.782 487.451
6995.835 440.552
6996.888 418.682
6997.941 480.058
6998.994 460.418
7000.047 442.269
7001.100 557.727
7002.153 730.009
7003.206 780.931
7004.259 675.517
7005.312 578.951
7006.365 391.963
7007.418 393.339
7008.471 426.021
7009.524 364.325
7010.577 761.233
7011.630 849.719
7012.683 691.448
7013.736 411.471
7014.789 399.162
7015.842 349.263
7016.895 357.473
7017.948 386.308
7019.001 388.355
7020.054 451.128
7021.107 422.129
7022.160 385.222
7023.213 398.280
7024.266 376.683
7025.319 375.621
7026.372 376.284
7027.425 374.393
7028.478 388.694
7029.531 437.307
7030.584 402.161
7031.637 370.724
7032.690 325.079
7033.743 378.352
7034.796 408.447
7035.849 404.579
7036.902 365.829
7037.955 391.222
7039.008 436.122
7040.061 466.333
7041.114 536.363
7042.167 518.590
7043.220 413.291
7044.273 360.759
7045.326 422.996
7046.379 509.535
7047.433 677.702
7048.486 717.678
7049.539 603.391
7050.592 506.685
7051.645 522.590
7052.698 450.358
7053.751 477.946
7054.804 465.494
7055.857 430.587
7056.910 428.738
7057.963 396.876
7059.016 397.124
7060.069 421.941
7061.122 445.551
7062.175 462.019
7063.228 452.014
7064.281 480.240
7065.334 477.544
7066.387 539.812
7067.440 595.568
7068.493 1287.622
7069.546 1807.476
7070.599 1312.637
7071.652 610.299
7072.705 438.122
7073.758 487.450
7074.811 462.186
7075.864 424.509
7076.917 434.817
7077.970 445.879
7079.023 447.823
7080.076 427.190
7081.129 376.864
7082.182 482.158
7083.235 488.086
7084.288 408.274
7085.341 378.208
7086.394 423.528
7087.447 434.197
7088.500 527.629
7089.553 559.163
7090.606 468.684
7091.659 455.085
7092.712 425.985
7093.765 389.427
7094.818 407.114
7095.871 408.557
7096.924 444.345
7097.977 480.562
7099.030 433.353
7100.083 399.681
7101.136 341.386
7102.189 408.441
7103.242 410.178
7104.295 397.578
7105.348 408.104
7106.401 388.162
7107.454 360.056
7108.507 408.523
7109.560 457.863
7110.613 429.263
7111.666 386.510
7112.719 400.327
7113.772 415.523
7114.825 378.943
7115.878 391.649
7116.931 425.558
7117.984 379.691
7119.037 404.977
7120.090 388.069
7121.143 398.513
7122.196 389.433
7123.249 416.942
7124.302 374.384
7125.355 393.663
7126.408 464.727
7127.461 472.178
7128.514 451.387
7129.568 435.561
7130.621 401.900
7131.674 426.969
7132.727 496.542
7133.780 460.145
7134.833 388.486
7135.886 446.349
7136.939 372.846
7137.992 729.108
7139.045 3088.534
7140.098 4683.375
7141.151 3435.237
7142.204 1033.293
7143.257 514.481
7144.310 548.875
7145.363 501.504
7146.416 502.976
7147.469 480.194
7148.522 444.731
7149.575 448.415
7150.628 458.058
7151.681 414.751
7152.734 393.144
7153.787 397.379
7154.840 353.042
7155.893 402.292
7156.946 402.512
7157.999 443.318
7159.052 423.838
7160.105 457.046
7161.158 423.050
7162.211 431.821
7163.264 436.958
7164.317 435.223
7165.370 439.960
7166.423 429.291
7167.476 411.580
7168.529 400.739
7169.582 421.508
7170.635 437.001
7171.688 398.550
7172.741 393.030
7173.794 417.508
7174.847 501.176
7175.900 467.507
7176.953 411.366
7178.006 417.557
7179.059 497.896
7180.112 474.857
7181.165 457.443
7182.218 445.568
7183.271 376.092
7184.324 366.401
7185.377 358.675
7186.430 307.191
7187.483 352.554
7188.536 401.924
7189.589 399.514
7190.642 342.996
7191.695 331.163
7192.748 311.322
7193.801 399.217
7194.854 373.447
7195.907 342.794
7196.960 363.526
7198.013 371.941
7199.066 401.696
7200.119 413.209
7201.172 414.779
7202.225 418.085
7203.278 374.185
7204.331 327.042
7205.384 318.449
7206.437 330.179
7207.490 360.823
7208.543 436.625
7209.596 397.325
7210.649 409.906
7211.702 398.292
7212.756 377.036
7213.809 390.992
7214.862 339.226
7215.915 374.364
7216.968 354.519
7218.021 324.860
7219.074 385.272
7220.127 394.785
7221.180 398.827
7222.233 408.882
7223.286 439.386
7224.339 430.853
7225.392 409.923
7226.445 408.413
7227.498 452.895
7228.551 451.465
7229.604 455.788
7230.657 408.581
7231.710 381.542
7232.763 410.728
7233.816 442.696
7234.869 431.712
7235.922 357.630
7236.975 505.681
7238.028 1170.607
7239.081 2180.625
7240.134 3021.273
7241.187 2702.288
7242.240 1618.692
7243.293 1195.815
7244.346 2499.100
7245.399 3169.829
7246.452 2059.145
7247.505 974.387
7248.558 553.300
7249.611 464.332
7250.664 398.382
7251.717 611.038
7252.770 1001.779
7253.823 994.594
7254.876 785.459
7255.929 614.193
7256.982 548.183
7258.035 464.029
7259.088 429.441
7260.141 471.665
7261.194 446.065
7262.247 435.831
7263.300 475.547
7264.353 434.630
7265.406 412.681
7266.459 495.412
7267.512 514.618
7268.565 498.736
7269.618 505.497
7270.671 467.684
7271.724 462.367
7272.777 438.293
7273.830 647.319
7274.883 1884.836
7275.936 4518.690
7276.989 4644.746
7278.042 2323.736
7279.095 714.385
7280.148 476.003
7281.201 523.538
7282.254 570.994
7283.307 1261.441
7284.360 2211.888
7285.413 2083.603
7286.466 1177.032
7287.519 678.159
7288.572 429.165
7289.625 404.255
7290.678 445.673
7291.731 437.503
7292.784 473.234
7293.837 404.721
7294.891 655.835
7295.944 928.775
7296.997 797.837
7298.050 549.746
7299.103 443.158
7300.156 429.169
7301.209 437.318
7302.262 733.440
7303.315 1264.786
7304.368 1296.261
7305.421 914.703
7306.474 532.448
7307.527 441.104
7308.580 384.935
7309.633 432.602
7310.686 533.503
7311.739 515.394
7312.792 408.334
7313.845 361.620
7314.898 1668.417
7315.951 3505.291
7317.004 3503.742
7318.057 1888.459
7319.110 621.015
7320.163 405.243
7321.216 409.454
7322.269 484.075
7323.322 781.574
7324.375 882.112
7325.428 859.973
7326.481 540.387
7327.534 789.759
7328.587 1510.421
7329.640 1823.596
7330.693 1230.176
7331.746 578.466
7332.799 556.790
7333.852 752.898
7334.905 840.323
7335.958 705.491
7337.011 500.550
7338.064 459.581
7339.117 964.482
7340.170 3344.881
7341.223 4455.111
7342.276 2848.089
7343.329 1185.096
7344.382 487.057
7345.435 416.771
7346.488 475.524
7347.541 454.244
7348.594 404.589
7349.647 413.922
7350.700 480.393
7351.753 439.472
7352.806 444.398
7353.859 420.876
7354.912 367.570
7355.965 442.900
7357.018 673.777
7358.071 1334.443
7359.124 1586.627
7360.177 1053.265
7361.230 601.143
7362.283 477.710
7363.336 442.498
7364.389 478.346
7365.442 446.767
7366.495 298.285
7367.548 803.823
7368.601 2525.620
7369.654 3305.948
7370.707 2357.759
7371.760 989.417
7372.813 480.129
7373.866 434.624
7374.919 493.900
7375.972 444.472
7377.025 373.484
7378.079 366.132
7379.132 392.626
7380.185 414.507
7381.238 394.019
7382.291 381.768
7383.344 415.613
7384.397 473.543
7385.450 376.659
7386.503 406.078
7387.556 365.226
7388.609 431.707
7389.662 459.202
7390.715 662.492
7391.768 1077.926
7392.821 1105.711
7393.874 742.055
7394.927 472.469
7395.980 401.321
7397.033 362.884
7398.086 283.437
7399.139 384.035
7400.192 750.047
7401.245 1720.620
7402.298 2118.158
7403.351 1349.557
7404.404 712.572
7405.457 422.118
7406.510 393.666
7407.563 395.639
7408.616 359.523
7409.669 369.963
7410.722 358.787
7411.775 385.992
7412.828 438.782
7413.881 372.940
7414.934 402.435
7415.987 420.119
7417.040 375.355
7418.093 385.093
7419.146 347.083
7420.199 382.455
7421.252 363.823
7422.305 357.891
7423.358 360.259
7424.411 360.294
7425.464 363.556
7426.517 343.236
7427.570 431.948
7428.623 563.107
7429.676 727.887
7430.729 738.015
7431.782 541.501
7432.835 410.672
7433.888 371.647
7434.941 300.748
7435.994 358.899
7437.047 661.337
7438.100 1085.658
7439.153 1165.105
7440.206 780.804
7441.259 460.926
7442.312 394.877
7443.365 353.122
7444.418 351.861
7445.471 348.514
7446.524 316.911
7447.577 367.790
7448.630 417.014
7449.683 381.790
7450.736 379.245
7451.789 416.557
7452.842 382.680
7453.895 373.635
7454.948 418.570
7456.001 387.257
7457.054 399.392
7458.107 393.986
7459.160 399.859
7460.214 373.021
7461.267 366.013
7462.320 456.242
7463.373 525.706
7464.426 508.551
7465.479 455.998
7466.532 563.058
7467.585 646.389
7468.638 576.441
7469.691 443.607
7470.744 560.427
7471.797 673.825
7472.850 756.374
7473.903 970.032
7474.956 982.349
7476.009 814.007
7477.062 485.976
7478.115 488.606
7479.168 507.981
7480.221 507.802
7481.274 507.628
7482.327 507.457
7483.380 507.295
7484.433 507.140
7485.486 506.989
