3561.035 1905.681
3562.213 2449.144
3563.392 1366.883
3564.571 2143.061
3565.750 2121.798
3566.929 1976.610
3568.108 1611.881
3569.286 1362.618
3570.465 1233.253
3571.644 1450.992
3572.823 1681.617
3574.002 1837.462
3575.180 1952.184
3576.359 2011.127
3577.538 1718.248
3578.717 2247.282
3579.896 1549.039
3581.075 1890.216
3582.253 1310.571
3583.432 1261.188
3584.611 1607.265
3585.790 1123.850
3586.969 1167.420
3588.147 2112.405
3589.326 1692.175
3590.505 1106.480
3591.684 1238.380
3592.863 1644.364
3594.042 1703.335
3595.220 1475.952
3596.399 1101.742
3597.578 1411.700
3598.757 1549.121
3599.936 1572.752
3601.114 1702.450
3602.293 1927.637
3603.472 1022.015
3604.651 1342.922
3605.830 1435.731
3607.009 1777.650
3608.187 1268.233
3609.366 1358.511
3610.545 1727.719
3611.724 1808.522
3612.903 1420.322
3614.081 1608.847
3615.260 1965.316
3616.439 1811.481
3617.618 1887.238
3618.797 1766.700
3619.976 1853.803
3621.154 1678.453
3622.333 1785.793
3623.512 2123.258
3624.691 1748.371
3625.870 2043.812
3627.048 1997.498
3628.227 1994.542
3629.406 1827.219
3630.585 2318.002
3631.764 2017.240
3632.943 2053.030
3634.121 2190.247
3635.300 2474.454
3636.479 2043.689
3637.658 2084.207
3638.837 2041.535
3640.015 1615.622
3641.194 1851.946
3642.373 1782.103
3643.552 1625.283
3644.731 1987.455
3645.910 2067.522
3647.088 1710.213
3648.267 2128.157
3649.446 1925.179
3650.625 1766.608
3651.804 1702.860
3652.982 1734.043
3654.161 2169.436
3655.340 1427.314
3656.519 1216.826
3657.698 2072.487
3658.877 1850.412
3660.055 2068.043
3661.234 1868.675
3662.413 1644.828
3663.592 1626.682
3664.771 1629.223
3665.949 1699.586
3667.128 1615.023
3668.307 1440.054
3669.486 1837.046
3670.665 1534.842
3671.844 1594.800
3673.022 1485.860
3674.201 1708.708
3675.380 1408.806
3676.559 1622.291
3677.738 1604.472
3678.916 1764.315
3680.095 1826.614
3681.274 1226.524
3682.453 1460.326
3683.632 1589.030
3684.811 1594.601
3685.989 1135.069
3687.168 1394.428
3688.347 1601.813
3689.526 1498.032
3690.705 1613.295
3691.883 1152.050
3693.062 1564.839
3694.241 1638.166
3695.420 1613.587
3696.599 1692.655
3697.777 1497.634
3698.956 1694.430
3700.135 2127.502
3701.314 1905.697
3702.493 1848.961
3703.672 1557.262
3704.850 1743.997
3706.029 1718.586
3707.208 1769.887
3708.387 1557.455
3709.566 1555.385
3710.744 1300.017
3711.923 1345.714
3713.102 1916.538
3714.281 2037.146
3715.460 1650.248
3716.639 1488.126
3717.817 1495.520
3718.996 1615.899
3720.175 1358.577
3721.354 1412.354
3722.533 1560.566
3723.711 2116.810
3724.890 2451.375
3726.069 2802.649
3727.248 6858.570
3728.427 12818.719
3729.606 16675.169
3730.784 19287.136
3731.963 18803.663
3733.142 11013.275
3734.321 3615.980
3735.500 1995.331
3736.678 2085.033
3737.857 2235.771
3739.036 1890.910
3740.215 1720.488
3741.394 1615.699
3742.573 1608.049
3743.751 1442.411
3744.930 1646.852
3746.109 1440.924
3747.288 1454.569
3748.467 1658.424
3749.645 1366.798
3750.824 1880.258
3752.003 2014.602
3753.182 2238.252
3754.361 1785.541
3755.540 1558.356
3756.718 1549.339
3757.897 1288.156
3759.076 1635.302
3760.255 1566.648
3761.434 1434.802
3762.612 1511.998
3763.791 1314.752
3764.970 1220.010
3766.149 1359.081
3767.328 1276.438
3768.507 1461.226
3769.685 1380.398
3770.864 1476.477
3772.043 2273.197
3773.222 2569.549
3774.401 2283.355
3775.579 1695.866
3776.758 1484.626
3777.937 1427.182
3779.116 1198.936
3780.295 1458.563
3781.474 1525.397
3782.652 1456.938
3783.831 1458.698
3785.010 1359.878
3786.189 1621.665
3787.368 1400.218
3788.546 1235.636
3789.725 1582.128
3790.904 1299.518
3792.083 1556.957
3793.262 1373.624
3794.441 1421.474
3795.619 1260.620
3796.798 1491.949
3797.977 1323.890
3799.156 2073.885
3800.335 2781.050
3801.513 2398.562
3802.692 1568.348
3803.871 1123.497
3805.050 1409.115
3806.229 1477.673
3807.408 1153.553
3808.586 1397.666
3809.765 1458.229
3810.944 1376.177
3812.123 1362.839
3813.302 1411.252
3814.480 1434.141
3815.659 1550.545
3816.838 1463.368
3818.017 1535.614
3819.196 1439.284
3820.375 1221.800
3821.553 1432.600
3822.732 1612.813
3823.911 1528.592
3825.090 1014.656
3826.269 1422.174
3827.447 1200.721
3828.626 1343.660
3829.805 1437.130
3830.984 1553.222
3832.163 1604.072
3833.342 1499.133
3834.520 1244.652
3835.699 1581.910
3836.878 2868.253
3838.057 3368.017
3839.236 2509.062
3840.414 1256.554
3841.593 1187.346
3842.772 1388.189
3843.951 1364.983
3845.130 1346.562
3846.309 1362.159
3847.487 1346.938
3848.666 1539.281
3849.845 1392.345
3851.024 1327.974
3852.203 1369.534
3853.381 1347.435
3854.560 1476.678
3855.739 1282.302
3856.918 1461.677
3858.097 1286.311
3859.275 1268.038
3860.454 1394.807
3861.633 1391.823
3862.812 1409.709
3863.991 1327.476
3865.170 1317.729
3866.348 1268.253
3867.527 1373.657
3868.706 2084.606
3869.885 8045.330
3871.064 14713.007
3872.242 12603.387
3873.421 3922.605
3874.600 1338.942
3875.779 1236.044
3876.958 1144.359
3878.137 1127.480
3879.315 1224.288
3880.494 1151.166
3881.673 1007.204
3882.852 1123.495
3884.031 1259.655
3885.209 1077.178
3886.388 1076.892
3887.567 952.287
3888.746 1255.042
3889.925 3365.587
3891.104 6588.844
3892.282 5885.897
3893.461 2364.897
3894.640 1159.670
3895.819 1016.097
3896.998 1153.768
3898.176 1142.031
3899.355 1151.942
3900.534 1227.144
3901.713 1102.711
3902.892 1112.905
3904.071 1220.904
3905.249 1204.339
3906.428 1229.153
3907.607 1301.988
3908.786 1318.484
3909.965 1369.670
3911.143 1495.187
3912.322 1243.522
3913.501 1449.993
3914.680 1319.009
3915.859 1235.834
3917.038 1230.277
3918.216 1309.012
3919.395 1224.353
3920.574 1169.299
3921.753 1105.469
3922.932 1092.992
3924.110 1021.072
3925.289 1212.768
3926.468 1185.552
3927.647 1087.989
3928.826 1035.025
3930.005 1110.861
3931.183 1097.961
3932.362 980.322
3933.541 929.256
3934.720 844.409
3935.899 966.571
3937.077 928.998
3938.256 1025.750
3939.435 1162.223
3940.614 1050.251
3941.793 1161.426
3942.972 1122.365
3944.150 1165.969
3945.329 1174.272
3946.508 1271.885
3947.687 1395.670
3948.866 1452.534
3950.044 1193.151
3951.223 1135.190
3952.402 1118.842
3953.581 1018.624
3954.760 1042.328
3955.939 1071.712
3957.117 993.667
3958.296 965.619
3959.475 1003.254
3960.654 1054.231
3961.833 952.021
3963.011 958.372
3964.190 905.183
3965.369 842.355
3966.548 1130.293
3967.727 1170.912
3968.906 2999.510
3970.084 4318.163
3971.263 5035.836
3972.442 5152.239
3973.621 4160.396
3974.800 1837.393
3975.978 924.698
3977.157 949.497
3978.336 929.271
3979.515 1165.166
3980.694 1014.481
3981.873 958.117
3983.051 1088.269
3984.230 959.592
3985.409 1098.943
3986.588 1064.137
3987.767 1090.039
3988.945 1037.758
3990.124 1099.319
3991.303 1030.403
3992.482 1181.520
3993.661 1084.031
3994.840 1035.620
3996.018 963.075
3997.197 1011.780
3998.376 1041.989
3999.555 1060.713
4000.734 1076.613
4001.912 1039.557
4003.091 985.552
4004.270 1082.023
4005.449 1002.132
4006.628 964.837
4007.807 978.937
4008.985 1064.561
4010.164 998.571
4011.343 1057.214
4012.522 1079.018
4013.701 1071.814
4014.879 1080.319
4016.058 1077.602
4017.237 1103.480
4018.416 1034.107
4019.595 971.902
4020.773 1058.608
4021.952 1005.280
4023.131 1168.550
4024.310 941.372
4025.489 927.523
4026.668 886.016
4027.846 1154.825
4029.025 1408.187
4030.204 1240.272
4031.383 1021.255
4032.562 972.720
4033.740 911.233
4034.919 1000.646
4036.098 984.566
4037.277 1010.182
4038.456 1048.433
4039.635 985.542
4040.813 969.991
4041.992 1100.366
4043.171 1102.337
4044.350 1096.931
4045.529 982.970
4046.707 880.585
4047.886 967.267
4049.065 1014.839
4050.244 917.674
4051.423 962.590
4052.602 925.341
4053.780 914.808
4054.959 988.359
4056.138 932.722
4057.317 948.304
4058.496 1041.355
4059.674 950.433
4060.853 983.791
4062.032 992.809
4063.211 1017.580
4064.390 994.129
4065.569 1011.368
4066.747 1006.498
4067.926 1006.579
4069.105 1033.670
4070.284 1064.164
4071.463 1196.003
4072.641 1072.483
4073.820 948.460
4074.999 944.105
4076.178 1073.309
4077.357 1027.856
4078.536 822.117
4079.714 1005.315
4080.893 1049.233
4082.072 1005.940
4083.251 890.415
4084.430 969.732
4085.608 909.453
4086.787 818.169
4087.966 844.020
4089.145 901.151
4090.324 880.358
4091.503 879.527
4092.681 891.527
4093.860 823.267
4095.039 917.718
4096.218 829.640
4097.397 747.140
4098.575 766.976
4099.754 739.228
4100.933 740.222
4102.112 1120.876
4103.291 4105.120
4104.470 6128.522
4105.648 4570.648
4106.827 1549.790
4108.006 704.246
4109.185 800.867
4110.364 818.503
4111.542 793.758
4112.721 790.837
4113.900 843.046
4115.079 846.753
4116.258 758.814
4117.437 861.737
4118.615 843.217
4119.794 808.983
4120.973 798.533
4122.152 806.861
4123.331 887.288
4124.509 836.726
4125.688 919.356
4126.867 911.912
4128.046 823.062
4129.225 876.752
4130.404 848.639
4131.582 835.813
4132.761 821.935
4133.940 795.991
4135.119 829.416
4136.298 788.971
4137.476 807.882
4138.655 782.284
4139.834 848.524
4141.013 844.992
4142.192 762.014
4143.371 694.523
4144.549 836.970
4145.728 821.603
4146.907 788.149
4148.086 730.269
4149.265 771.734
4150.443 773.667
4151.622 714.634
4152.801 728.929
4153.980 834.574
4155.159 806.552
4156.338 908.910
4157.516 840.840
4158.695 760.455
4159.874 811.911
4161.053 825.043
4162.232 841.899
4163.410 821.750
4164.589 852.817
4165.768 834.876
4166.947 748.257
4168.126 836.602
4169.305 812.179
4170.483 821.548
4171.662 876.447
4172.841 779.018
4174.020 800.300
4175.199 799.869
4176.377 720.040
4177.556 834.448
4178.735 770.402
4179.914 783.072
4181.093 775.088
4182.271 762.485
4183.450 783.611
4184.629 765.486
4185.808 766.362
4186.987 768.316
4188.166 732.058
4189.344 715.424
4190.523 719.047
4191.702 732.764
4192.881 778.874
4194.060 670.935
4195.238 712.698
4196.417 674.279
4197.596 658.812
4198.775 703.812
4199.954 670.605
4201.133 728.300
4202.311 669.544
4203.490 703.197
4204.669 708.618
4205.848 704.810
4207.027 719.133
4208.205 793.171
4209.384 764.095
4210.563 653.971
4211.742 698.686
4212.921 734.187
4214.100 718.401
4215.278 647.507
4216.457 675.548
4217.636 671.283
4218.815 606.084
4219.994 660.066
4221.172 689.387
4222.351 693.758
4223.530 640.808
4224.709 653.628
4225.888 606.125
4227.067 595.226
4228.245 578.101
4229.424 656.754
4230.603 648.181
4231.782 729.649
4232.961 670.283
4234.139 841.181
4235.318 761.713
4236.497 751.036
4237.676 629.022
4238.855 670.857
4240.034 667.343
4241.212 614.427
4242.391 650.252
4243.570 607.883
4244.749 624.886
4245.928 715.967
4247.106 743.289
4248.285 703.099
4249.464 689.124
4250.643 638.989
4251.822 670.537
4253.001 618.424
4254.179 622.486
4255.358 639.716
4256.537 658.586
4257.716 687.752
4258.895 622.044
4260.073 632.582
4261.252 584.881
4262.431 586.404
4263.610 634.078
4264.789 653.742
4265.968 682.058
4267.146 674.904
4268.325 690.110
4269.504 650.268
4270.683 641.554
4271.862 614.623
4273.040 587.674
4274.219 544.675
4275.398 581.445
4276.577 588.105
4277.756 620.744
4278.935 633.281
4280.113 658.154
4281.292 622.563
4282.471 602.909
4283.650 597.746
4284.829 559.987
4286.007 618.392
4287.186 603.397
4288.365 566.679
4289.544 599.829
4290.723 656.535
4291.902 645.420
4293.080 560.750
4294.259 626.440
4295.438 598.869
4296.617 560.208
4297.796 551.021
4298.974 599.602
4300.153 512.151
4301.332 519.456
4302.511 553.634
4303.690 533.783
4304.869 613.371
4306.047 570.190
4307.226 555.898
4308.405 598.291
4309.584 571.175
4310.763 600.339
4311.941 588.931
4313.120 613.018
4314.299 597.922
4315.478 618.675
4316.657 598.333
4317.836 556.230
4319.014 626.586
4320.193 598.564
4321.372 606.720
4322.551 567.413
4323.730 576.543
4324.908 561.649
4326.087 549.939
4327.266 568.339
4328.445 529.448
4329.624 546.947
4330.803 522.175
4331.981 540.818
4333.160 538.296
4334.339 502.266
4335.518 585.896
4336.697 560.368
4337.875 458.455
4339.054 496.597
4340.233 500.465
4341.412 2234.916
4342.591 6577.024
4343.769 7725.669
4344.948 4433.453
4346.127 766.644
4347.306 605.562
4348.485 540.406
4349.664 567.402
4350.842 525.297
4352.021 500.615
4353.200 525.177
4354.379 501.381
4355.558 489.941
4356.736 549.455
4357.915 510.407
4359.094 509.388
4360.273 552.958
4361.452 552.472
4362.631 597.106
4363.809 678.449
4364.988 1377.664
4366.167 1891.759
4367.346 1481.980
4368.525 879.773
4369.703 636.890
4370.882 548.775
4372.061 491.917
4373.240 527.613
4374.419 522.973
4375.598 516.626
4376.776 536.348
4377.955 563.163
4379.134 605.007
4380.313 568.092
4381.492 561.563
4382.670 537.579
4383.849 496.067
4385.028 478.801
4386.207 508.538
4387.386 508.792
4388.565 516.897
4389.743 530.936
4390.922 589.816
4392.101 532.573
4393.280 503.058
4394.459 537.578
4395.637 547.377
4396.816 526.310
4397.995 535.409
4399.174 570.847
4400.353 559.651
4401.532 538.712
4402.710 517.762
4403.889 539.157
4405.068 518.685
4406.247 568.598
4407.426 560.399
4408.604 550.710
4409.783 542.668
4410.962 540.970
4412.141 564.741
4413.320 562.892
4414.499 546.394
4415.677 589.948
4416.856 594.251
4418.035 539.850
4419.214 565.388
4420.393 522.753
4421.571 552.863
4422.750 504.464
4423.929 488.038
4425.108 543.069
4426.287 590.272
4427.466 493.547
4428.644 537.184
4429.823 477.317
4431.002 504.819
4432.181 513.163
4433.360 523.320
4434.538 513.089
4435.717 530.691
4436.896 515.844
4438.075 512.399
4439.254 513.847
4440.433 550.958
4441.611 529.041
4442.790 506.032
4443.969 484.785
4445.148 505.978
4446.327 526.217
4447.505 513.276
4448.684 484.824
4449.863 495.860
4451.042 479.972
4452.221 513.713
4453.400 492.934
4454.578 462.887
4455.757 508.646
4456.936 502.791
4458.115 495.075
4459.294 462.052
4460.472 497.759
4461.651 497.563
4462.830 450.847
4464.009 494.553
4465.188 456.268
4466.367 433.987
4467.545 494.258
4468.724 487.313
4469.903 456.008
4471.082 480.783
4472.261 524.039
4473.439 887.459
4474.618 1005.122
4475.797 856.336
4476.976 546.550
4478.155 507.754
4479.334 482.951
4480.512 470.638
4481.691 500.509
4482.870 500.869
4484.049 459.548
4485.228 529.777
4486.406 519.997
4487.585 508.180
4488.764 459.357
4489.943 511.929
4491.122 529.489
4492.301 566.323
4493.479 478.665
4494.658 515.221
4495.837 496.183
4497.016 466.360
4498.195 494.009
4499.373 498.556
4500.552 461.562
4501.731 453.562
4502.910 474.943
4504.089 491.822
4505.267 463.936
4506.446 465.340
4507.625 500.671
4508.804 489.140
4509.983 468.035
4511.162 518.717
4512.340 505.281
4513.519 484.303
4514.698 493.804
4515.877 458.643
4517.056 458.087
4518.234 496.479
4519.413 491.191
4520.592 488.383
4521.771 504.708
4522.950 492.577
4524.129 519.066
4525.307 469.764
4526.486 476.389
4527.665 496.924
4528.844 452.182
4530.023 495.560
4531.201 484.684
4532.380 487.232
4533.559 526.346
4534.738 496.797
4535.917 463.189
4537.096 483.435
4538.274 484.473
4539.453 533.887
4540.632 495.311
4541.811 525.418
4542.990 508.502
4544.168 493.474
4545.347 486.348
4546.526 485.892
4547.705 500.352
4548.884 522.842
4550.063 503.368
4551.241 475.664
4552.420 502.183
4553.599 485.478
4554.778 443.483
4555.957 461.336
4557.135 492.411
4558.314 457.917
4559.493 522.476
4560.672 466.588
4561.851 496.316
4563.030 530.184
4564.208 526.866
4565.387 495.435
4566.566 499.099
4567.745 484.746
4568.924 477.837
4570.102 456.647
4571.281 464.805
4572.460 492.743
4573.639 470.666
4574.818 499.073
4575.997 516.359
4577.175 484.199
4578.354 490.498
4579.533 498.805
4580.712 481.812
4581.891 453.396
4583.069 470.251
4584.248 468.149
4585.427 477.802
4586.606 452.723
4587.785 462.166
4588.964 492.579
4590.142 453.857
4591.321 445.234
4592.500 456.862
4593.679 463.664
4594.858 454.123
4596.036 474.713
4597.215 466.017
4598.394 440.489
4599.573 474.371
4600.752 516.626
4601.931 467.842
4603.109 492.991
4604.288 507.693
4605.467 458.636
4606.646 465.169
4607.825 482.637
4609.003 482.816
4610.182 491.023
4611.361 461.260
4612.540 485.993
4613.719 473.891
4614.898 470.470
4616.076 496.650
4617.255 460.161
4618.434 500.218
4619.613 460.897
4620.792 477.936
4621.970 493.418
4623.149 473.872
4624.328 475.327
4625.507 434.054
4626.686 486.955
4627.865 455.431
4629.043 465.471
4630.222 465.319
4631.401 455.683
4632.580 435.852
4633.759 453.214
4634.937 491.389
4636.116 437.568
4637.295 454.061
4638.474 470.514
4639.653 461.359
4640.832 476.239
4642.010 469.473
4643.189 443.938
4644.368 479.464
4645.547 489.986
4646.726 470.701
4647.904 452.642
4649.083 479.057
4650.262 467.575
4651.441 496.249
4652.620 446.222
4653.799 491.779
4654.977 511.548
4656.156 500.527
4657.335 489.069
4658.514 496.567
4659.693 542.733
4660.871 541.109
4662.050 598.601
4663.229 581.718
4664.408 520.235
4665.587 452.770
4666.765 463.347
4667.944 443.342
4669.123 459.427
4670.302 493.010
4671.481 483.303
4672.660 483.044
4673.838 512.727
4675.017 484.902
4676.196 508.115
4677.375 510.486
4678.554 487.016
4679.732 522.564
4680.911 522.930
4682.090 469.080
4683.269 520.167
4684.448 540.005
4685.627 505.949
4686.805 522.239
4687.984 549.251
4689.163 595.883
4690.342 605.318
4691.521 545.109
4692.699 535.688
4693.878 502.093
4695.057 525.671
4696.236 506.902
4697.415 469.091
4698.594 493.861
4699.772 493.043
4700.951 459.753
4702.130 487.437
4703.309 466.670
4704.488 467.858
4705.666 499.779
4706.845 479.024
4708.024 467.842
4709.203 474.282
4710.382 481.548
4711.561 512.893
4712.739 501.358
4713.918 611.421
4715.097 652.185
4716.276 598.579
4717.455 540.239
4718.633 473.750
4719.812 468.805
4720.991 455.441
4722.170 428.386
4723.349 471.954
4724.528 486.836
4725.706 487.681
4726.885 453.577
4728.064 460.056
4729.243 494.449
4730.422 438.901
4731.600 469.220
4732.779 446.139
4733.958 443.815
4735.137 444.552
4736.316 462.524
4737.495 474.867
4738.673 472.066
4739.852 450.874
4741.031 444.342
4742.210 498.883
4743.389 580.509
4744.567 546.326
4745.746 501.582
4746.925 486.471
4748.104 468.002
4749.283 446.351
4750.462 454.888
4751.640 478.978
4752.819 464.270
4753.998 445.884
4755.177 458.986
4756.356 458.426
4757.534 456.119
4758.713 467.032
4759.892 438.628
4761.071 437.241
4762.250 406.103
4763.429 430.738
4764.607 434.895
4765.786 426.641
4766.965 452.345
4768.144 447.799
4769.323 444.355
4770.501 444.921
4771.680 456.322
4772.859 471.142
4774.038 495.659
4775.217 468.737
4776.396 454.454
4777.574 445.653
4778.753 430.209
4779.932 443.994
4781.111 469.083
4782.290 448.859
4783.468 427.962
4784.647 478.310
4785.826 433.382
4787.005 455.021
4788.184 469.039
4789.363 453.537
4790.541 454.394
4791.720 479.584
4792.899 435.382
4794.078 452.681
4795.257 475.572
4796.435 471.098
4797.614 448.096
4798.793 416.988
4799.972 425.232
4801.151 423.013
4802.330 436.905
4803.508 455.934
4804.687 451.008
4805.866 447.792
4807.045 448.602
4808.224 459.658
4809.402 481.633
4810.581 447.339
4811.760 400.844
4812.939 406.072
4814.118 414.530
4815.296 417.327
4816.475 481.149
4817.654 514.828
4818.833 470.031
4820.012 479.929
4821.191 472.649
4822.369 483.798
4823.548 464.175
4824.727 455.796
4825.906 440.929
4827.085 461.949
4828.263 477.588
4829.442 437.579
4830.621 448.537
4831.800 452.267
4832.979 481.285
4834.158 460.261
4835.336 460.757
4836.515 456.809
4837.694 497.113
4838.873 442.069
4840.052 428.330
4841.230 442.579
4842.409 465.621
4843.588 461.325
4844.767 418.946
4845.946 409.630
4847.125 412.437
4848.303 420.974
4849.482 425.852
4850.661 424.849
4851.840 428.169
4853.019 424.757
4854.197 421.535
4855.376 414.653
4856.555 413.253
4857.734 407.845
4858.913 372.530
4860.092 440.795
4861.270 341.905
4862.449 3434.308
4863.628 11818.373
4864.807 13712.847
4865.986 7807.322
4867.164 1169.904
4868.343 528.953
4869.522 409.949
4870.701 426.264
4871.880 398.633
4873.059 396.297
4874.237 377.496
4875.416 399.974
4876.595 399.941
4877.774 453.901
4878.953 412.121
4880.131 471.930
4881.310 434.524
4882.489 444.109
4883.668 437.985
4884.847 456.574
4886.026 423.754
4887.204 426.190
4888.383 440.098
4889.562 429.598
4890.741 402.113
4891.920 416.241
4893.098 406.949
4894.277 386.159
4895.456 408.232
4896.635 448.985
4897.814 411.954
4898.993 394.161
4900.171 445.536
4901.350 423.960
4902.529 420.109
4903.708 447.390
4904.887 446.862
4906.065 390.150
4907.244 463.150
4908.423 462.756
4909.602 398.049
4910.781 423.954
4911.960 437.750
4913.138 416.580
4914.317 414.010
4915.496 426.208
4916.675 462.074
4917.854 412.607
4919.032 405.432
4920.211 376.062
4921.390 377.781
4922.569 397.414
4923.748 476.262
4924.927 553.164
4926.105 513.733
4927.284 415.018
4928.463 405.751
4929.642 416.554
4930.821 435.195
4931.999 436.153
4933.178 393.111
4934.357 366.427
4935.536 398.486
4936.715 450.009
4937.894 439.382
4939.072 422.761
4940.251 413.185
4941.430 405.280
4942.609 414.648
4943.788 421.713
4944.966 469.155
4946.145 446.686
4947.324 412.865
4948.503 435.171
4949.682 435.262
4950.861 432.949
4952.039 419.759
4953.218 459.309
4954.397 417.925
4955.576 454.879
4956.755 386.924
4957.933 536.310
4959.112 288.957
4960.291 8988.230
4961.470 24771.421
4962.649 27221.941
4963.828 10768.902
4965.006 1172.158
4966.185 581.933
4967.364 525.778
4968.543 526.029
4969.722 496.700
4970.900 450.702
4972.079 414.852
4973.258 443.746
4974.437 429.164
4975.616 450.023
4976.794 485.760
4977.973 418.195
4979.152 420.501
4980.331 442.041
4981.510 451.085
4982.689 414.622
4983.867 395.519
4985.046 390.876
4986.225 426.349
4987.404 440.673
4988.583 523.123
4989.761 588.837
4990.940 562.689
4992.119 518.741
4993.298 468.770
4994.477 493.286
4995.656 448.591
4996.834 435.491
4998.013 451.427
4999.192 466.739
5000.371 429.650
5001.550 430.537
5002.728 450.806
5003.907 440.168
5005.086 484.472
5006.265 496.214
5007.444 3132.782
5008.623 39681.030
5009.801 83659.750
5010.980 65049.867
5012.159 19102.136
5013.338 573.021
5014.517 888.310
5015.695 377.648
5016.874 515.344
5018.053 673.983
5019.232 730.466
5020.411 581.769
5021.590 448.943
5022.768 412.425
5023.947 416.189
5025.126 436.967
5026.305 407.804
5027.484 421.624
5028.662 402.153
5029.841 440.865
5031.020 405.796
5032.199 432.465
5033.378 449.627
5034.557 389.202
5035.735 410.383
5036.914 414.685
5038.093 387.546
5039.272 396.519
5040.451 417.154
5041.629 393.622
5042.808 379.571
5043.987 395.075
5045.166 377.312
5046.345 401.637
5047.524 411.201
5048.702 407.603
5049.881 376.237
5051.060 376.955
5052.239 418.663
5053.418 411.250
5054.596 399.700
5055.775 387.635
5056.954 350.188
5058.133 371.398
5059.312 385.346
5060.491 358.096
5061.669 405.327
5062.848 388.634
5064.027 373.443
5065.206 405.090
5066.385 396.929
5067.563 373.443
5068.742 397.443
5069.921 380.326
5071.100 380.730
5072.279 401.169
5073.458 367.454
5074.636 359.381
5075.815 397.534
5076.994 401.877
5078.173 356.126
5079.352 352.023
5080.530 386.381
5081.709 406.159
5082.888 373.351
5084.067 387.506
5085.246 382.895
5086.425 405.144
5087.603 365.349
5088.782 394.307
5089.961 412.924
5091.140 397.771
5092.319 361.663
5093.497 404.182
5094.676 382.145
5095.855 353.002
5097.034 357.365
5098.213 355.173
5099.392 358.880
5100.570 366.355
5101.749 368.549
5102.928 391.046
5104.107 405.469
5105.286 374.352
5106.464 383.114
5107.643 387.065
5108.822 350.889
5110.001 354.918
5111.180 384.580
5112.359 406.254
5113.537 373.028
5114.716 306.615
5115.895 382.815
5117.074 370.562
5118.253 371.815
5119.431 365.345
5120.610 373.923
5121.789 347.766
5122.968 337.517
5124.147 355.258
5125.326 357.055
5126.504 376.143
5127.683 349.967
5128.862 352.060
5130.041 383.851
5131.220 366.069
5132.398 375.761
5133.577 398.133
5134.756 370.683
5135.935 368.279
5137.114 365.488
5138.292 344.827
5139.471 358.690
5140.650 374.141
5141.829 350.667
5143.008 362.658
5144.187 364.403
5145.365 382.248
5146.544 361.223
5147.723 346.286
5148.902 373.879
5150.081 383.819
5151.259 410.600
5152.438 396.759
5153.617 367.269
5154.796 369.264
5155.975 360.223
5157.154 372.600
5158.332 383.033
5159.511 367.130
5160.690 377.388
5161.869 390.565
5163.048 395.874
5164.226 371.039
5165.405 354.022
5166.584 380.790
5167.763 340.798
5168.942 314.121
5170.121 344.548
5171.299 360.103
5172.478 339.742
5173.657 339.629
5174.836 350.225
5176.015 351.953
5177.193 360.337
5178.372 368.684
5179.551 340.236
5180.730 345.113
5181.909 333.536
5183.088 325.461
5184.266 342.272
5185.445 347.984
5186.624 329.723
5187.803 346.586
5188.982 382.424
5190.160 377.422
5191.339 356.421
5192.518 359.388
5193.697 365.991
5194.876 359.691
5196.055 418.895
5197.233 736.805
5198.412 909.795
5199.591 924.096
5200.770 692.892
5201.949 534.178
5203.127 432.269
5204.306 387.493
5205.485 338.675
5206.664 363.549
5207.843 322.121
5209.022 333.239
5210.200 341.173
5211.379 374.629
5212.558 371.266
5213.737 352.861
5214.916 346.692
5216.094 346.955
5217.273 367.402
5218.452 364.850
5219.631 354.080
5220.810 371.254
5221.989 386.009
5223.167 395.625
5224.346 373.108
5225.525 369.336
5226.704 353.640
5227.883 307.558
5229.061 338.659
5230.240 367.900
5231.419 343.157
5232.598 341.453
5233.777 362.258
5234.956 368.463
5236.134 342.065
5237.313 353.719
5238.492 357.522
5239.671 388.400
5240.850 372.927
5242.028 314.555
5243.207 332.474
5244.386 344.498
5245.565 341.531
5246.744 352.658
5247.923 328.539
5249.101 345.125
5250.280 335.884
5251.459 349.361
5252.638 336.276
5253.817 356.326
5254.995 381.150
5256.174 369.834
5257.353 371.985
5258.532 369.667
5259.711 338.379
5260.890 315.569
5262.068 320.279
5263.247 328.627
5264.426 308.490
5265.605 307.523
5266.784 316.835
5267.962 329.874
5269.141 330.665
5270.320 318.182
5271.499 334.964
5272.678 351.881
5273.857 367.708
5275.035 428.944
5276.214 418.963
5277.393 331.158
5278.572 316.387
5279.751 315.601
5280.929 342.387
5282.108 316.035
5283.287 309.120
5284.466 326.603
5285.645 326.198
5286.824 322.817
5288.002 322.129
5289.181 315.107
5290.360 340.331
5291.539 345.036
5292.718 334.746
5293.896 344.108
5295.075 348.524
5296.254 337.199
5297.433 316.962
5298.612 338.810
5299.790 359.581
5300.969 357.359
5302.148 316.918
5303.327 318.938
5304.506 317.785
5305.685 357.995
5306.863 341.470
5308.042 351.355
5309.221 316.558
5310.400 325.774
5311.579 365.517
5312.757 338.723
5313.936 350.062
5315.115 347.736
5316.294 331.780
5317.473 342.792
5318.652 350.105
5319.830 342.606
5321.009 305.495
5322.188 324.081
5323.367 331.667
5324.546 328.824
5325.724 357.894
5326.903 358.987
5328.082 332.217
5329.261 408.222
5330.440 490.643
5331.619 430.845
5332.797 369.841
5333.976 345.260
5335.155 327.262
5336.334 313.400
5337.513 335.242
5338.691 333.940
5339.870 334.776
5341.049 341.793
5342.228 297.667
5343.407 304.036
5344.586 325.491
5345.764 308.126
5346.943 335.723
5348.122 345.960
5349.301 361.842
5350.480 330.054
5351.658 331.949
5352.837 322.840
5354.016 340.215
5355.195 291.012
5356.374 314.117
5357.553 361.092
5358.731 314.221
5359.910 331.536
5361.089 330.926
5362.268 314.909
5363.447 314.846
5364.625 329.478
5365.804 325.446
5366.983 304.953
5368.162 324.880
5369.341 335.712
5370.520 310.861
5371.698 300.261
5372.877 318.931
5374.056 317.270
5375.235 304.377
5376.414 326.952
5377.592 315.693
5378.771 319.382
5379.950 334.921
5381.129 306.257
5382.308 310.970
5383.487 337.162
5384.665 350.726
5385.844 330.463
5387.023 299.696
5388.202 296.022
5389.381 297.130
5390.559 322.940
5391.738 320.205
5392.917 295.144
5394.096 330.386
5395.275 309.935
5396.454 321.597
5397.632 295.858
5398.811 270.757
5399.990 291.194
5401.169 303.203
5402.348 293.758
5403.526 317.099
5404.705 296.542
5405.884 311.429
5407.063 297.058
5408.242 301.731
5409.421 303.090
5410.599 303.558
5411.778 301.590
5412.957 306.586
5414.136 327.640
5415.315 318.936
5416.493 318.999
5417.672 300.632
5418.851 290.996
5420.030 316.233
5421.209 316.893
5422.388 318.436
5423.566 299.828
5424.745 309.322
5425.924 291.233
5427.103 327.523
5428.282 304.209
5429.460 328.209
5430.639 313.946
5431.818 297.302
5432.997 288.777
5434.176 293.729
5435.355 335.490
5436.533 339.502
5437.712 323.470
5438.891 295.097
5440.070 267.050
5441.249 292.980
5442.427 323.345
5443.606 288.613
5444.785 306.902
5445.964 267.038
5447.143 296.312
5448.322 299.262
5449.500 304.427
5450.679 270.007
5451.858 288.462
5453.037 295.928
5454.216 283.075
5455.394 301.944
5456.573 285.164
5457.752 294.445
5458.931 324.622
5460.110 307.115
5461.288 314.798
5462.467 290.846
5463.646 302.624
5464.825 300.198
5466.004 300.449
5467.183 289.399
5468.361 297.243
5469.540 291.272
5470.719 290.267
5471.898 287.878
5473.077 304.689
5474.255 305.614
5475.434 293.605
5476.613 294.100
5477.792 289.234
5478.971 287.595
5480.150 282.727
5481.328 268.979
5482.507 283.484
5483.686 304.409
5484.865 284.664
5486.044 293.466
5487.222 282.522
5488.401 291.596
5489.580 298.897
5490.759 309.730
5491.938 302.127
5493.117 324.987
5494.295 276.895
5495.474 291.088
5496.653 287.818
5497.832 272.192
5499.011 299.425
5500.189 312.724
5501.368 314.470
5502.547 308.274
5503.726 288.306
5504.905 284.006
5506.084 279.747
5507.262 308.855
5508.441 318.429
5509.620 280.546
5510.799 293.253
5511.978 301.782
5513.156 294.409
5514.335 294.441
5515.514 274.137
5516.693 284.493
5517.872 306.223
5519.051 293.358
5520.229 326.456
5521.408 333.314
5522.587 313.822
5523.766 307.696
5524.945 285.440
5526.123 288.382
5527.302 282.228
5528.481 291.910
5529.660 273.808
5530.839 257.110
5532.018 276.111
5533.196 299.162
5534.375 274.040
5535.554 304.713
5536.733 287.440
5537.912 291.124
5539.090 291.675
5540.269 301.681
5541.448 335.686
5542.627 333.068
5543.806 329.455
5544.985 338.768
5546.163 310.274
5547.342 297.040
5548.521 297.458
5549.700 291.136
5550.879 286.075
5552.057 287.231
5553.236 272.240
5554.415 287.408
5555.594 301.803
5556.773 297.202
5557.952 287.052
5559.130 273.624
5560.309 275.933
5561.488 280.296
5562.667 300.387
5563.846 346.879
5565.024 361.775
5566.203 310.100
5567.382 274.468
5568.561 299.684
5569.740 299.515
5570.919 304.403
5572.097 281.146
5573.276 282.721
5574.455 333.767
5575.634 2296.699
5576.813 8958.425
5577.991 11527.032
5579.170 6214.431
5580.349 1198.367
5581.528 199.316
5582.707 314.148
5583.886 261.333
5585.064 296.161
5586.243 293.914
5587.422 302.408
5588.601 310.213
5589.780 317.478
5590.958 317.728
5592.137 268.899
5593.316 285.946
5594.495 279.064
5595.674 246.536
5596.853 283.045
5598.031 337.843
5599.210 298.610
5600.389 272.194
5601.568 300.866
5602.747 299.712
5603.925 309.431
5605.104 337.176
5606.283 322.953
5607.462 283.281
5608.641 279.812
5609.820 295.093
5610.998 287.324
5612.177 289.995
5613.356 258.944
5614.535 262.423
5615.714 300.178
5616.892 282.779
5618.071 275.992
5619.250 290.073
5620.429 252.581
5621.608 272.522
5622.786 303.703
5623.965 333.385
5625.144 334.413
5626.323 274.780
5627.502 275.165
5628.681 308.372
5629.859 271.142
5631.038 274.544
5632.217 286.976
5633.396 294.688
5634.575 310.056
5635.753 289.772
5636.932 269.583
5638.111 288.155
5639.290 299.601
5640.469 266.864
5641.648 255.063
5642.826 290.708
5644.005 296.600
5645.184 278.717
5646.363 286.280
5647.542 295.272
5648.720 282.049
5649.899 273.760
5651.078 272.653
5652.257 273.506
5653.436 301.267
5654.615 277.508
5655.793 268.565
5656.972 269.607
5658.151 275.074
5659.330 273.594
5660.509 270.312
5661.687 280.152
5662.866 262.094
5664.045 277.419
5665.224 284.420
5666.403 282.774
5667.582 291.041
5668.760 285.396
5669.939 287.921
5671.118 289.167
5672.297 281.582
5673.476 300.998
5674.654 273.384
5675.833 287.897
5677.012 296.260
5678.191 255.633
5679.370 291.454
5680.549 275.097
5681.727 293.965
5682.906 282.503
5684.085 278.079
5685.264 319.220
5686.443 301.582
5687.621 286.399
5688.800 308.720
5689.979 290.843
5691.158 289.883
5692.337 302.746
5693.516 305.803
5694.694 269.136
5695.873 280.305
5697.052 290.902
5698.231 315.105
5699.410 274.793
5700.588 294.542
5701.767 291.029
5702.946 281.211
5704.125 282.896
5705.304 271.611
5706.483 286.315
5707.661 276.404
5708.840 257.933
5710.019 280.906
5711.198 270.525
5712.377 293.943
5713.555 275.431
5714.734 309.724
5715.913 282.051
5717.092 250.182
5718.271 298.951
5719.450 312.114
5720.628 305.985
5721.807 299.570
5722.986 292.043
5724.165 283.111
5725.344 277.882
5726.522 288.590
5727.701 302.245
5728.880 295.096
5730.059 286.464
5731.238 286.849
5732.417 282.602
5733.595 288.372
5734.774 280.073
5735.953 273.861
5737.132 280.761
5738.311 287.902
5739.489 265.408
5740.668 255.119
5741.847 256.885
5743.026 264.551
5744.205 270.920
5745.384 292.239
5746.562 294.899
5747.741 281.473
5748.920 286.962
5750.099 278.464
5751.278 278.485
5752.456 309.475
5753.635 284.875
5754.814 263.341
5755.993 291.814
5757.172 302.361
5758.351 292.162
5759.529 269.157
5760.708 253.944
5761.887 284.522
5763.066 277.789
5764.245 265.702
5765.423 272.655
5766.602 270.903
5767.781 280.437
5768.960 281.045
5770.139 277.880
5771.318 270.221
5772.496 279.970
5773.675 269.206
5774.854 257.882
5776.033 258.517
5777.212 273.711
5778.390 272.991
5779.569 264.708
5780.748 293.206
5781.927 288.998
5783.106 273.689
5784.284 266.749
5785.463 265.284
5786.642 263.892
5787.821 245.397
5789.000 245.998
5790.179 260.205
5791.357 265.510
5792.536 288.162
5793.715 262.396
5794.894 267.851
5796.073 285.885
5797.251 272.194
5798.430 264.003
5799.609 260.833
5800.788 268.173
5801.967 265.863
5803.146 283.350
5804.324 266.789
5805.503 254.257
5806.682 285.268
5807.861 272.827
5809.040 274.866
5810.218 275.242
5811.397 263.635
5812.576 259.505
5813.755 236.980
5814.934 265.285
5816.113 250.994
5817.291 250.635
5818.470 266.149
5819.649 264.472
5820.828 263.036
5822.007 257.890
5823.185 243.637
5824.364 257.029
5825.543 278.724
5826.722 278.967
5827.901 281.277
5829.080 260.596
5830.258 261.929
5831.437 273.872
5832.616 254.131
5833.795 272.753
5834.974 274.434
5836.152 268.994
5837.331 285.556
5838.510 285.515
5839.689 296.122
5840.868 279.376
5842.047 268.582
5843.225 272.142
5844.404 270.412
5845.583 276.629
5846.762 265.850
5847.941 268.648
5849.119 295.035
5850.298 274.667
5851.477 264.276
5852.656 266.509
5853.835 252.934
5855.014 268.381
5856.192 244.901
5857.371 245.334
5858.550 259.079
5859.729 240.191
5860.908 264.537
5862.086 260.993
5863.265 251.166
5864.444 304.606
5865.623 340.581
5866.802 406.061
5867.981 394.776
5869.159 355.599
5870.338 313.178
5871.517 292.503
5872.696 284.169
5873.875 310.495
5875.053 287.605
5876.232 291.472
5877.411 615.156
5878.590 1048.260
5879.769 1140.318
5880.948 773.457
5882.126 388.549
5883.305 281.528
5884.484 253.191
5885.663 293.268
5886.842 382.701
5888.020 686.994
5889.199 1295.980
5890.378 1418.773
5891.557 937.106
5892.736 463.277
5893.915 470.072
5895.093 808.206
5896.272 973.038
5897.451 689.481
5898.630 369.073
5899.809 275.583
5900.987 279.484
5902.166 285.692
5903.345 273.866
5904.524 295.484
5905.703 280.051
5906.882 301.087
5908.060 293.541
5909.239 248.448
5910.418 241.303
5911.597 273.089
5912.776 266.556
5913.954 340.377
5915.133 387.194
5916.312 364.702
5917.491 307.039
5918.670 277.399
5919.849 287.200
5921.027 268.129
5922.206 257.691
5923.385 283.528
5924.564 311.357
5925.743 298.703
5926.921 279.368
5928.100 282.706
5929.279 286.580
5930.458 279.664
5931.637 335.100
5932.815 420.448
5933.994 400.127
5935.173 309.328
5936.352 255.762
5937.531 256.570
5938.710 267.704
5939.888 265.031
5941.067 277.170
5942.246 251.693
5943.425 245.671
5944.604 280.203
5945.782 309.301
5946.961 293.501
5948.140 273.437
5949.319 259.852
5950.498 254.605
5951.677 277.806
5952.855 349.393
5954.034 393.458
5955.213 337.500
5956.392 280.817
5957.571 285.000
5958.749 282.574
5959.928 275.257
5961.107 259.853
5962.286 259.938
5963.465 270.883
5964.644 267.074
5965.822 265.310
5967.001 267.494
5968.180 266.538
5969.359 276.505
5970.538 288.122
5971.716 278.243
5972.895 278.218
5974.074 278.193
