5329.969 1663.041
5331.022 1528.217
5332.075 1337.048
5333.128 1126.532
5334.181 1116.787
5335.234 1120.542
5336.287 1014.016
5337.340 1090.481
5338.393 948.539
5339.446 791.222
5340.499 1001.587
5341.552 1048.047
5342.605 1122.091
5343.658 994.481
5344.711 1015.133
5345.764 1009.777
5346.817 1098.651
5347.870 872.857
5348.923 1001.193
5349.976 1156.940
5351.029 1007.262
5352.082 913.979
5353.135 1052.891
5354.188 1026.662
5355.241 905.687
5356.294 1097.633
5357.347 1042.476
5358.400 1044.483
5359.453 1070.966
5360.506 1106.496
5361.559 1057.255
5362.612 1011.031
5363.665 976.071
5364.718 1043.390
5365.771 1036.188
5366.824 978.699
5367.877 1045.179
5368.930 1181.275
5369.983 873.291
5371.036 899.561
5372.089 1029.144
5373.142 986.208
5374.195 972.866
5375.248 957.846
5376.301 1044.907
5377.354 941.164
5378.407 1027.793
5379.460 1075.080
5380.513 920.821
5381.566 966.755
5382.619 1030.470
5383.672 972.417
5384.725 1013.510
5385.778 1034.782
5386.831 1041.594
5387.884 1003.595
5388.937 1011.362
5389.990 996.370
5391.043 960.359
5392.097 884.398
5393.150 911.185
5394.203 915.204
5395.256 1000.405
5396.309 960.305
5397.362 916.447
5398.415 954.206
5399.468 973.672
5400.521 872.844
5401.574 973.927
5402.627 986.014
5403.680 869.381
5404.733 878.156
5405.786 980.025
5406.839 951.507
5407.892 961.698
5408.945 997.614
5409.998 1000.289
5411.051 926.877
5412.104 964.676
5413.157 919.750
5414.210 1170.813
5415.263 1103.391
5416.316 1021.191
5417.369 1052.980
5418.422 1022.429
5419.475 928.850
5420.528 993.629
5421.581 1000.216
5422.634 1064.946
5423.687 881.342
5424.740 1049.253
5425.793 965.356
5426.846 999.410
5427.899 873.746
5428.952 977.051
5430.005 840.043
5431.058 798.145
5432.111 998.638
5433.164 1008.662
5434.217 989.737
5435.270 1114.479
5436.323 1004.276
5437.376 1102.122
5438.429 1088.108
5439.482 979.285
5440.535 1057.889
5441.588 958.517
5442.641 996.381
5443.694 980.943
5444.747 995.268
5445.800 988.983
5446.853 1061.188
5447.906 900.308
5448.959 987.569
5450.012 899.275
5451.065 1033.900
5452.118 961.019
5453.171 928.785
5454.224 998.484
5455.277 872.544
5456.330 864.077
5457.383 932.314
5458.436 897.297
5459.489 954.512
5460.542 986.365
5461.595 934.095
5462.648 902.092
5463.701 823.946
5464.754 965.417
5465.807 986.540
5466.860 1013.159
5467.913 1007.978
5468.966 924.728
5470.019 923.646
5471.072 913.822
5472.125 936.429
5473.178 915.456
5474.231 1024.135
5475.285 982.623
5476.338 887.618
5477.391 847.833
5478.444 791.551
5479.497 864.582
5480.550 996.395
5481.603 923.480
5482.656 953.062
5483.709 912.017
5484.762 900.572
5485.815 943.973
5486.868 799.004
5487.921 992.505
5488.974 868.009
5490.027 980.395
5491.080 925.381
5492.133 942.465
5493.186 936.065
5494.239 946.481
5495.292 942.762
5496.345 917.756
5497.398 942.238
5498.451 980.464
5499.504 905.652
5500.557 1010.805
5501.610 819.880
5502.663 864.562
5503.716 1013.959
5504.769 921.052
5505.822 926.761
5506.875 848.285
5507.928 967.072
5508.981 867.893
5510.034 959.238
5511.087 1021.209
5512.140 1060.651
5513.193 993.663
5514.246 938.246
5515.299 975.807
5516.352 992.663
5517.405 954.919
5518.458 937.514
5519.511 942.799
5520.564 1101.902
5521.617 1038.548
5522.670 966.745
5523.723 917.143
5524.776 1032.270
5525.829 889.690
5526.882 862.749
5527.935 860.975
5528.988 863.776
5530.041 808.975
5531.094 892.544
5532.147 1014.359
5533.200 876.985
5534.253 852.511
5535.306 807.482
5536.359 924.462
5537.412 874.388
5538.465 914.699
5539.518 946.458
5540.571 1069.314
5541.624 1148.490
5542.677 1006.819
5543.730 972.645
5544.783 1117.096
5545.836 1018.220
5546.889 1039.016
5547.942 812.036
5548.995 900.339
5550.048 1045.857
5551.101 995.469
5552.154 911.621
5553.207 851.120
5554.260 952.323
5555.313 937.313
5556.366 878.029
5557.419 921.783
5558.473 878.442
5559.526 865.071
5560.579 902.479
5561.632 953.867
5562.685 992.923
5563.738 1204.114
5564.791 1073.795
5565.844 1013.334
5566.897 901.586
5567.950 922.725
5569.003 1007.545
5570.056 942.449
5571.109 800.169
5572.162 889.622
5573.215 812.506
5574.268 1299.292
5575.321 2814.325
5576.374 26967.348
5577.427 53564.986
5578.480 40721.285
5579.533 5804.666
5580.586 1051.898
5581.639 935.814
5582.692 1014.820
5583.745 922.593
5584.798 881.286
5585.851 940.276
5586.904 822.369
5587.957 964.576
5589.010 1072.199
5590.063 1144.548
5591.116 762.914
5592.169 963.550
5593.222 803.671
5594.275 833.611
5595.328 859.799
5596.381 1000.502
5597.434 966.692
5598.487 1041.344
5599.540 957.049
5600.593 867.806
5601.646 839.850
5602.699 892.587
5603.752 972.118
5604.805 1175.868
5605.858 1214.572
5606.911 902.315
5607.964 838.557
5609.017 830.643
5610.070 935.533
5611.123 865.532
5612.176 974.417
5613.229 744.984
5614.282 865.314
5615.335 853.460
5616.388 964.732
5617.441 1023.839
5618.494 966.825
5619.547 858.525
5620.600 769.174
5621.653 912.793
5622.706 959.189
5623.759 1060.067
5624.812 1102.961
5625.865 903.408
5626.918 830.176
5627.971 860.402
5629.024 868.450
5630.077 878.569
5631.130 860.175
5632.183 941.129
5633.236 845.465
5634.289 817.730
5635.342 895.074
5636.395 870.706
5637.448 810.959
5638.501 922.754
5639.554 929.581
5640.608 989.129
5641.661 854.299
5642.714 926.574
5643.767 890.279
5644.820 927.591
5645.873 971.453
5646.926 874.130
5647.979 887.196
5649.032 921.863
5650.085 897.980
5651.138 945.030
5652.191 945.811
5653.244 939.180
5654.297 878.769
5655.350 908.417
5656.403 832.763
5657.456 756.863
5658.509 974.657
5659.562 810.479
5660.615 863.918
5661.668 881.666
5662.721 883.038
5663.774 797.517
5664.827 937.548
5665.880 786.690
5666.933 858.194
5667.986 950.418
5669.039 949.140
5670.092 935.875
5671.145 848.963
5672.198 943.237
5673.251 889.428
5674.304 915.615
5675.357 883.840
5676.410 859.953
5677.463 910.550
5678.516 882.416
5679.569 934.783
5680.622 943.621
5681.675 884.726
5682.728 973.308
5683.781 848.550
5684.834 972.647
5685.887 851.577
5686.940 916.628
5687.993 824.684
5689.046 912.297
5690.099 919.732
5691.152 931.896
5692.205 976.521
5693.258 916.087
5694.311 867.011
5695.364 846.424
5696.417 909.203
5697.470 879.751
5698.523 872.333
5699.576 948.884
5700.629 933.102
5701.682 754.929
5702.735 912.564
5703.788 954.767
5704.841 892.046
5705.894 852.491
5706.947 800.880
5708.000 866.123
5709.053 886.656
5710.106 692.502
5711.159 807.569
5712.212 913.956
5713.265 926.822
5714.318 826.322
5715.371 856.261
5716.424 912.505
5717.477 939.840
5718.530 938.214
5719.583 803.941
5720.636 859.009
5721.689 890.166
5722.742 953.556
5723.796 991.503
5724.849 814.916
5725.902 905.046
5726.955 943.695
5728.008 950.527
5729.061 951.051
5730.114 921.810
5731.167 930.626
5732.220 806.806
5733.273 814.365
5734.326 894.739
5735.379 891.088
5736.432 817.952
5737.485 789.702
5738.538 824.795
5739.591 885.317
5740.644 903.728
5741.697 856.004
5742.750 822.017
5743.803 821.753
5744.856 887.886
5745.909 925.795
5746.962 773.401
5748.015 798.697
5749.068 740.942
5750.121 860.257
5751.174 903.160
5752.227 828.220
5753.280 837.993
5754.333 857.653
5755.386 798.686
5756.439 781.298
5757.492 844.749
5758.545 853.789
5759.598 895.314
5760.651 791.357
5761.704 776.407
5762.757 879.808
5763.810 891.939
5764.863 898.623
5765.916 877.624
5766.969 856.927
5768.022 769.899
5769.075 836.519
5770.128 814.196
5771.181 901.805
5772.234 800.571
5773.287 876.794
5774.340 799.095
5775.393 831.722
5776.446 776.369
5777.499 799.757
5778.552 872.798
5779.605 778.661
5780.658 735.405
5781.711 787.582
5782.764 768.763
5783.817 714.156
5784.870 958.663
5785.923 888.992
5786.976 835.997
5788.029 852.329
5789.082 826.118
5790.135 789.729
5791.188 796.650
5792.241 750.205
5793.294 867.587
5794.347 780.912
5795.400 836.338
5796.453 873.458
5797.506 888.176
5798.559 881.812
5799.612 838.973
5800.665 848.614
5801.718 863.258
5802.771 832.266
5803.824 877.196
5804.877 764.311
5805.931 823.665
5806.984 824.280
5808.037 809.204
5809.090 916.289
5810.143 911.858
5811.196 816.261
5812.249 807.435
5813.302 811.521
5814.355 810.210
5815.408 795.157
5816.461 764.880
5817.514 730.898
5818.567 878.719
5819.620 852.440
5820.673 768.183
5821.726 890.507
5822.779 951.406
5823.832 810.651
5824.885 827.994
5825.938 862.773
5826.991 821.869
5828.044 861.521
5829.097 818.400
5830.150 903.359
5831.203 921.840
5832.256 887.700
5833.309 795.394
5834.362 828.234
5835.415 911.708
5836.468 885.927
5837.521 919.847
5838.574 840.334
5839.627 816.743
5840.680 850.881
5841.733 842.440
5842.786 822.210
5843.839 768.642
5844.892 895.856
5845.945 883.555
5846.998 816.973
5848.051 786.791
5849.104 855.830
5850.157 788.616
5851.210 839.487
5852.263 878.921
5853.316 829.730
5854.369 813.708
5855.422 710.366
5856.475 766.279
5857.528 828.763
5858.581 795.733
5859.634 809.817
5860.687 828.343
5861.740 826.124
5862.793 734.183
5863.846 852.169
5864.899 1092.772
5865.952 1291.051
5867.005 1451.494
5868.058 1337.841
5869.111 1125.243
5870.164 1004.854
5871.217 968.114
5872.270 978.327
5873.323 960.696
5874.376 831.711
5875.429 964.775
5876.482 939.434
5877.535 1770.790
5878.588 4063.650
5879.641 4938.718
5880.694 2655.732
5881.747 950.078
5882.800 971.412
5883.853 861.138
5884.906 787.384
5885.959 794.906
5887.012 1264.929
5888.065 2022.028
5889.119 5019.101
5890.172 6703.739
5891.225 4759.950
5892.278 1172.248
5893.331 888.779
5894.384 1732.128
5895.437 3814.491
5896.490 4130.509
5897.543 2504.872
5898.596 831.312
5899.649 848.630
5900.702 925.662
5901.755 850.849
5902.808 864.370
5903.861 903.675
5904.914 873.145
5905.967 886.408
5907.020 1070.511
5908.073 948.460
5909.126 842.802
5910.179 868.148
5911.232 818.511
5912.285 843.996
5913.338 905.556
5914.391 1275.596
5915.444 1531.940
5916.497 1299.580
5917.550 968.681
5918.603 793.085
5919.656 811.727
5920.709 849.176
5921.762 907.247
5922.815 825.253
5923.868 946.647
5924.921 1028.909
5925.974 1029.297
5927.027 820.915
5928.080 788.031
5929.133 910.387
5930.186 842.288
5931.239 857.620
5932.292 1435.446
5933.345 1581.356
5934.398 1256.336
5935.451 803.171
5936.504 800.109
5937.557 797.791
5938.610 770.718
5939.663 864.925
5940.716 781.176
5941.769 786.347
5942.822 809.463
5943.875 818.317
5944.928 893.850
5945.981 1026.832
5947.034 989.492
5948.087 851.944
5949.140 785.795
5950.193 726.166
5951.246 813.496
5952.299 1092.039
5953.352 1373.896
5954.405 1274.851
5955.458 951.710
5956.511 821.757
5957.564 846.301
5958.617 834.790
5959.670 856.591
5960.723 833.806
5961.776 772.807
5962.829 798.992
5963.882 891.249
5964.935 761.542
5965.988 783.164
5967.041 863.788
5968.094 781.515
5969.147 874.415
5970.200 979.910
5971.254 859.543
5972.307 782.902
5973.360 797.619
5974.413 739.227
5975.466 826.998
5976.519 1017.119
5977.572 1062.276
5978.625 883.791
5979.678 842.624
5980.731 740.379
5981.784 693.613
5982.837 760.840
5983.890 876.049
5984.943 767.607
5985.996 711.929
5987.049 654.454
5988.102 771.748
5989.155 685.379
5990.208 768.126
5991.261 742.274
5992.314 764.914
5993.367 776.213
5994.420 793.458
5995.473 811.421
5996.526 796.960
5997.579 825.373
5998.632 808.050
5999.685 724.116
6000.738 659.105
6001.791 693.983
6002.844 940.422
6003.897 992.587
6004.950 875.364
6006.003 808.148
6007.056 741.504
6008.109 677.896
6009.162 668.441
6010.215 677.402
6011.268 737.222
6012.321 699.786
6013.374 674.001
6014.427 643.272
6015.480 661.723
6016.533 695.931
6017.586 700.501
6018.639 724.731
6019.692 685.907
6020.745 639.485
6021.798 659.124
6022.851 662.063
6023.904 677.769
6024.957 720.039
6026.010 743.956
6027.063 664.260
6028.116 735.963
6029.169 747.059
6030.222 741.048
6031.275 533.348
6032.328 639.886
6033.381 662.329
6034.434 765.252
6035.487 634.563
6036.540 619.112
6037.593 647.597
6038.646 654.041
6039.699 670.774
6040.752 700.477
6041.805 629.413
6042.858 634.890
6043.911 709.816
6044.964 610.823
6046.017 672.044
6047.070 629.548
6048.123 654.603
6049.176 677.659
6050.229 688.340
6051.282 637.582
6052.335 599.311
6053.388 669.128
6054.442 595.203
6055.495 688.107
6056.548 678.348
6057.601 621.186
6058.654 595.486
6059.707 684.363
6060.760 738.742
6061.813 739.730
6062.866 687.109
6063.919 638.574
6064.972 594.722
6066.025 565.544
6067.078 699.091
6068.131 705.888
6069.184 595.827
6070.237 607.581
6071.290 621.209
6072.343 535.857
6073.396 584.686
6074.449 583.625
6075.502 576.922
6076.555 601.679
6077.608 599.612
6078.661 609.756
6079.714 587.078
6080.767 579.840
6081.820 610.915
6082.873 618.587
6083.926 629.151
6084.979 596.627
6086.032 623.975
6087.085 607.597
6088.138 599.214
6089.191 639.358
6090.244 684.681
6091.297 580.580
6092.350 609.591
6093.403 660.345
6094.456 622.275
6095.509 644.701
6096.562 641.350
6097.615 639.560
6098.668 670.282
6099.721 701.435
6100.774 623.439
6101.827 608.228
6102.880 624.403
6103.933 638.865
6104.986 684.685
6106.039 658.643
6107.092 590.877
6108.145 525.552
6109.198 543.824
6110.251 598.044
6111.304 620.437
6112.357 557.397
6113.410 615.372
6114.463 617.593
6115.516 586.878
6116.569 551.013
6117.622 621.303
6118.675 568.744
6119.728 617.090
6120.781 526.679
6121.834 547.341
6122.887 570.821
6123.940 498.557
6124.993 627.435
6126.046 551.889
6127.099 541.113
6128.152 583.707
6129.205 606.158
6130.258 602.996
6131.311 589.877
6132.364 641.155
6133.417 570.586
6134.470 622.605
6135.523 529.578
6136.577 667.670
6137.630 660.781
6138.683 672.827
6139.736 714.075
6140.789 694.761
6141.842 625.603
6142.895 657.555
6143.948 773.555
6145.001 713.476
6146.054 743.447
6147.107 581.041
6148.160 663.056
6149.213 567.360
6150.266 651.257
6151.319 655.397
6152.372 617.978
6153.425 646.483
6154.478 626.279
6155.531 876.934
6156.584 1256.516
6157.637 1438.231
6158.690 1205.760
6159.743 908.097
6160.796 595.163
6161.849 612.209
6162.902 578.656
6163.955 539.182
6165.008 580.466
6166.061 556.701
6167.114 510.193
6168.167 542.485
6169.220 696.269
6170.273 882.355
6171.326 929.291
6172.379 724.445
6173.432 583.005
6174.485 650.035
6175.538 706.984
6176.591 785.355
6177.644 665.592
6178.697 527.197
6179.750 789.240
6180.803 633.975
6181.856 645.818
6182.909 560.591
6183.962 617.235
6185.015 633.831
6186.068 642.240
6187.121 553.351
6188.174 613.858
6189.227 535.917
6190.280 544.256
6191.333 582.062
6192.386 652.119
6193.439 639.248
6194.492 572.630
6195.545 572.204
6196.598 617.722
6197.651 533.917
6198.704 624.602
6199.757 542.585
6200.810 671.327
6201.863 743.131
6202.916 874.800
6203.969 792.649
6205.022 568.720
6206.075 603.692
6207.128 513.512
6208.181 540.673
6209.234 627.699
6210.287 563.271
6211.340 689.967
6212.393 613.089
6213.446 566.349
6214.499 605.186
6215.552 578.557
6216.605 641.224
6217.658 546.638
6218.711 524.084
6219.765 618.761
6220.818 770.570
6221.871 912.790
6222.924 765.287
6223.977 533.015
6225.030 550.014
6226.083 509.113
6227.136 574.244
6228.189 514.404
6229.242 586.942
6230.295 557.486
6231.348 586.310
6232.401 587.512
6233.454 931.217
6234.507 1155.113
6235.560 1653.720
6236.613 1605.829
6237.666 1109.583
6238.719 753.730
6239.772 713.367
6240.825 862.143
6241.878 838.819
6242.931 877.645
6243.984 855.216
6245.037 604.186
6246.090 633.737
6247.143 621.671
6248.196 627.893
6249.249 585.741
6250.302 580.931
6251.355 553.527
6252.408 507.759
6253.461 535.858
6254.514 548.890
6255.567 676.980
6256.620 996.327
6257.673 1703.500
6258.726 1698.905
6259.779 905.923
6260.832 594.656
6261.885 630.278
6262.938 667.347
6263.991 671.794
6265.044 861.377
6266.097 920.291
6267.150 720.242
6268.203 669.956
6269.256 734.755
6270.309 603.250
6271.362 533.776
6272.415 525.702
6273.468 578.481
6274.521 643.167
6275.574 765.868
6276.627 705.444
6277.680 578.483
6278.733 608.659
6279.786 565.226
6280.839 502.380
6281.892 576.450
6282.945 551.568
6283.998 608.462
6285.051 601.704
6286.104 915.000
6287.157 1498.688
6288.210 1557.930
6289.263 945.641
6290.316 630.758
6291.369 514.963
6292.422 525.979
6293.475 606.258
6294.528 570.197
6295.581 582.740
6296.634 1024.552
6297.687 1206.458
6298.740 11276.026
6299.793 42596.017
6300.846 54480.382
6301.899 24439.137
6302.953 2238.244
6304.006 839.718
6305.059 956.490
6306.112 1395.315
6307.165 1782.200
6308.218 1343.753
6309.271 733.082
6310.324 618.342
6311.377 648.217
6312.430 608.069
6313.483 602.573
6314.536 752.137
6315.589 995.068
6316.642 905.509
6317.695 647.435
6318.748 514.730
6319.801 652.495
6320.854 860.101
6321.907 953.418
6322.960 820.170
6324.013 564.543
6325.066 527.719
6326.119 587.999
6327.172 579.918
6328.225 726.413
6329.278 1289.175
6330.331 1475.351
6331.384 997.085
6332.437 568.930
6333.490 540.453
6334.543 575.472
6335.596 621.478
6336.649 548.437
6337.702 571.167
6338.755 591.726
6339.808 600.966
6340.861 540.239
6341.914 550.176
6342.967 603.039
6344.020 582.150
6345.073 506.354
6346.126 562.665
6347.179 620.739
6348.232 773.362
6349.285 792.412
6350.338 668.790
6351.391 550.303
6352.444 516.165
6353.497 532.151
6354.550 621.868
6355.603 909.803
6356.656 1069.979
6357.709 922.789
6358.762 587.847
6359.815 541.819
6360.868 802.178
6361.921 1799.365
6362.974 12185.062
6364.027 17369.353
6365.080 11950.687
6366.133 1727.843
6367.186 525.454
6368.239 755.284
6369.292 520.017
6370.345 561.516
6371.398 560.016
6372.451 523.197
6373.504 593.862
6374.557 554.279
6375.610 514.254
6376.663 521.549
6377.716 551.600
6378.769 617.147
6379.822 675.682
6380.875 546.272
6381.928 534.272
6382.981 557.143
6384.034 528.108
6385.088 636.737
6386.141 740.339
6387.194 827.511
6388.247 668.342
6389.300 546.903
6390.353 513.722
6391.406 503.295
6392.459 547.647
6393.512 531.143
6394.565 529.318
6395.618 545.143
6396.671 566.656
6397.724 502.561
6398.777 470.023
6399.830 468.566
6400.883 509.105
6401.936 510.868
6402.989 511.513
6404.042 530.252
6405.095 526.665
6406.148 491.971
6407.201 470.133
6408.254 470.296
6409.307 426.968
6410.360 473.483
6411.413 531.933
6412.466 481.610
6413.519 533.851
6414.572 476.130
6415.625 539.795
6416.678 435.187
6417.731 495.232
6418.784 521.334
6419.837 605.578
6420.890 525.093
6421.943 473.681
6422.996 452.049
6424.049 478.257
6425.102 473.489
6426.155 529.722
6427.208 462.331
6428.261 401.510
6429.314 448.397
6430.367 495.038
6431.420 389.981
6432.473 522.216
6433.526 447.126
6434.579 467.275
6435.632 420.654
6436.685 470.969
6437.738 465.809
6438.791 457.716
6439.844 494.162
6440.897 427.339
6441.950 465.871
6443.003 519.696
6444.056 558.104
6445.109 457.079
6446.162 467.028
6447.215 525.009
6448.268 455.345
6449.321 470.437
6450.374 492.974
6451.427 507.052
6452.480 580.720
6453.533 623.494
6454.586 569.439
6455.639 618.787
6456.692 645.204
6457.745 533.518
6458.798 514.094
6459.851 504.535
6460.904 449.749
6461.957 478.065
6463.010 674.440
6464.063 789.888
6465.116 882.050
6466.169 974.825
6467.222 792.513
6468.276 532.287
6469.329 593.427
6470.382 923.170
6471.435 978.581
6472.488 728.770
6473.541 533.932
6474.594 466.259
6475.647 449.983
6476.700 546.782
6477.753 538.730
6478.806 658.387
6479.859 498.481
6480.912 504.609
6481.965 444.345
6483.018 512.491
6484.071 430.857
6485.124 434.373
6486.177 467.084
6487.230 480.205
6488.283 422.340
6489.336 463.230
6490.389 470.685
6491.442 418.085
6492.495 431.459
6493.548 459.240
6494.601 442.788
6495.654 453.907
6496.707 550.297
6497.760 1169.290
6498.813 1691.772
6499.866 1307.582
6500.919 633.771
6501.972 434.883
6503.025 499.315
6504.078 661.986
6505.131 852.030
6506.184 683.719
6507.237 466.644
6508.290 477.722
6509.343 523.555
6510.396 464.608
6511.449 510.359
6512.502 530.663
6513.555 561.095
6514.608 550.140
6515.661 491.104
6516.714 465.758
6517.767 425.700
6518.820 448.098
6519.873 453.389
6520.926 503.183
6521.979 692.421
6523.032 710.321
6524.085 502.735
6525.138 418.637
6526.191 502.381
6527.244 468.917
6528.297 429.614
6529.350 532.809
6530.403 490.960
6531.456 566.811
6532.509 1199.320
6533.562 1463.625
6534.615 848.921
6535.668 506.487
6536.721 437.580
6537.774 446.543
6538.827 437.856
6539.880 413.003
6540.933 506.653
6541.986 484.432
6543.039 596.364
6544.092 808.845
6545.145 735.749
6546.198 579.669
6547.251 469.970
6548.304 449.868
6549.357 515.248
6550.411 540.427
6551.464 723.192
6552.517 1145.339
6553.570 1712.589
6554.623 1408.889
6555.676 631.310
6556.729 483.666
6557.782 496.218
6558.835 495.689
6559.888 488.607
6560.941 502.688
6561.994 737.436
6563.047 1024.215
6564.100 1903.581
6565.153 19945.429
6566.206 67167.146
6567.259 73569.116
6568.312 29374.270
6569.365 3403.538
6570.418 1015.958
6571.471 951.867
6572.524 550.824
6573.577 519.899
6574.630 509.627
6575.683 621.581
6576.736 1050.914
6577.789 1295.872
6578.842 871.681
6579.895 465.190
6580.948 455.981
6582.001 480.226
6583.054 498.713
6584.107 519.209
6585.160 537.923
6586.213 764.716
6587.266 1084.391
6588.319 931.366
6589.372 563.987
6590.425 525.311
6591.478 512.568
6592.531 465.047
6593.584 448.501
6594.637 424.675
6595.690 515.525
6596.743 623.972
6597.796 616.696
6598.849 458.498
6599.902 425.624
6600.955 409.340
6602.008 460.072
6603.061 683.613
6604.114 829.781
6605.167 804.525
6606.220 517.653
6607.273 467.622
6608.326 444.919
6609.379 411.970
6610.432 448.198
6611.485 460.279
6612.538 441.417
6613.591 430.465
6614.644 457.005
6615.697 470.330
6616.750 437.200
6617.803 430.949
6618.856 433.865
6619.909 430.960
6620.962 414.453
6622.015 412.876
6623.068 447.236
6624.121 380.613
6625.174 444.290
6626.227 491.876
6627.280 477.716
6628.333 502.560
6629.386 428.800
6630.439 413.938
6631.492 408.235
6632.545 455.652
6633.599 600.065
6634.652 578.382
6635.705 510.446
6636.758 431.647
6637.811 401.456
6638.864 373.032
6639.917 454.853
6640.970 437.548
6642.023 422.176
6643.076 438.827
6644.129 366.033
6645.182 389.028
6646.235 404.680
6647.288 408.596
6648.341 413.546
6649.394 362.681
6650.447 397.390
6651.500 431.803
6652.553 430.671
6653.606 407.368
6654.659 419.930
6655.712 378.645
6656.765 399.336
6657.818 416.204
6658.871 421.147
6659.924 393.492
6660.977 434.160
6662.030 443.396
6663.083 450.797
6664.136 406.003
6665.189 404.954
6666.242 423.356
6667.295 484.022
6668.348 489.155
6669.401 381.273
6670.454 383.126
6671.507 350.549
6672.560 386.392
6673.613 414.133
6674.666 425.794
6675.719 419.071
6676.772 397.649
6677.825 344.450
6678.878 367.442
6679.931 412.590
6680.984 800.556
6682.037 1223.081
6683.090 965.322
6684.143 615.176
6685.196 422.564
6686.249 412.377
6687.302 395.092
6688.355 397.614
6689.408 429.274
6690.461 416.923
6691.514 391.936
6692.567 430.089
6693.620 347.195
6694.673 406.272
6695.726 404.418
6696.779 446.571
6697.832 421.946
6698.885 423.018
6699.938 461.118
6700.991 400.938
6702.044 309.147
6703.097 364.987
6704.150 376.981
6705.203 403.097
6706.256 458.964
6707.309 407.861
6708.362 377.754
6709.415 390.407
6710.468 384.798
6711.521 391.986
6712.574 418.639
6713.627 373.498
6714.680 368.516
6715.734 428.247
6716.787 398.005
6717.840 427.217
6718.893 767.342
6719.946 1738.344
6720.999 1882.926
6722.052 986.272
6723.105 517.581
6724.158 468.185
6725.211 457.083
6726.264 387.688
6727.317 410.549
6728.370 414.413
6729.423 397.899
6730.476 402.874
6731.529 400.051
6732.582 447.731
6733.635 915.222
6734.688 1439.107
6735.741 1222.422
6736.794 611.851
6737.847 407.629
6738.900 454.765
6739.953 424.752
6741.006 451.118
6742.059 484.020
6743.112 384.686
6744.165 393.467
6745.218 409.600
6746.271 376.282
6747.324 435.019
6748.377 361.837
6749.430 416.791
6750.483 333.718
6751.536 352.560
6752.589 387.883
6753.642 358.454
6754.695 325.845
6755.748 425.812
6756.801 367.187
6757.854 367.940
6758.907 390.151
6759.960 370.591
6761.013 415.612
6762.066 374.949
6763.119 358.528
6764.172 370.938
6765.225 379.166
6766.278 416.466
6767.331 392.829
6768.384 402.364
6769.437 344.697
6770.490 404.047
6771.543 374.855
6772.596 362.845
6773.649 376.910
6774.702 395.346
6775.755 391.632
6776.808 381.668
6777.861 378.586
6778.914 354.270
6779.967 373.834
6781.020 356.737
6782.073 359.691
6783.126 440.386
6784.179 436.870
6785.232 375.703
6786.285 320.953
6787.338 349.426
6788.391 401.447
6789.444 388.037
6790.497 378.426
6791.550 360.214
6792.603 375.314
6793.656 411.496
6794.709 377.602
6795.762 377.044
6796.815 357.951
6797.868 342.719
6798.922 332.696
6799.975 412.616
6801.028 362.255
6802.081 350.970
6803.134 387.505
6804.187 323.357
6805.240 361.704
6806.293 381.508
6807.346 365.380
6808.399 368.509
6809.452 410.949
6810.505 359.907
6811.558 341.650
6812.611 379.018
6813.664 335.526
6814.717 341.842
6815.770 384.413
6816.823 316.982
6817.876 329.471
6818.929 384.904
6819.982 348.913
6821.035 348.812
6822.088 332.036
6823.141 325.477
6824.194 369.892
6825.247 386.513
6826.300 582.698
6827.353 875.797
6828.406 1444.034
6829.459 1670.722
6830.512 1443.792
6831.565 709.105
6832.618 618.871
6833.671 1392.635
6834.724 1750.433
6835.777 1080.858
6836.830 425.129
6837.883 373.183
6838.936 428.462
6839.989 477.594
6841.042 596.834
6842.095 681.277
6843.148 605.237
6844.201 399.289
6845.254 387.794
6846.307 319.641
6847.360 347.144
6848.413 370.451
6849.466 409.679
6850.519 445.821
6851.572 399.138
6852.625 339.170
6853.678 313.643
6854.731 339.739
6855.784 361.839
6856.837 392.934
6857.890 361.569
6858.943 395.331
6859.996 396.493
6861.049 393.293
6862.102 798.116
6863.155 2092.624
6864.208 3129.661
6865.261 2025.905
6866.314 412.184
6867.367 288.240
6868.420 253.452
6869.473 294.297
6870.526 442.965
6871.579 470.154
6872.632 348.974
6873.685 251.394
6874.738 245.213
6875.791 334.886
6876.844 267.615
6877.897 286.642
6878.950 322.634
6880.003 414.760
6881.056 611.757
6882.110 613.769
6883.163 425.285
6884.216 325.334
6885.269 317.759
6886.322 274.699
6887.375 337.564
6888.428 613.504
6889.481 829.315
6890.534 641.836
6891.587 270.670
6892.640 311.625
6893.693 350.493
6894.746 394.939
6895.799 334.621
6896.852 259.514
6897.905 331.873
6898.958 352.632
6900.011 633.744
6901.064 775.215
6902.117 610.850
6903.170 406.114
6904.223 272.493
6905.276 288.861
6906.329 359.456
6907.382 385.405
6908.435 359.287
6909.488 249.561
6910.541 295.320
6911.594 702.450
6912.647 1147.168
6913.700 928.611
6914.753 422.906
6915.806 323.802
6916.859 349.048
6917.912 321.573
6918.965 285.658
6920.018 330.584
6921.071 328.650
6922.124 1050.918
6923.177 1695.780
6924.230 1434.660
6925.283 626.379
6926.336 282.931
6927.389 354.160
6928.442 351.275
6929.495 383.536
6930.548 379.824
6931.601 382.336
6932.654 324.627
6933.707 260.690
6934.760 339.690
6935.813 305.191
6936.866 357.745
6937.919 459.437
6938.972 906.802
6940.025 1052.247
6941.078 642.561
6942.131 394.278
6943.184 363.480
6944.237 340.486
6945.290 342.173
6946.343 279.257
6947.396 613.440
6948.449 1602.803
6949.502 2051.670
6950.555 1216.908
6951.608 390.873
6952.661 404.932
6953.714 326.927
6954.767 341.817
6955.820 387.428
6956.873 403.794
6957.926 350.973
6958.979 339.675
6960.032 357.709
6961.085 357.093
6962.138 357.014
6963.191 344.768
6964.245 365.761
6965.298 326.431
6966.351 387.413
6967.404 400.579
6968.457 464.581
6969.510 701.816
6970.563 760.405
6971.616 551.591
6972.669 340.653
6973.722 355.712
6974.775 396.562
6975.828 325.239
6976.881 522.396
6977.934 1270.860
6978.987 1295.061
6980.040 731.169
6981.093 374.636
6982.146 355.935
6983.199 333.086
6984.252 322.108
6985.305 374.115
6986.358 382.664
6987.411 329.545
6988.464 338.466
6989.517 365.751
6990.570 367.870
6991.623 325.417
6992.676 294.488
6993.729 299.715
6994.782 311.701
6995.835 400.948
6996.888 418.015
6997.941 327.878
6998.994 362.242
7000.047 376.625
7001.100 472.790
7002.153 628.224
7003.206 744.571
7004.259 596.950
7005.312 438.083
7006.365 388.580
7007.418 338.370
7008.471 321.198
7009.524 374.432
7010.577 611.713
7011.630 847.652
7012.683 678.616
7013.736 399.729
7014.789 300.857
7015.842 304.585
7016.895 277.986
7017.948 320.825
7019.001 293.010
7020.054 324.530
7021.107 348.494
7022.160 311.852
7023.213 338.128
7024.266 351.754
7025.319 312.510
7026.372 308.656
7027.425 341.199
7028.478 331.623
7029.531 342.647
7030.584 368.546
7031.637 343.720
7032.690 334.130
7033.743 348.757
7034.796 318.720
7035.849 324.325
7036.902 317.478
7037.955 367.448
7039.008 308.635
7040.061 359.130
7041.114 399.680
7042.167 449.539
7043.220 362.530
7044.273 290.497
7045.326 381.530
7046.379 521.760
7047.433 547.467
7048.486 604.787
7049.539 579.971
7050.592 428.052
7051.645 409.164
7052.698 412.628
7053.751 461.561
7054.804 412.380
7055.857 344.405
7056.910 370.862
7057.963 343.738
7059.016 308.316
7060.069 398.786
7061.122 371.644
7062.175 355.543
7063.228 402.492
7064.281 370.933
7065.334 379.600
7066.387 417.457
7067.440 468.819
7068.493 694.844
7069.546 904.797
7070.599 757.269
7071.652 428.659
7072.705 362.742
7073.758 441.118
7074.811 369.059
7075.864 341.309
7076.917 374.928
7077.970 359.961
7079.023 357.727
7080.076 342.516
7081.129 384.692
7082.182 433.182
7083.235 408.477
7084.288 360.614
7085.341 325.368
7086.394 338.692
7087.447 415.115
7088.500 480.886
7089.553 463.562
7090.606 414.755
7091.659 371.696
7092.712 399.011
7093.765 299.726
7094.818 370.898
7095.871 394.513
7096.924 375.475
7097.977 344.952
7099.030 315.091
7100.083 298.646
7101.136 344.535
7102.189 371.378
7103.242 328.918
7104.295 343.091
7105.348 340.361
7106.401 297.706
7107.454 319.303
7108.507 325.701
7109.560 351.896
7110.613 322.124
7111.666 350.808
7112.719 309.010
7113.772 332.106
7114.825 338.313
7115.878 344.078
7116.931 369.327
7117.984 329.497
7119.037 251.899
7120.090 264.717
7121.143 333.434
7122.196 366.504
7123.249 311.180
7124.302 291.800
7125.355 373.277
7126.408 406.801
7127.461 397.904
7128.514 387.787
7129.568 395.111
7130.621 349.674
7131.674 361.761
7132.727 414.288
7133.780 433.040
7134.833 350.101
7135.886 362.216
7136.939 337.760
7137.992 497.224
7139.045 1243.260
7140.098 1837.414
7141.151 1387.553
7142.204 618.468
7143.257 427.967
7144.310 474.821
7145.363 451.969
7146.416 411.123
7147.469 369.552
7148.522 364.529
7149.575 370.054
7150.628 377.293
7151.681 320.846
7152.734 353.059
7153.787 377.876
7154.840 347.973
7155.893 344.736
7156.946 315.998
7157.999 347.463
7159.052 397.905
7160.105 383.195
7161.158 404.634
7162.211 389.048
7163.264 373.273
7164.317 394.212
7165.370 383.980
7166.423 365.140
7167.476 393.642
7168.529 363.996
7169.582 329.071
7170.635 316.444
7171.688 305.360
7172.741 307.821
7173.794 360.373
7174.847 383.108
7175.900 367.896
7176.953 358.527
7178.006 331.877
7179.059 315.209
7180.112 351.364
7181.165 361.186
7182.218 346.164
7183.271 341.833
7184.324 316.500
7185.377 283.549
7186.430 269.478
7187.483 279.948
7188.536 278.346
7189.589 321.783
7190.642 314.219
7191.695 283.862
7192.748 288.601
7193.801 285.150
7194.854 289.880
7195.907 307.241
7196.960 326.208
7198.013 300.207
7199.066 285.471
7200.119 345.904
7201.172 308.402
7202.225 271.736
7203.278 348.951
7204.331 323.313
7205.384 296.717
7206.437 327.576
7207.490 312.353
7208.543 306.712
7209.596 326.856
7210.649 300.172
7211.702 304.651
7212.756 325.915
7213.809 303.570
7214.862 311.605
7215.915 311.168
7216.968 318.263
7218.021 313.589
7219.074 295.423
7220.127 316.797
7221.180 370.887
7222.233 402.661
7223.286 389.570
7224.339 343.701
7225.392 316.946
7226.445 327.868
7227.498 314.208
7228.551 333.978
7229.604 365.163
7230.657 342.716
7231.710 373.444
7232.763 284.622
7233.816 322.404
7234.869 356.018
7235.922 296.051
7236.975 421.262
7238.028 1017.025
7239.081 2154.974
7240.134 2909.125
7241.187 2552.953
7242.240 1455.530
7243.293 1256.006
7244.346 2247.644
7245.399 2866.696
7246.452 2090.235
7247.505 835.588
7248.558 454.486
7249.611 378.531
7250.664 351.524
7251.717 545.430
7252.770 879.406
7253.823 966.992
7254.876 739.232
7255.929 526.861
7256.982 409.365
7258.035 348.766
7259.088 329.691
7260.141 357.880
7261.194 358.542
7262.247 335.573
7263.300 355.221
7264.353 330.991
7265.406 327.753
7266.459 331.687
7267.512 407.825
7268.565 511.211
7269.618 385.690
7270.671 415.829
7271.724 355.516
7272.777 342.393
7273.830 430.409
7274.883 1991.762
7275.936 4271.430
7276.989 4458.112
7278.042 2380.035
7279.095 592.421
7280.148 344.892
7281.201 390.712
7282.254 536.546
7283.307 1136.299
7284.360 1966.807
7285.413 1837.984
7286.466 1021.337
7287.519 402.199
7288.572 272.315
7289.625 308.619
7290.678 336.029
7291.731 367.101
7292.784 375.568
7293.837 370.484
7294.891 554.047
7295.944 811.103
7296.997 713.782
7298.050 460.007
7299.103 305.925
7300.156 293.400
7301.209 291.855
7302.262 659.121
7303.315 1142.041
7304.368 1199.454
7305.421 719.350
7306.474 404.006
7307.527 367.357
7308.580 351.007
7309.633 376.844
7310.686 451.698
7311.739 475.918
7312.792 341.122
7313.845 354.894
7314.898 1413.390
7315.951 3367.326
7317.004 3508.419
7318.057 1632.307
7319.110 552.817
7320.163 350.822
7321.216 313.001
7322.269 349.614
7323.322 405.495
7324.375 443.537
7325.428 419.299
7326.481 359.292
7327.534 666.260
7328.587 1374.380
7329.640 1636.950
7330.693 1184.000
7331.746 575.305
7332.799 415.786
7333.852 417.851
7334.905 399.882
7335.958 374.773
7337.011 356.034
7338.064 238.889
7339.117 1070.283
7340.170 3153.382
7341.223 4278.444
7342.276 2849.785
7343.329 883.769
7344.382 439.223
7345.435 394.285
7346.488 352.123
7347.541 396.433
7348.594 364.652
7349.647 334.836
7350.700 360.468
7351.753 378.641
7352.806 376.537
7353.859 369.536
7354.912 315.476
7355.965 297.579
7357.018 626.728
7358.071 1235.491
7359.124 1465.899
7360.177 1025.939
7361.230 476.281
7362.283 301.430
7363.336 323.826
7364.389 405.542
7365.442 332.796
7366.495 281.029
7367.548 823.892
7368.601 2264.713
7369.654 3188.683
7370.707 2198.047
7371.760 838.632
7372.813 420.825
7373.866 334.210
7374.919 354.158
7375.972 355.556
7377.025 328.769
7378.079 320.993
7379.132 341.339
7380.185 286.018
7381.238 323.360
7382.291 311.163
7383.344 321.804
7384.397 289.968
7385.450 313.283
7386.503 359.862
7387.556 308.678
7388.609 273.313
7389.662 343.406
7390.715 569.077
7391.768 950.160
7392.821 1026.787
7393.874 648.795
7394.927 379.182
7395.980 306.223
7397.033 302.237
7398.086 306.700
7399.139 293.266
7400.192 716.791
7401.245 1613.539
7402.298 1999.278
7403.351 1358.346
7404.404 629.697
7405.457 393.221
7406.510 277.124
7407.563 283.561
7408.616 261.700
7409.669 248.462
7410.722 291.214
7411.775 340.903
7412.828 354.616
7413.881 286.289
7414.934 308.674
7415.987 360.568
7417.040 331.307
7418.093 318.843
7419.146 335.335
7420.199 306.536
7421.252 282.653
7422.305 317.080
7423.358 305.794
7424.411 265.451
7425.464 276.076
7426.517 289.347
7427.570 309.647
7428.623 518.594
7429.676 658.883
7430.729 687.838
7431.782 498.220
7432.835 294.848
7433.888 298.999
7434.941 272.259
7435.994 263.605
7437.047 539.529
7438.100 992.655
7439.153 1102.208
7440.206 686.010
7441.259 390.546
7442.312 282.942
7443.365 241.758
7444.418 244.487
7445.471 281.078
7446.524 287.071
7447.577 293.334
7448.630 297.575
7449.683 257.116
7450.736 294.227
7451.789 258.378
7452.842 266.880
7453.895 277.544
7454.948 288.856
7456.001 289.139
7457.054 278.493
7458.107 304.778
7459.160 337.641
7460.214 305.394
7461.267 300.313
7462.320 374.480
7463.373 405.323
7464.426 390.646
7465.479 413.576
7466.532 507.054
7467.585 603.787
7468.638 521.549
7469.691 388.248
7470.744 481.128
7471.797 627.949
7472.850 702.774
7473.903 853.880
7474.956 948.387
7476.009 707.732
7477.062 414.693
7478.115 397.167
7479.168 474.485
7480.221 474.444
7481.274 474.414
7482.327 474.383
7483.380 474.345
7484.433 474.309
7485.486 474.281
