5329.969 2054.837
5331.022 2064.704
5332.075 1632.169
5333.128 1478.398
5334.181 1512.370
5335.234 1457.558
5336.287 1355.561
5337.340 1504.368
5338.393 1488.450
5339.446 1506.962
5340.499 1366.402
5341.552 1422.328
5342.605 1633.223
5343.658 1488.334
5344.711 1471.732
5345.764 1512.839
5346.817 1497.221
5347.870 1451.322
5348.923 1600.368
5349.976 1506.089
5351.029 1462.456
5352.082 1440.800
5353.135 1337.444
5354.188 1614.263
5355.241 1564.288
5356.294 1441.585
5357.347 1627.942
5358.400 1539.363
5359.453 1523.754
5360.506 1576.355
5361.559 1497.224
5362.612 1384.599
5363.665 1436.949
5364.718 1398.405
5365.771 1452.803
5366.824 1557.595
5367.877 1509.554
5368.930 1462.216
5369.983 1486.303
5371.036 1361.523
5372.089 1391.857
5373.142 1469.845
5374.195 1393.399
5375.248 1340.586
5376.301 1449.308
5377.354 1433.659
5378.407 1530.407
5379.460 1498.387
5380.513 1370.071
5381.566 1424.429
5382.619 1427.910
5383.672 1392.096
5384.725 1428.353
5385.778 1414.115
5386.831 1431.096
5387.884 1398.368
5388.937 1397.636
5389.990 1453.504
5391.043 1442.209
5392.097 1359.658
5393.150 1463.199
5394.203 1451.025
5395.256 1332.777
5396.309 1355.744
5397.362 1373.600
5398.415 1363.402
5399.468 1398.893
5400.521 1392.243
5401.574 1386.041
5402.627 1403.327
5403.680 1319.668
5404.733 1358.640
5405.786 1435.208
5406.839 1306.761
5407.892 1371.023
5408.945 1393.811
5409.998 1322.900
5411.051 1389.420
5412.104 1320.243
5413.157 1291.774
5414.210 1373.450
5415.263 1455.831
5416.316 1440.823
5417.369 1395.946
5418.422 1419.144
5419.475 1362.113
5420.528 1436.927
5421.581 1456.111
5422.634 1461.080
5423.687 1362.657
5424.740 1325.334
5425.793 1343.682
5426.846 1187.984
5427.899 1462.372
5428.952 1402.988
5430.005 1342.986
5431.058 1272.649
5432.111 1348.237
5433.164 1281.882
5434.217 1313.276
5435.270 1510.165
5436.323 1559.470
5437.376 1522.134
5438.429 1356.755
5439.482 1261.332
5440.535 1461.379
5441.588 1461.199
5442.641 1396.449
5443.694 1424.260
5444.747 1341.963
5445.800 1287.582
5446.853 1433.589
5447.906 1309.215
5448.959 1331.514
5450.012 1277.472
5451.065 1374.327
5452.118 1375.346
5453.171 1429.676
5454.224 1331.115
5455.277 1214.427
5456.330 1260.062
5457.383 1379.181
5458.436 1406.285
5459.489 1367.815
5460.542 1373.279
5461.595 1372.858
5462.648 1350.395
5463.701 1341.541
5464.754 1357.521
5465.807 1264.984
5466.860 1367.890
5467.913 1409.312
5468.966 1318.187
5470.019 1306.822
5471.072 1266.830
5472.125 1283.612
5473.178 1247.648
5474.231 1396.372
5475.285 1293.178
5476.338 1332.226
5477.391 1323.136
5478.444 1378.731
5479.497 1316.662
5480.550 1225.807
5481.603 1267.163
5482.656 1269.782
5483.709 1223.096
5484.762 1436.293
5485.815 1370.290
5486.868 1297.213
5487.921 1288.928
5488.974 1176.864
5490.027 1371.443
5491.080 1212.272
5492.133 1248.376
5493.186 1304.136
5494.239 1230.349
5495.292 1274.375
5496.345 1280.649
5497.398 1345.352
5498.451 1344.349
5499.504 1303.055
5500.557 1388.517
5501.610 1326.136
5502.663 1303.214
5503.716 1354.636
5504.769 1299.567
5505.822 1267.173
5506.875 1325.999
5507.928 1325.296
5508.981 1319.424
5510.034 1281.502
5511.087 1360.471
5512.140 1487.498
5513.193 1346.516
5514.246 1300.299
5515.299 1244.483
5516.352 1335.345
5517.405 1349.706
5518.458 1347.034
5519.511 1501.162
5520.564 1775.644
5521.617 1720.207
5522.670 1453.850
5523.723 1239.100
5524.776 1266.439
5525.829 1272.100
5526.882 1266.127
5527.935 1164.957
5528.988 1192.929
5530.041 1269.256
5531.094 1296.339
5532.147 1200.863
5533.200 1427.330
5534.253 1197.864
5535.306 1281.899
5536.359 1188.761
5537.412 1248.101
5538.465 1117.181
5539.518 1410.101
5540.571 1672.442
5541.624 1647.184
5542.677 1475.322
5543.730 1373.612
5544.783 1546.280
5545.836 1497.847
5546.889 1303.274
5547.942 1378.005
5548.995 1466.996
5550.048 1383.590
5551.101 1256.292
5552.154 1351.948
5553.207 1190.750
5554.260 1370.467
5555.313 1319.953
5556.366 1317.192
5557.419 1288.474
5558.473 1349.647
5559.526 1286.282
5560.579 1130.191
5561.632 1268.222
5562.685 1344.756
5563.738 1455.563
5564.791 1484.297
5565.844 1383.471
5566.897 1235.975
5567.950 1332.580
5569.003 1329.337
5570.056 1234.066
5571.109 1312.397
5572.162 1335.122
5573.215 1169.363
5574.268 1749.812
5575.321 3026.654
5576.374 29437.995
5577.427 51972.054
5578.480 41052.126
5579.533 6004.912
5580.586 1534.399
5581.639 1318.060
5582.692 1337.784
5583.745 1252.817
5584.798 1189.048
5585.851 1174.767
5586.904 1276.557
5587.957 1317.350
5589.010 1391.023
5590.063 1340.989
5591.116 1103.473
5592.169 1126.724
5593.222 1267.363
5594.275 1153.979
5595.328 1231.231
5596.381 1251.368
5597.434 1302.193
5598.487 1241.832
5599.540 1186.104
5600.593 1239.903
5601.646 1282.086
5602.699 1284.431
5603.752 1322.398
5604.805 1480.546
5605.858 1534.524
5606.911 1328.787
5607.964 1258.432
5609.017 1285.339
5610.070 1213.716
5611.123 1259.437
5612.176 1285.239
5613.229 1205.705
5614.282 1193.750
5615.335 1205.311
5616.388 1288.921
5617.441 1267.529
5618.494 1169.164
5619.547 1257.306
5620.600 1187.247
5621.653 1234.742
5622.706 1373.366
5623.759 1457.311
5624.812 1394.241
5625.865 1274.374
5626.918 1210.274
5627.971 1158.840
5629.024 1175.841
5630.077 1153.276
5631.130 1171.456
5632.183 1250.557
5633.236 1182.462
5634.289 1150.102
5635.342 1130.886
5636.395 1123.405
5637.448 1180.212
5638.501 1325.770
5639.554 1242.166
5640.608 1140.105
5641.661 1173.678
5642.714 1110.565
5643.767 1250.036
5644.820 1298.155
5645.873 1312.354
5646.926 1302.554
5647.979 1170.726
5649.032 1143.070
5650.085 1082.028
5651.138 1134.483
5652.191 1248.647
5653.244 1182.869
5654.297 1135.084
5655.350 1205.016
5656.403 1263.463
5657.456 1266.526
5658.509 1197.806
5659.562 1135.832
5660.615 1166.534
5661.668 1239.692
5662.721 1240.693
5663.774 1267.919
5664.827 1208.052
5665.880 1205.506
5666.933 1216.896
5667.986 1261.704
5669.039 1329.550
5670.092 1310.921
5671.145 1234.528
5672.198 1287.071
5673.251 1176.023
5674.304 1184.341
5675.357 1211.260
5676.410 1201.788
5677.463 1219.388
5678.516 1237.350
5679.569 1290.112
5680.622 1252.904
5681.675 1276.094
5682.728 1248.681
5683.781 1161.456
5684.834 1190.927
5685.887 1217.062
5686.940 1213.739
5687.993 1138.280
5689.046 1197.578
5690.099 1209.731
5691.152 1180.992
5692.205 1297.040
5693.258 1310.716
5694.311 1259.117
5695.364 1315.780
5696.417 1230.337
5697.470 1264.845
5698.523 1240.313
5699.576 1163.752
5700.629 1286.184
5701.682 1169.883
5702.735 1186.933
5703.788 1281.885
5704.841 1320.820
5705.894 1188.436
5706.947 1283.310
5708.000 1279.647
5709.053 1224.146
5710.106 1282.422
5711.159 1245.068
5712.212 1185.498
5713.265 1168.114
5714.318 1125.824
5715.371 1165.164
5716.424 1179.207
5717.477 1263.479
5718.530 1102.112
5719.583 1161.521
5720.636 1236.764
5721.689 1225.253
5722.742 1231.060
5723.796 1219.768
5724.849 1265.630
5725.902 1195.284
5726.955 1253.076
5728.008 1188.234
5729.061 1144.370
5730.114 1229.962
5731.167 1247.094
5732.220 1172.364
5733.273 1100.142
5734.326 1117.542
5735.379 1221.158
5736.432 1200.127
5737.485 1214.347
5738.538 1157.887
5739.591 1147.444
5740.644 1037.725
5741.697 1149.267
5742.750 1134.587
5743.803 1225.014
5744.856 1071.145
5745.909 1238.053
5746.962 1188.778
5748.015 1235.576
5749.068 1144.858
5750.121 1241.024
5751.174 1251.017
5752.227 1152.078
5753.280 1115.807
5754.333 1169.369
5755.386 1244.692
5756.439 1244.155
5757.492 1232.731
5758.545 1158.568
5759.598 1244.110
5760.651 1213.228
5761.704 1165.408
5762.757 1214.055
5763.810 1207.418
5764.863 1129.933
5765.916 1117.446
5766.969 1009.438
5768.022 1181.774
5769.075 1144.121
5770.128 1168.183
5771.181 1131.065
5772.234 1255.724
5773.287 1128.261
5774.340 1197.803
5775.393 1079.384
5776.446 1034.348
5777.499 1067.768
5778.552 1143.648
5779.605 1075.100
5780.658 1060.541
5781.711 1162.623
5782.764 1148.322
5783.817 1103.245
5784.870 1121.953
5785.923 1060.682
5786.976 1092.872
5788.029 1169.304
5789.082 1158.181
5790.135 1055.608
5791.188 1198.620
5792.241 1209.317
5793.294 1120.057
5794.347 994.580
5795.400 1114.039
5796.453 1058.119
5797.506 1189.242
5798.559 1105.774
5799.612 1081.449
5800.665 1163.318
5801.718 1107.457
5802.771 1180.589
5803.824 1204.485
5804.877 1157.237
5805.931 1094.390
5806.984 1123.020
5808.037 1097.942
5809.090 1144.443
5810.143 1079.376
5811.196 1123.470
5812.249 1076.523
5813.302 1155.257
5814.355 1268.668
5815.408 1114.204
5816.461 1087.852
5817.514 1088.629
5818.567 1054.049
5819.620 1176.475
5820.673 1187.464
5821.726 1115.648
5822.779 1089.941
5823.832 1113.831
5824.885 1202.083
5825.938 1123.458
5826.991 1109.208
5828.044 1145.334
5829.097 1154.763
5830.150 1165.484
5831.203 1104.922
5832.256 1156.495
5833.309 1156.415
5834.362 1097.139
5835.415 1186.884
5836.468 1100.918
5837.521 1054.392
5838.574 1124.619
5839.627 1082.795
5840.680 1148.309
5841.733 1190.578
5842.786 1147.355
5843.839 1105.200
5844.892 1092.468
5845.945 1078.065
5846.998 1086.693
5848.051 1142.182
5849.104 1141.056
5850.157 1100.327
5851.210 1100.499
5852.263 947.412
5853.316 1088.604
5854.369 1107.362
5855.422 1135.705
5856.475 1140.902
5857.528 1057.851
5858.581 1087.987
5859.634 1015.698
5860.687 1056.636
5861.740 1162.853
5862.793 1129.425
5863.846 1193.737
5864.899 1447.827
5865.952 1681.544
5867.005 1603.815
5868.058 1617.186
5869.111 1547.832
5870.164 1220.522
5871.217 1213.825
5872.270 1223.162
5873.323 1139.090
5874.376 1210.036
5875.429 1340.163
5876.482 1158.218
5877.535 4263.445
5878.588 11283.480
5879.641 12179.821
5880.694 5011.074
5881.747 1255.511
5882.800 1137.147
5883.853 1135.796
5884.906 1183.928
5885.959 1201.896
5887.012 1492.755
5888.065 2415.487
5889.119 5343.393
5890.172 6719.870
5891.225 4807.564
5892.278 1369.688
5893.331 1291.838
5894.384 2050.777
5895.437 4163.876
5896.490 4354.554
5897.543 2689.871
5898.596 1015.977
5899.649 1070.165
5900.702 1074.829
5901.755 1112.034
5902.808 1141.203
5903.861 1170.033
5904.914 1219.764
5905.967 1200.025
5907.020 1259.046
5908.073 1108.260
5909.126 1103.341
5910.179 1051.901
5911.232 1142.742
5912.285 1120.401
5913.338 1072.603
5914.391 1381.799
5915.444 1808.297
5916.497 1604.098
5917.550 1172.274
5918.603 1103.897
5919.656 1122.986
5920.709 1161.073
5921.762 997.577
5922.815 1159.714
5923.868 1232.159
5924.921 1343.445
5925.974 1268.886
5927.027 1125.653
5928.080 1185.902
5929.133 1076.056
5930.186 1197.476
5931.239 1273.296
5932.292 1707.918
5933.345 1928.657
5934.398 1394.544
5935.451 1066.667
5936.504 1163.545
5937.557 1083.755
5938.610 1086.090
5939.663 1068.500
5940.716 1038.680
5941.769 1043.804
5942.822 1102.330
5943.875 1118.474
5944.928 1223.018
5945.981 1302.097
5947.034 1259.553
5948.087 1074.872
5949.140 1060.289
5950.193 1073.809
5951.246 1086.226
5952.299 1352.574
5953.352 1643.912
5954.405 1566.602
5955.458 1165.101
5956.511 1138.923
5957.564 1060.132
5958.617 1216.973
5959.670 1181.421
5960.723 1182.556
5961.776 1036.786
5962.829 1063.760
5963.882 1061.313
5964.935 1095.288
5965.988 1050.219
5967.041 1062.634
5968.094 1033.596
5969.147 1197.367
5970.200 1230.207
5971.254 1107.642
5972.307 1134.415
5973.360 1047.487
5974.413 988.643
5975.466 1100.763
5976.519 1369.933
5977.572 1428.283
5978.625 1277.966
5979.678 1087.003
5980.731 977.723
5981.784 1062.519
5982.837 1015.903
5983.890 1029.232
5984.943 983.772
5985.996 1016.953
5987.049 1069.274
5988.102 1008.404
5989.155 952.667
5990.208 949.993
5991.261 1024.073
5992.314 1024.895
5993.367 984.681
5994.420 1066.297
5995.473 985.227
5996.526 974.040
5997.579 1100.781
5998.632 1120.313
5999.685 966.194
6000.738 960.493
6001.791 1098.471
6002.844 1131.555
6003.897 1168.221
6004.950 1063.185
6006.003 988.827
6007.056 916.608
6008.109 960.380
6009.162 907.465
6010.215 957.609
6011.268 994.337
6012.321 922.479
6013.374 939.660
6014.427 982.682
6015.480 896.841
6016.533 955.778
6017.586 906.576
6018.639 880.261
6019.692 911.376
6020.745 1081.850
6021.798 937.445
6022.851 905.711
6023.904 863.715
6024.957 890.676
6026.010 931.616
6027.063 982.696
6028.116 993.449
6029.169 1020.299
6030.222 813.667
6031.275 995.934
6032.328 911.028
6033.381 1039.477
6034.434 919.307
6035.487 951.467
6036.540 941.588
6037.593 989.265
6038.646 935.311
6039.699 836.635
6040.752 957.618
6041.805 954.301
6042.858 885.257
6043.911 925.009
6044.964 932.232
6046.017 952.084
6047.070 923.340
6048.123 872.435
6049.176 885.995
6050.229 980.607
6051.282 1004.141
6052.335 917.381
6053.388 815.725
6054.442 895.247
6055.495 897.452
6056.548 902.883
6057.601 936.039
6058.654 871.915
6059.707 848.542
6060.760 859.989
6061.813 930.484
6062.866 892.460
6063.919 841.976
6064.972 898.862
6066.025 977.570
6067.078 983.581
6068.131 935.688
6069.184 907.016
6070.237 877.346
6071.290 902.594
6072.343 794.790
6073.396 903.649
6074.449 926.042
6075.502 862.701
6076.555 897.214
6077.608 774.171
6078.661 790.544
6079.714 894.747
6080.767 819.977
6081.820 880.672
6082.873 830.542
6083.926 777.821
6084.979 833.609
6086.032 874.205
6087.085 826.532
6088.138 854.623
6089.191 893.365
6090.244 810.170
6091.297 751.574
6092.350 849.840
6093.403 876.046
6094.456 791.510
6095.509 843.829
6096.562 865.423
6097.615 877.247
6098.668 833.667
6099.721 830.386
6100.774 883.350
6101.827 852.014
6102.880 853.882
6103.933 794.975
6104.986 914.127
6106.039 859.854
6107.092 850.971
6108.145 837.804
6109.198 740.820
6110.251 824.236
6111.304 815.374
6112.357 820.650
6113.410 862.816
6114.463 820.809
6115.516 770.469
6116.569 728.014
6117.622 785.379
6118.675 821.438
6119.728 905.581
6120.781 828.342
6121.834 802.271
6122.887 780.388
6123.940 845.477
6124.993 915.881
6126.046 866.094
6127.099 793.315
6128.152 798.004
6129.205 766.748
6130.258 810.835
6131.311 734.047
6132.364 749.296
6133.417 780.981
6134.470 808.378
6135.523 897.973
6136.577 872.246
6137.630 882.375
6138.683 923.075
6139.736 937.475
6140.789 832.739
6141.842 832.453
6142.895 893.795
6143.948 1001.463
6145.001 874.428
6146.054 791.743
6147.107 793.042
6148.160 792.600
6149.213 767.196
6150.266 808.029
6151.319 921.308
6152.372 802.823
6153.425 836.172
6154.478 821.803
6155.531 1114.761
6156.584 1509.659
6157.637 1630.067
6158.690 1415.805
6159.743 1100.244
6160.796 833.847
6161.849 742.700
6162.902 790.272
6163.955 822.761
6165.008 719.957
6166.061 783.431
6167.114 748.841
6168.167 764.311
6169.220 953.077
6170.273 1108.673
6171.326 1070.588
6172.379 1001.577
6173.432 748.333
6174.485 832.058
6175.538 892.001
6176.591 887.393
6177.644 856.719
6178.697 787.830
6179.750 771.872
6180.803 777.774
6181.856 863.298
6182.909 843.280
6183.962 820.756
6185.015 789.651
6186.068 840.625
6187.121 802.261
6188.174 768.768
6189.227 844.789
6190.280 815.824
6191.333 830.677
6192.386 865.956
6193.439 890.453
6194.492 793.447
6195.545 789.993
6196.598 767.799
6197.651 732.243
6198.704 793.226
6199.757 853.610
6200.810 775.006
6201.863 967.335
6202.916 1083.982
6203.969 994.364
6205.022 791.913
6206.075 731.246
6207.128 760.113
6208.181 777.634
6209.234 756.995
6210.287 751.922
6211.340 765.146
6212.393 851.082
6213.446 842.992
6214.499 811.372
6215.552 819.707
6216.605 759.867
6217.658 795.421
6218.711 842.774
6219.765 832.511
6220.818 1021.779
6221.871 1108.202
6222.924 991.319
6223.977 861.136
6225.030 787.096
6226.083 785.286
6227.136 748.157
6228.189 734.543
6229.242 833.879
6230.295 810.655
6231.348 688.412
6232.401 779.307
6233.454 1061.201
6234.507 1455.361
6235.560 1804.276
6236.613 1696.230
6237.666 1286.246
6238.719 935.290
6239.772 950.065
6240.825 992.445
6241.878 1029.205
6242.931 1063.052
6243.984 1004.378
6245.037 926.750
6246.090 779.255
6247.143 813.132
6248.196 832.265
6249.249 757.290
6250.302 705.261
6251.355 743.075
6252.408 740.609
6253.461 878.099
6254.514 729.629
6255.567 813.423
6256.620 1231.471
6257.673 1937.233
6258.726 1794.676
6259.779 1207.957
6260.832 848.149
6261.885 908.916
6262.938 803.606
6263.991 958.092
6265.044 1232.098
6266.097 1099.502
6267.150 897.416
6268.203 952.572
6269.256 911.162
6270.309 848.191
6271.362 803.594
6272.415 804.530
6273.468 842.640
6274.521 832.391
6275.574 872.087
6276.627 821.931
6277.680 790.447
6278.733 815.074
6279.786 786.602
6280.839 754.785
6281.892 744.923
6282.945 824.857
6283.998 782.266
6285.051 804.279
6286.104 1105.733
6287.157 1703.775
6288.210 1615.355
6289.263 1107.286
6290.316 813.128
6291.369 753.419
6292.422 782.975
6293.475 845.269
6294.528 724.701
6295.581 759.959
6296.634 1028.167
6297.687 1944.418
6298.740 10646.513
6299.793 46825.916
6300.846 52004.762
6301.899 24163.424
6302.953 2430.785
6304.006 1301.080
6305.059 1496.899
6306.112 1656.449
6307.165 1984.743
6308.218 1559.121
6309.271 856.546
6310.324 773.787
6311.377 763.443
6312.430 817.136
6313.483 860.415
6314.536 1441.419
6315.589 2016.818
6316.642 1820.662
6317.695 928.306
6318.748 768.296
6319.801 883.023
6320.854 1129.984
6321.907 1184.743
6322.960 877.894
6324.013 775.066
6325.066 787.927
6326.119 780.996
6327.172 712.185
6328.225 936.758
6329.278 1450.393
6330.331 1612.870
6331.384 1152.491
6332.437 774.851
6333.490 687.731
6334.543 726.771
6335.596 735.239
6336.649 691.095
6337.702 760.673
6338.755 751.444
6339.808 754.606
6340.861 784.905
6341.914 735.514
6342.967 782.601
6344.020 773.618
6345.073 719.164
6346.126 686.062
6347.179 765.621
6348.232 928.747
6349.285 983.334
6350.338 860.232
6351.391 746.314
6352.444 778.046
6353.497 745.497
6354.550 809.441
6355.603 1151.525
6356.656 1370.178
6357.709 1075.533
6358.762 737.215
6359.815 824.573
6360.868 655.320
6361.921 2955.059
6362.974 11740.956
6364.027 18260.270
6365.080 11773.537
6366.133 1489.777
6367.186 1035.016
6368.239 855.772
6369.292 843.216
6370.345 690.361
6371.398 722.989
6372.451 729.591
6373.504 733.885
6374.557 758.363
6375.610 743.642
6376.663 737.614
6377.716 717.271
6378.769 806.589
6379.822 819.505
6380.875 741.390
6381.928 778.742
6382.981 712.042
6384.034 667.691
6385.088 867.009
6386.141 963.985
6387.194 984.348
6388.247 821.986
6389.300 762.244
6390.353 706.820
6391.406 727.427
6392.459 627.583
6393.512 710.018
6394.565 700.323
6395.618 672.259
6396.671 741.861
6397.724 703.722
6398.777 735.247
6399.830 645.182
6400.883 663.005
6401.936 710.724
6402.989 745.121
6404.042 685.969
6405.095 713.086
6406.148 702.749
6407.201 712.188
6408.254 643.660
6409.307 640.024
6410.360 663.844
6411.413 681.515
6412.466 740.315
6413.519 775.501
6414.572 767.778
6415.625 663.821
6416.678 642.194
6417.731 683.767
6418.784 690.648
6419.837 748.348
6420.890 791.893
6421.943 697.736
6422.996 628.672
6424.049 702.447
6425.102 646.710
6426.155 598.648
6427.208 692.280
6428.261 632.911
6429.314 587.407
6430.367 695.907
6431.420 718.716
6432.473 638.257
6433.526 687.709
6434.579 742.770
6435.632 707.560
6436.685 716.760
6437.738 666.546
6438.791 630.883
6439.844 713.863
6440.897 648.749
6441.950 687.035
6443.003 678.148
6444.056 615.595
6445.109 641.934
6446.162 699.025
6447.215 726.230
6448.268 718.897
6449.321 688.765
6450.374 669.764
6451.427 737.331
6452.480 780.088
6453.533 787.740
6454.586 831.016
6455.639 884.096
6456.692 816.010
6457.745 729.395
6458.798 764.291
6459.851 668.258
6460.904 655.629
6461.957 677.114
6463.010 903.642
6464.063 1003.721
6465.116 1138.956
6466.169 1179.498
6467.222 1003.890
6468.276 786.620
6469.329 899.334
6470.382 1143.577
6471.435 1206.495
6472.488 954.127
6473.541 655.386
6474.594 637.311
6475.647 630.422
6476.700 720.641
6477.753 826.079
6478.806 769.708
6479.859 690.206
6480.912 623.366
6481.965 689.835
6483.018 697.490
6484.071 640.243
6485.124 656.505
6486.177 620.614
6487.230 682.314
6488.283 650.702
6489.336 603.572
6490.389 660.042
6491.442 700.321
6492.495 680.964
6493.548 633.376
6494.601 650.414
6495.654 652.282
6496.707 790.105
6497.760 1396.854
6498.813 1750.006
6499.866 1564.122
6500.919 817.327
6501.972 673.993
6503.025 714.001
6504.078 946.081
6505.131 1046.883
6506.184 935.402
6507.237 673.401
6508.290 670.044
6509.343 636.028
6510.396 660.588
6511.449 638.877
6512.502 637.473
6513.555 729.482
6514.608 818.208
6515.661 723.927
6516.714 631.439
6517.767 681.986
6518.820 705.421
6519.873 682.246
6520.926 734.849
6521.979 854.253
6523.032 883.934
6524.085 818.834
6525.138 786.726
6526.191 762.072
6527.244 751.209
6528.297 653.008
6529.350 641.713
6530.403 641.745
6531.456 886.531
6532.509 1540.068
6533.562 1562.147
6534.615 1084.369
6535.668 703.769
6536.721 660.970
6537.774 673.783
6538.827 776.637
6539.880 713.965
6540.933 738.967
6541.986 766.756
6543.039 958.748
6544.092 1108.624
6545.145 934.232
6546.198 697.666
6547.251 686.890
6548.304 752.286
6549.357 679.632
6550.411 930.297
6551.464 1281.722
6552.517 1864.426
6553.570 2026.424
6554.623 1545.487
6555.676 921.207
6556.729 758.845
6557.782 737.043
6558.835 777.885
6559.888 736.104
6560.941 824.695
6561.994 800.622
6563.047 2335.253
6564.100 2226.628
6565.153 75134.181
6566.206 203117.951
6567.259 184795.697
6568.312 67477.412
6569.365 -1151.914
6570.418 2153.236
6571.471 628.495
6572.524 857.348
6573.577 691.139
6574.630 784.181
6575.683 839.655
6576.736 1413.802
6577.789 1540.330
6578.842 1098.937
6579.895 774.601
6580.948 691.155
6582.001 736.048
6583.054 819.615
6584.107 784.971
6585.160 764.095
6586.213 1768.418
6587.266 2513.018
6588.319 2034.481
6589.372 976.481
6590.425 684.786
6591.478 707.831
6592.531 673.512
6593.584 716.448
6594.637 708.056
6595.690 810.494
6596.743 858.188
6597.796 753.682
6598.849 704.761
6599.902 681.610
6600.955 664.674
6602.008 704.474
6603.061 848.562
6604.114 1045.921
6605.167 941.001
6606.220 707.401
6607.273 610.243
6608.326 645.821
6609.379 598.351
6610.432 654.314
6611.485 651.464
6612.538 692.141
6613.591 593.444
6614.644 671.052
6615.697 625.061
6616.750 631.635
6617.803 602.196
6618.856 566.333
6619.909 622.848
6620.962 636.769
6622.015 607.988
6623.068 597.849
6624.121 617.165
6625.174 610.554
6626.227 656.190
6627.280 693.840
6628.333 740.965
6629.386 651.386
6630.439 589.524
6631.492 645.876
6632.545 678.090
6633.599 750.879
6634.652 749.237
6635.705 661.581
6636.758 602.412
6637.811 575.614
6638.864 634.537
6639.917 706.179
6640.970 654.935
6642.023 642.618
6643.076 637.027
6644.129 634.462
6645.182 587.504
6646.235 600.908
6647.288 579.781
6648.341 636.016
6649.394 566.932
6650.447 659.004
6651.500 663.244
6652.553 636.326
6653.606 587.320
6654.659 579.277
6655.712 584.114
6656.765 614.896
6657.818 592.680
6658.871 591.876
6659.924 582.043
6660.977 566.268
6662.030 660.724
6663.083 653.217
6664.136 535.348
6665.189 542.697
6666.242 597.238
6667.295 632.189
6668.348 629.166
6669.401 601.258
6670.454 617.804
6671.507 611.459
6672.560 518.992
6673.613 582.289
6674.666 584.917
6675.719 546.934
6676.772 527.533
6677.825 539.082
6678.878 574.884
6679.931 641.884
6680.984 2055.870
6682.037 2846.015
6683.090 2074.329
6684.143 801.562
6685.196 568.134
6686.249 542.749
6687.302 567.661
6688.355 587.831
6689.408 577.345
6690.461 603.579
6691.514 559.859
6692.567 563.542
6693.620 584.347
6694.673 553.842
6695.726 573.708
6696.779 585.819
6697.832 606.244
6698.885 660.767
6699.938 629.128
6700.991 587.990
6702.044 614.716
6703.097 644.460
6704.150 653.098
6705.203 617.599
6706.256 590.720
6707.309 579.211
6708.362 572.197
6709.415 622.397
6710.468 590.548
6711.521 521.642
6712.574 556.035
6713.627 590.514
6714.680 590.665
6715.734 593.987
6716.787 634.679
6717.840 518.894
6718.893 1838.389
6719.946 3768.702
6720.999 3880.091
6722.052 1773.105
6723.105 396.843
6724.158 607.994
6725.211 535.970
6726.264 503.146
6727.317 580.179
6728.370 569.668
6729.423 571.631
6730.476 561.470
6731.529 586.604
6732.582 637.422
6733.635 1808.503
6734.688 3068.396
6735.741 2675.592
6736.794 873.516
6737.847 561.391
6738.900 588.379
6739.953 555.432
6741.006 631.894
6742.059 563.115
6743.112 526.240
6744.165 594.524
6745.218 579.813
6746.271 580.388
6747.324 566.131
6748.377 569.979
6749.430 520.140
6750.483 537.235
6751.536 578.098
6752.589 524.497
6753.642 541.296
6754.695 521.905
6755.748 504.730
6756.801 508.737
6757.854 528.010
6758.907 520.206
6759.960 566.216
6761.013 491.121
6762.066 561.056
6763.119 531.759
6764.172 511.106
6765.225 483.245
6766.278 543.767
6767.331 502.378
6768.384 552.713
6769.437 544.361
6770.490 528.013
6771.543 561.940
6772.596 546.006
6773.649 533.906
6774.702 557.309
6775.755 580.047
6776.808 577.650
6777.861 584.975
6778.914 578.820
6779.967 518.990
6781.020 519.218
6782.073 559.351
6783.126 572.208
6784.179 577.328
6785.232 543.257
6786.285 540.304
6787.338 579.275
6788.391 542.263
6789.444 564.432
6790.497 524.947
6791.550 505.613
6792.603 529.346
6793.656 545.789
6794.709 512.501
6795.762 517.261
6796.815 543.204
6797.868 536.112
6798.922 559.686
6799.975 558.808
6801.028 525.373
6802.081 513.362
6803.134 522.302
6804.187 508.583
6805.240 513.717
6806.293 520.380
6807.346 530.167
6808.399 519.638
6809.452 541.862
6810.505 550.087
6811.558 553.753
6812.611 545.532
6813.664 548.706
6814.717 547.846
6815.770 565.481
6816.823 536.316
6817.876 494.682
6818.929 518.964
6819.982 525.397
6821.035 512.283
6822.088 529.182
6823.141 525.891
6824.194 511.209
6825.247 541.128
6826.300 734.852
6827.353 1134.126
6828.406 1659.973
6829.459 1911.479
6830.512 1457.435
6831.565 871.593
6832.618 892.410
6833.671 1720.020
6834.724 1857.921
6835.777 1274.851
6836.830 595.474
6837.883 559.770
6838.936 560.761
6839.989 641.775
6841.042 811.831
6842.095 861.002
6843.148 710.432
6844.201 545.677
6845.254 490.748
6846.307 527.600
6847.360 499.245
6848.413 525.823
6849.466 531.959
6850.519 564.620
6851.572 584.492
6852.625 521.696
6853.678 534.041
6854.731 533.205
6855.784 553.462
6856.837 544.987
6857.890 562.645
6858.943 460.758
6859.996 493.848
6861.049 604.117
6862.102 857.214
6863.155 2597.193
6864.208 3158.912
6865.261 2056.746
6866.314 681.402
6867.367 400.291
6868.420 377.143
6869.473 357.136
6870.526 550.141
6871.579 625.380
6872.632 429.990
6873.685 339.106
6874.738 402.326
6875.791 384.861
6876.844 387.835
6877.897 417.301
6878.950 428.570
6880.003 613.119
6881.056 787.310
6882.110 734.552
6883.163 492.349
6884.216 494.110
6885.269 446.218
6886.322 455.309
6887.375 453.813
6888.428 842.315
6889.481 959.322
6890.534 762.393
6891.587 532.739
6892.640 470.911
6893.693 469.345
6894.746 555.489
6895.799 533.229
6896.852 389.785
6897.905 388.901
6898.958 515.763
6900.011 761.677
6901.064 874.191
6902.117 751.733
6903.170 419.820
6904.223 422.900
6905.276 430.566
6906.329 481.625
6907.382 542.718
6908.435 449.760
6909.488 449.140
6910.541 493.807
6911.594 985.458
6912.647 1273.648
6913.700 1050.805
6914.753 625.926
6915.806 477.204
6916.859 507.987
6917.912 491.944
6918.965 468.815
6920.018 472.431
6921.071 588.561
6922.124 1135.955
6923.177 1893.122
6924.230 1603.569
6925.283 706.402
6926.336 493.748
6927.389 483.673
6928.442 502.624
6929.495 433.449
6930.548 479.684
6931.601 499.627
6932.654 462.878
6933.707 451.400
6934.760 444.124
6935.813 506.594
6936.866 507.329
6937.919 675.948
6938.972 987.922
6940.025 1113.584
6941.078 848.047
6942.131 520.363
6943.184 482.392
6944.237 443.391
6945.290 481.689
6946.343 456.371
6947.396 760.110
6948.449 1933.455
6949.502 2110.431
6950.555 1324.130
6951.608 621.555
6952.661 581.547
6953.714 566.420
6954.767 525.946
6955.820 517.370
6956.873 532.400
6957.926 541.390
6958.979 480.832
6960.032 503.548
6961.085 522.392
6962.138 501.670
6963.191 538.521
6964.245 513.662
6965.298 558.153
6966.351 558.578
6967.404 512.950
6968.457 567.412
6969.510 841.146
6970.563 916.367
6971.616 695.801
6972.669 505.954
6973.722 526.690
6974.775 508.445
6975.828 489.532
6976.881 753.388
6977.934 1305.842
6978.987 1474.977
6980.040 896.376
6981.093 518.865
6982.146 572.040
6983.199 545.722
6984.252 576.596
6985.305 538.117
6986.358 501.721
6987.411 529.015
6988.464 482.026
6989.517 499.010
6990.570 536.729
6991.623 518.218
6992.676 464.446
6993.729 503.996
6994.782 522.714
6995.835 541.521
6996.888 532.659
6997.941 454.316
6998.994 462.119
7000.047 495.358
7001.100 651.072
7002.153 842.059
7003.206 862.577
7004.259 760.878
7005.312 528.848
7006.365 469.050
7007.418 454.093
7008.471 521.713
7009.524 550.526
7010.577 842.238
7011.630 927.420
7012.683 765.292
7013.736 539.476
7014.789 449.988
7015.842 466.782
7016.895 493.004
7017.948 509.404
7019.001 469.517
7020.054 453.341
7021.107 456.482
7022.160 483.199
7023.213 520.298
7024.266 448.903
7025.319 432.855
7026.372 489.192
7027.425 446.558
7028.478 427.403
7029.531 488.031
7030.584 467.104
7031.637 445.864
7032.690 441.173
7033.743 482.577
7034.796 516.360
7035.849 461.045
7036.902 454.879
7037.955 467.355
7039.008 466.329
7040.061 521.200
7041.114 608.015
7042.167 596.400
7043.220 524.470
7044.273 498.572
7045.326 514.793
7046.379 588.214
7047.433 756.468
7048.486 763.576
7049.539 678.170
7050.592 595.307
7051.645 552.494
7052.698 568.986
7053.751 564.585
7054.804 501.290
7055.857 493.259
7056.910 502.791
7057.963 467.016
7059.016 461.385
7060.069 505.426
7061.122 516.815
7062.175 550.390
7063.228 554.864
7064.281 492.100
7065.334 545.591
7066.387 608.342
7067.440 725.451
7068.493 1529.673
7069.546 1976.061
7070.599 1352.452
7071.652 603.436
7072.705 502.479
7073.758 535.762
7074.811 557.702
7075.864 539.200
7076.917 505.327
7077.970 564.471
7079.023 565.690
7080.076 481.138
7081.129 503.634
7082.182 575.034
7083.235 574.075
7084.288 518.646
7085.341 521.149
7086.394 506.173
7087.447 519.856
7088.500 601.941
7089.553 594.836
7090.606 523.683
7091.659 530.445
7092.712 457.930
7093.765 449.762
7094.818 469.126
7095.871 473.865
7096.924 464.414
7097.977 511.567
7099.030 500.578
7100.083 431.300
7101.136 513.618
7102.189 523.551
7103.242 437.736
7104.295 461.604
7105.348 459.881
7106.401 469.279
7107.454 440.428
7108.507 495.953
7109.560 486.192
7110.613 502.484
7111.666 508.721
7112.719 437.491
7113.772 437.524
7114.825 466.475
7115.878 433.750
7116.931 450.092
7117.984 477.785
7119.037 440.310
7120.090 456.191
7121.143 433.637
7122.196 455.405
7123.249 494.362
7124.302 506.728
7125.355 546.534
7126.408 586.077
7127.461 530.565
7128.514 501.447
7129.568 538.479
7130.621 474.934
7131.674 482.547
7132.727 521.593
7133.780 524.618
7134.833 481.023
7135.886 462.043
7136.939 401.750
7137.992 1211.672
7139.045 4007.010
7140.098 5404.465
7141.151 3602.493
7142.204 938.446
7143.257 576.601
7144.310 624.730
7145.363 586.568
7146.416 608.428
7147.469 573.509
7148.522 533.533
7149.575 512.276
7150.628 485.858
7151.681 468.972
7152.734 456.771
7153.787 462.269
7154.840 492.981
7155.893 506.519
7156.946 485.067
7157.999 518.271
7159.052 556.575
7160.105 538.741
7161.158 512.483
7162.211 522.121
7163.264 564.272
7164.317 517.515
7165.370 487.873
7166.423 475.938
7167.476 489.579
7168.529 481.644
7169.582 476.696
7170.635 496.501
7171.688 479.634
7172.741 452.811
7173.794 433.069
7174.847 495.843
7175.900 514.463
7176.953 496.035
7178.006 499.980
7179.059 519.517
7180.112 470.780
7181.165 509.132
7182.218 490.925
7183.271 468.372
7184.324 470.298
7185.377 453.630
7186.430 427.796
7187.483 400.203
7188.536 401.025
7189.589 415.439
7190.642 442.301
7191.695 444.616
7192.748 393.249
7193.801 416.790
7194.854 412.062
7195.907 429.957
7196.960 426.838
7198.013 442.477
7199.066 449.376
7200.119 472.899
7201.172 427.299
7202.225 384.822
7203.278 424.682
7204.331 441.092
7205.384 402.886
7206.437 375.574
7207.490 414.265
7208.543 475.979
7209.596 464.307
7210.649 485.305
7211.702 454.100
7212.756 415.035
7213.809 417.700
7214.862 448.280
7215.915 412.175
7216.968 461.921
7218.021 444.446
7219.074 432.820
7220.127 461.113
7221.180 502.716
7222.233 510.439
7223.286 453.945
7224.339 440.034
7225.392 494.069
7226.445 507.014
7227.498 432.282
7228.551 471.166
7229.604 520.884
7230.657 473.440
7231.710 463.060
7232.763 442.507
7233.816 518.853
7234.869 497.811
7235.922 436.218
7236.975 621.314
7238.028 1261.338
7239.081 2249.105
7240.134 2979.301
7241.187 2688.241
7242.240 1647.726
7243.293 1420.657
7244.346 2465.350
7245.399 3059.365
7246.452 2212.528
7247.505 1016.549
7248.558 642.407
7249.611 522.338
7250.664 514.676
7251.717 647.738
7252.770 976.507
7253.823 1062.953
7254.876 850.723
7255.929 696.439
7256.982 588.366
7258.035 503.558
7259.088 510.380
7260.141 516.503
7261.194 483.719
7262.247 432.404
7263.300 527.895
7264.353 467.037
7265.406 445.580
7266.459 524.693
7267.512 575.019
7268.565 545.637
7269.618 549.104
7270.671 525.486
7271.724 472.756
7272.777 473.223
7273.830 653.205
7274.883 2071.710
7275.936 4410.263
7276.989 4505.553
7278.042 2439.533
7279.095 820.464
7280.148 507.987
7281.201 561.778
7282.254 625.708
7283.307 1283.342
7284.360 2175.458
7285.413 2137.160
7286.466 1305.338
7287.519 651.496
7288.572 454.350
7289.625 482.960
7290.678 518.539
7291.731 499.240
7292.784 510.841
7293.837 553.158
7294.891 739.298
7295.944 883.107
7296.997 836.370
7298.050 550.930
7299.103 420.483
7300.156 463.238
7301.209 457.380
7302.262 751.988
7303.315 1282.871
7304.368 1351.918
7305.421 921.490
7306.474 589.352
7307.527 514.421
7308.580 449.952
7309.633 477.224
7310.686 570.008
7311.739 534.071
7312.792 460.499
7313.845 502.045
7314.898 1740.751
7315.951 3331.436
7317.004 3505.922
7318.057 1877.385
7319.110 629.050
7320.163 471.758
7321.216 432.535
7322.269 542.446
7323.322 810.233
7324.375 900.828
7325.428 733.748
7326.481 556.140
7327.534 815.996
7328.587 1500.660
7329.640 1834.324
7330.693 1230.522
7331.746 696.874
7332.799 636.548
7333.852 803.303
7334.905 874.042
7335.958 689.631
7337.011 495.370
7338.064 404.302
7339.117 1289.971
7340.170 3399.680
7341.223 4202.261
7342.276 2902.998
7343.329 1126.907
7344.382 542.245
7345.435 446.816
7346.488 522.073
7347.541 475.729
7348.594 478.707
7349.647 494.311
7350.700 461.230
7351.753 511.560
7352.806 539.188
7353.859 486.592
7354.912 444.903
7355.965 426.462
7357.018 761.493
7358.071 1443.741
7359.124 1530.940
7360.177 1075.883
7361.230 642.344
7362.283 482.538
7363.336 467.686
7364.389 433.525
7365.442 485.718
7366.495 464.888
7367.548 979.688
7368.601 2335.903
7369.654 3183.047
7370.707 2352.835
7371.760 954.301
7372.813 603.503
7373.866 487.159
7374.919 505.481
7375.972 476.773
7377.025 440.402
7378.079 467.189
7379.132 511.035
7380.185 462.902
7381.238 450.359
7382.291 449.001
7383.344 406.209
7384.397 407.676
7385.450 410.554
7386.503 432.823
7387.556 479.259
7388.609 439.749
7389.662 493.577
7390.715 766.626
7391.768 1066.600
7392.821 1204.450
7393.874 858.926
7394.927 519.196
7395.980 393.075
7397.033 421.449
7398.086 455.912
7399.139 445.542
7400.192 893.421
7401.245 1727.231
7402.298 1980.642
7403.351 1484.726
7404.404 689.792
7405.457 473.739
7406.510 437.184
7407.563 461.930
7408.616 433.425
7409.669 371.964
7410.722 421.860
7411.775 489.788
7412.828 466.095
7413.881 439.129
7414.934 419.789
7415.987 411.212
7417.040 463.421
7418.093 466.139
7419.146 458.235
7420.199 421.745
7421.252 433.465
7422.305 419.342
7423.358 472.566
7424.411 424.547
7425.464 385.382
7426.517 397.500
7427.570 428.130
7428.623 636.397
7429.676 835.036
7430.729 776.193
7431.782 589.605
7432.835 434.384
7433.888 423.377
7434.941 404.799
7435.994 426.895
7437.047 750.768
7438.100 1157.847
7439.153 1158.687
7440.206 871.023
7441.259 539.539
7442.312 437.668
7443.365 427.055
7444.418 395.547
7445.471 400.472
7446.524 395.613
7447.577 392.082
7448.630 398.556
7449.683 397.494
7450.736 411.007
7451.789 442.182
7452.842 436.240
7453.895 385.709
7454.948 380.003
7456.001 407.521
7457.054 420.502
7458.107 440.701
7459.160 430.894
7460.214 457.826
7461.267 464.327
7462.320 506.347
7463.373 568.019
7464.426 518.502
7465.479 578.493
7466.532 734.873
7467.585 710.816
7468.638 575.654
7469.691 546.925
7470.744 605.008
7471.797 808.741
7472.850 935.407
7473.903 1091.166
7474.956 1012.931
7476.009 745.023
7477.062 489.714
7478.115 526.156
7479.168 687.687
7480.221 687.663
7481.274 687.642
7482.327 687.622
7483.380 687.600
7484.433 687.577
7485.486 687.556
