5329.969 1591.208
5331.022 1651.287
5332.075 1166.202
5333.128 951.889
5334.181 1033.710
5335.234 989.386
5336.287 914.319
5337.340 1000.133
5338.393 1060.724
5339.446 950.724
5340.499 977.372
5341.552 903.125
5342.605 963.069
5343.658 959.395
5344.711 1011.069
5345.764 1013.524
5346.817 984.003
5347.870 870.155
5348.923 837.223
5349.976 966.703
5351.029 1045.901
5352.082 1000.641
5353.135 1000.206
5354.188 1012.903
5355.241 1035.028
5356.294 907.203
5357.347 977.759
5358.400 876.873
5359.453 1028.761
5360.506 978.033
5361.559 942.000
5362.612 1033.289
5363.665 888.667
5364.718 944.605
5365.771 985.458
5366.824 1013.016
5367.877 975.945
5368.930 1059.547
5369.983 943.583
5371.036 1109.907
5372.089 950.780
5373.142 872.299
5374.195 867.037
5375.248 987.565
5376.301 915.458
5377.354 905.485
5378.407 855.859
5379.460 1034.092
5380.513 843.200
5381.566 869.382
5382.619 912.656
5383.672 998.858
5384.725 815.925
5385.778 859.645
5386.831 945.762
5387.884 998.773
5388.937 822.825
5389.990 957.702
5391.043 978.688
5392.097 912.906
5393.150 1009.392
5394.203 890.664
5395.256 928.463
5396.309 1061.767
5397.362 919.256
5398.415 831.863
5399.468 871.031
5400.521 868.892
5401.574 954.830
5402.627 1015.007
5403.680 816.447
5404.733 915.617
5405.786 819.440
5406.839 890.881
5407.892 901.758
5408.945 881.706
5409.998 795.269
5411.051 877.081
5412.104 893.714
5413.157 931.534
5414.210 887.067
5415.263 845.701
5416.316 907.450
5417.369 892.818
5418.422 930.261
5419.475 868.236
5420.528 847.567
5421.581 942.414
5422.634 843.887
5423.687 817.698
5424.740 817.411
5425.793 901.994
5426.846 889.310
5427.899 890.516
5428.952 855.040
5430.005 732.545
5431.058 855.505
5432.111 927.520
5433.164 807.887
5434.217 878.930
5435.270 857.251
5436.323 1003.210
5437.376 1128.893
5438.429 795.295
5439.482 924.262
5440.535 818.495
5441.588 934.685
5442.641 938.447
5443.694 808.827
5444.747 797.905
5445.800 725.534
5446.853 854.321
5447.906 957.488
5448.959 830.643
5450.012 893.628
5451.065 925.304
5452.118 897.708
5453.171 973.253
5454.224 929.082
5455.277 868.238
5456.330 842.142
5457.383 981.522
5458.436 880.821
5459.489 964.974
5460.542 911.031
5461.595 989.332
5462.648 772.067
5463.701 911.126
5464.754 851.645
5465.807 893.831
5466.860 959.593
5467.913 922.558
5468.966 815.475
5470.019 829.487
5471.072 846.816
5472.125 850.363
5473.178 839.965
5474.231 900.882
5475.285 979.941
5476.338 772.673
5477.391 937.615
5478.444 907.645
5479.497 928.350
5480.550 856.295
5481.603 859.009
5482.656 843.390
5483.709 809.756
5484.762 843.994
5485.815 882.610
5486.868 914.270
5487.921 864.000
5488.974 806.008
5490.027 802.033
5491.080 943.696
5492.133 889.843
5493.186 836.181
5494.239 729.566
5495.292 865.799
5496.345 903.803
5497.398 826.913
5498.451 870.754
5499.504 881.702
5500.557 778.429
5501.610 897.916
5502.663 936.203
5503.716 853.881
5504.769 846.078
5505.822 813.499
5506.875 815.212
5507.928 951.720
5508.981 933.752
5510.034 871.201
5511.087 884.210
5512.140 896.281
5513.193 893.689
5514.246 792.079
5515.299 858.557
5516.352 882.861
5517.405 884.935
5518.458 927.324
5519.511 912.409
5520.564 1129.493
5521.617 1165.808
5522.670 902.235
5523.723 803.643
5524.776 853.788
5525.829 785.950
5526.882 890.445
5527.935 776.493
5528.988 847.935
5530.041 770.390
5531.094 948.258
5532.147 779.582
5533.200 837.823
5534.253 854.243
5535.306 765.801
5536.359 794.375
5537.412 780.138
5538.465 922.958
5539.518 831.444
5540.571 920.747
5541.624 1219.636
5542.677 1076.469
5543.730 993.699
5544.783 1076.589
5545.836 1007.552
5546.889 790.757
5547.942 782.305
5548.995 969.592
5550.048 933.242
5551.101 847.446
5552.154 777.869
5553.207 874.857
5554.260 841.877
5555.313 784.555
5556.366 855.046
5557.419 878.863
5558.473 807.988
5559.526 751.793
5560.579 792.853
5561.632 836.559
5562.685 919.375
5563.738 1119.358
5564.791 1044.591
5565.844 834.083
5566.897 824.634
5567.950 773.194
5569.003 821.988
5570.056 904.964
5571.109 853.931
5572.162 821.058
5573.215 743.495
5574.268 1296.126
5575.321 2231.337
5576.374 26559.900
5577.427 49943.730
5578.480 39292.037
5579.533 4765.848
5580.586 1213.613
5581.639 907.523
5582.692 823.415
5583.745 858.163
5584.798 827.908
5585.851 813.078
5586.904 865.616
5587.957 1043.135
5589.010 1042.899
5590.063 1002.883
5591.116 796.454
5592.169 785.528
5593.222 950.761
5594.275 778.598
5595.328 865.265
5596.381 878.178
5597.434 888.932
5598.487 983.491
5599.540 772.577
5600.593 754.314
5601.646 922.344
5602.699 858.161
5603.752 837.763
5604.805 1002.132
5605.858 1169.322
5606.911 887.707
5607.964 730.194
5609.017 838.246
5610.070 771.677
5611.123 808.781
5612.176 748.506
5613.229 800.515
5614.282 809.991
5615.335 767.856
5616.388 846.348
5617.441 855.892
5618.494 846.948
5619.547 797.471
5620.600 810.759
5621.653 784.991
5622.706 933.025
5623.759 998.729
5624.812 930.370
5625.865 873.725
5626.918 852.054
5627.971 800.980
5629.024 846.401
5630.077 734.734
5631.130 795.268
5632.183 877.474
5633.236 852.401
5634.289 844.161
5635.342 800.058
5636.395 735.195
5637.448 721.611
5638.501 821.923
5639.554 876.726
5640.608 899.758
5641.661 826.423
5642.714 783.885
5643.767 696.336
5644.820 942.619
5645.873 946.376
5646.926 892.420
5647.979 742.560
5649.032 885.270
5650.085 695.302
5651.138 839.960
5652.191 750.044
5653.244 791.053
5654.297 708.604
5655.350 833.640
5656.403 857.122
5657.456 811.085
5658.509 798.742
5659.562 739.560
5660.615 717.780
5661.668 842.814
5662.721 816.202
5663.774 806.531
5664.827 829.529
5665.880 800.184
5666.933 783.307
5667.986 752.523
5669.039 818.254
5670.092 925.214
5671.145 788.018
5672.198 834.610
5673.251 735.379
5674.304 792.165
5675.357 800.008
5676.410 809.191
5677.463 745.307
5678.516 825.245
5679.569 910.120
5680.622 859.711
5681.675 809.990
5682.728 702.002
5683.781 749.089
5684.834 872.820
5685.887 943.950
5686.940 900.643
5687.993 874.908
5689.046 820.433
5690.099 909.963
5691.152 843.217
5692.205 853.051
5693.258 804.813
5694.311 831.069
5695.364 825.555
5696.417 879.714
5697.470 851.710
5698.523 819.357
5699.576 748.976
5700.629 849.495
5701.682 835.629
5702.735 648.694
5703.788 918.176
5704.841 843.012
5705.894 708.149
5706.947 871.161
5708.000 770.778
5709.053 879.872
5710.106 780.571
5711.159 836.690
5712.212 802.032
5713.265 848.014
5714.318 727.820
5715.371 757.746
5716.424 771.853
5717.477 771.624
5718.530 786.390
5719.583 730.425
5720.636 776.938
5721.689 828.536
5722.742 822.403
5723.796 754.918
5724.849 888.113
5725.902 903.835
5726.955 795.554
5728.008 789.785
5729.061 880.789
5730.114 877.189
5731.167 804.716
5732.220 842.059
5733.273 807.825
5734.326 792.715
5735.379 770.907
5736.432 842.051
5737.485 806.758
5738.538 864.406
5739.591 818.173
5740.644 780.325
5741.697 741.086
5742.750 697.951
5743.803 754.424
5744.856 839.630
5745.909 810.168
5746.962 763.772
5748.015 765.483
5749.068 770.974
5750.121 843.227
5751.174 719.497
5752.227 790.353
5753.280 716.172
5754.333 693.180
5755.386 793.379
5756.439 723.212
5757.492 722.577
5758.545 817.589
5759.598 865.671
5760.651 751.206
5761.704 809.228
5762.757 762.706
5763.810 812.493
5764.863 803.385
5765.916 743.308
5766.969 766.959
5768.022 745.229
5769.075 749.794
5770.128 841.433
5771.181 711.817
5772.234 774.964
5773.287 818.418
5774.340 692.124
5775.393 694.892
5776.446 763.902
5777.499 762.130
5778.552 770.738
5779.605 819.626
5780.658 649.413
5781.711 657.142
5782.764 741.583
5783.817 762.235
5784.870 774.285
5785.923 775.781
5786.976 740.054
5788.029 758.813
5789.082 726.954
5790.135 747.380
5791.188 742.119
5792.241 837.521
5793.294 572.920
5794.347 804.933
5795.400 721.479
5796.453 794.621
5797.506 709.683
5798.559 709.023
5799.612 783.741
5800.665 789.311
5801.718 802.378
5802.771 745.621
5803.824 834.588
5804.877 766.374
5805.931 785.168
5806.984 918.706
5808.037 782.770
5809.090 804.622
5810.143 777.024
5811.196 686.236
5812.249 749.975
5813.302 779.034
5814.355 852.302
5815.408 786.785
5816.461 746.885
5817.514 827.788
5818.567 790.641
5819.620 705.775
5820.673 765.890
5821.726 767.421
5822.779 897.258
5823.832 777.578
5824.885 735.106
5825.938 748.121
5826.991 706.891
5828.044 745.928
5829.097 850.444
5830.150 733.163
5831.203 752.953
5832.256 755.734
5833.309 662.515
5834.362 789.509
5835.415 753.688
5836.468 741.367
5837.521 801.911
5838.574 808.213
5839.627 737.217
5840.680 803.047
5841.733 860.809
5842.786 869.726
5843.839 801.264
5844.892 775.847
5845.945 730.470
5846.998 696.794
5848.051 750.791
5849.104 762.105
5850.157 741.536
5851.210 646.075
5852.263 690.875
5853.316 800.830
5854.369 832.329
5855.422 689.797
5856.475 880.150
5857.528 661.282
5858.581 775.886
5859.634 787.370
5860.687 697.591
5861.740 770.689
5862.793 759.786
5863.846 713.670
5864.899 1075.332
5865.952 1202.128
5867.005 1330.916
5868.058 1291.363
5869.111 1141.416
5870.164 837.435
5871.217 821.178
5872.270 898.861
5873.323 837.291
5874.376 835.093
5875.429 874.058
5876.482 806.985
5877.535 2494.882
5878.588 7384.418
5879.641 9249.486
5880.694 4482.549
5881.747 1065.301
5882.800 739.461
5883.853 786.075
5884.906 846.551
5885.959 854.413
5887.012 1232.660
5888.065 1807.918
5889.119 4871.148
5890.172 6139.146
5891.225 4462.183
5892.278 1110.219
5893.331 894.624
5894.384 1597.589
5895.437 3686.798
5896.490 3807.253
5897.543 2158.826
5898.596 701.655
5899.649 685.530
5900.702 784.321
5901.755 722.288
5902.808 840.858
5903.861 833.664
5904.914 834.603
5905.967 878.506
5907.020 961.448
5908.073 916.432
5909.126 826.876
5910.179 782.445
5911.232 737.039
5912.285 785.034
5913.338 848.575
5914.391 1175.267
5915.444 1499.822
5916.497 1305.054
5917.550 865.503
5918.603 762.939
5919.656 784.333
5920.709 765.673
5921.762 802.721
5922.815 819.387
5923.868 924.495
5924.921 1025.656
5925.974 952.537
5927.027 710.481
5928.080 708.647
5929.133 768.181
5930.186 754.124
5931.239 843.744
5932.292 1405.344
5933.345 1551.408
5934.398 1085.416
5935.451 770.231
5936.504 738.510
5937.557 730.323
5938.610 814.986
5939.663 753.048
5940.716 707.589
5941.769 769.798
5942.822 804.265
5943.875 770.316
5944.928 811.286
5945.981 954.990
5947.034 959.288
5948.087 811.841
5949.140 747.932
5950.193 683.323
5951.246 755.728
5952.299 939.962
5953.352 1386.965
5954.405 1275.215
5955.458 855.082
5956.511 667.657
5957.564 784.887
5958.617 839.497
5959.670 791.194
5960.723 814.440
5961.776 808.363
5962.829 719.574
5963.882 724.914
5964.935 761.109
5965.988 698.995
5967.041 779.498
5968.094 722.539
5969.147 796.116
5970.200 875.622
5971.254 907.129
5972.307 720.260
5973.360 703.142
5974.413 768.367
5975.466 800.431
5976.519 1045.522
5977.572 1093.441
5978.625 837.511
5979.678 765.045
5980.731 689.105
5981.784 728.168
5982.837 673.982
5983.890 719.286
5984.943 687.768
5985.996 701.226
5987.049 707.809
5988.102 657.709
5989.155 751.279
5990.208 617.320
5991.261 725.224
5992.314 667.544
5993.367 686.507
5994.420 725.873
5995.473 677.316
5996.526 785.568
5997.579 781.962
5998.632 866.039
5999.685 683.613
6000.738 649.569
6001.791 713.667
6002.844 751.306
6003.897 878.302
6004.950 832.152
6006.003 763.957
6007.056 713.641
6008.109 671.366
6009.162 673.989
6010.215 660.713
6011.268 688.069
6012.321 688.944
6013.374 658.633
6014.427 661.012
6015.480 656.954
6016.533 670.884
6017.586 650.899
6018.639 665.240
6019.692 671.431
6020.745 607.282
6021.798 680.811
6022.851 727.646
6023.904 645.344
6024.957 611.919
6026.010 633.122
6027.063 710.544
6028.116 807.572
6029.169 659.885
6030.222 585.292
6031.275 566.287
6032.328 657.751
6033.381 771.372
6034.434 757.435
6035.487 612.744
6036.540 600.276
6037.593 656.716
6038.646 605.400
6039.699 669.813
6040.752 631.251
6041.805 577.563
6042.858 659.481
6043.911 618.438
6044.964 664.790
6046.017 649.899
6047.070 711.882
6048.123 629.065
6049.176 693.793
6050.229 595.576
6051.282 573.802
6052.335 577.416
6053.388 608.893
6054.442 642.081
6055.495 665.653
6056.548 568.962
6057.601 640.174
6058.654 555.356
6059.707 580.367
6060.760 550.248
6061.813 558.275
6062.866 539.513
6063.919 587.390
6064.972 618.102
6066.025 600.779
6067.078 641.889
6068.131 719.668
6069.184 607.768
6070.237 635.724
6071.290 548.053
6072.343 544.626
6073.396 652.829
6074.449 603.120
6075.502 536.104
6076.555 555.180
6077.608 624.403
6078.661 541.756
6079.714 557.638
6080.767 655.278
6081.820 588.652
6082.873 535.372
6083.926 568.885
6084.979 592.251
6086.032 521.350
6087.085 561.986
6088.138 606.054
6089.191 577.547
6090.244 581.853
6091.297 622.981
6092.350 572.976
6093.403 549.791
6094.456 614.329
6095.509 571.313
6096.562 504.999
6097.615 538.657
6098.668 620.413
6099.721 604.993
6100.774 600.959
6101.827 566.716
6102.880 532.244
6103.933 566.931
6104.986 633.940
6106.039 634.544
6107.092 568.248
6108.145 576.915
6109.198 599.402
6110.251 594.203
6111.304 568.322
6112.357 529.068
6113.410 566.101
6114.463 549.713
6115.516 521.799
6116.569 529.762
6117.622 557.847
6118.675 576.842
6119.728 593.469
6120.781 622.518
6121.834 591.018
6122.887 564.622
6123.940 479.895
6124.993 519.798
6126.046 598.385
6127.099 502.153
6128.152 541.353
6129.205 560.473
6130.258 516.236
6131.311 571.757
6132.364 611.700
6133.417 588.668
6134.470 556.023
6135.523 635.331
6136.577 574.283
6137.630 654.281
6138.683 628.962
6139.736 689.166
6140.789 621.591
6141.842 575.571
6142.895 619.910
6143.948 707.880
6145.001 668.127
6146.054 622.288
6147.107 501.740
6148.160 524.282
6149.213 578.765
6150.266 557.975
6151.319 551.616
6152.372 578.638
6153.425 588.916
6154.478 634.990
6155.531 866.306
6156.584 1153.881
6157.637 1425.984
6158.690 1063.497
6159.743 772.177
6160.796 569.619
6161.849 538.588
6162.902 519.583
6163.955 423.867
6165.008 548.331
6166.061 534.111
6167.114 511.215
6168.167 498.374
6169.220 663.124
6170.273 808.851
6171.326 851.627
6172.379 662.666
6173.432 531.672
6174.485 635.253
6175.538 649.255
6176.591 613.662
6177.644 595.612
6178.697 560.429
6179.750 644.249
6180.803 563.509
6181.856 481.343
6182.909 570.329
6183.962 594.627
6185.015 524.960
6186.068 588.504
6187.121 536.039
6188.174 574.723
6189.227 550.331
6190.280 556.159
6191.333 618.625
6192.386 612.045
6193.439 664.675
6194.492 573.697
6195.545 511.314
6196.598 544.940
6197.651 553.101
6198.704 612.863
6199.757 487.594
6200.810 554.543
6201.863 658.548
6202.916 799.649
6203.969 720.742
6205.022 482.929
6206.075 528.051
6207.128 576.114
6208.181 530.393
6209.234 530.649
6210.287 499.838
6211.340 497.373
6212.393 600.124
6213.446 686.950
6214.499 550.556
6215.552 544.167
6216.605 563.928
6217.658 555.221
6218.711 523.525
6219.765 541.885
6220.818 710.671
6221.871 778.611
6222.924 733.497
6223.977 596.538
6225.030 473.568
6226.083 516.082
6227.136 505.767
6228.189 528.140
6229.242 476.655
6230.295 521.583
6231.348 523.614
6232.401 451.516
6233.454 883.614
6234.507 1133.095
6235.560 1440.933
6236.613 1493.498
6237.666 1048.859
6238.719 681.051
6239.772 656.681
6240.825 775.256
6241.878 704.099
6242.931 785.137
6243.984 675.983
6245.037 593.970
6246.090 577.223
6247.143 568.800
6248.196 630.944
6249.249 577.004
6250.302 529.941
6251.355 541.731
6252.408 576.159
6253.461 520.936
6254.514 547.471
6255.567 583.013
6256.620 1060.055
6257.673 1630.733
6258.726 1676.851
6259.779 879.429
6260.832 492.794
6261.885 646.814
6262.938 645.083
6263.991 711.243
6265.044 842.029
6266.097 881.455
6267.150 631.084
6268.203 604.959
6269.256 614.983
6270.309 573.517
6271.362 550.823
6272.415 578.678
6273.468 545.892
6274.521 597.967
6275.574 700.692
6276.627 683.988
6277.680 535.557
6278.733 560.528
6279.786 609.062
6280.839 570.065
6281.892 515.679
6282.945 504.871
6283.998 508.027
6285.051 560.521
6286.104 899.834
6287.157 1369.025
6288.210 1369.051
6289.263 865.596
6290.316 526.854
6291.369 553.822
6292.422 556.852
6293.475 508.701
6294.528 592.296
6295.581 516.041
6296.634 1072.370
6297.687 710.995
6298.740 12951.023
6299.793 40712.412
6300.846 49783.173
6301.899 24205.395
6302.953 511.069
6304.006 1744.072
6305.059 1227.782
6306.112 1519.130
6307.165 1708.309
6308.218 1264.205
6309.271 670.526
6310.324 528.744
6311.377 518.643
6312.430 494.856
6313.483 514.175
6314.536 939.331
6315.589 1397.711
6316.642 1241.293
6317.695 784.001
6318.748 533.249
6319.801 579.926
6320.854 796.474
6321.907 797.781
6322.960 638.368
6324.013 533.632
6325.066 535.998
6326.119 560.573
6327.172 577.834
6328.225 725.252
6329.278 1190.487
6330.331 1370.879
6331.384 999.219
6332.437 518.475
6333.490 577.882
6334.543 485.191
6335.596 514.522
6336.649 530.646
6337.702 516.557
6338.755 566.048
6339.808 518.944
6340.861 529.540
6341.914 548.646
6342.967 517.331
6344.020 547.180
6345.073 547.357
6346.126 487.817
6347.179 512.205
6348.232 725.632
6349.285 707.158
6350.338 546.585
6351.391 530.114
6352.444 524.506
6353.497 527.185
6354.550 569.209
6355.603 963.513
6356.656 1003.048
6357.709 811.461
6358.762 590.327
6359.815 514.702
6360.868 785.412
6361.921 1879.283
6362.974 11810.105
6364.027 16954.009
6365.080 10229.024
6366.133 2114.177
6367.186 458.148
6368.239 743.122
6369.292 594.606
6370.345 513.607
6371.398 491.966
6372.451 575.482
6373.504 572.344
6374.557 551.522
6375.610 461.682
6376.663 508.636
6377.716 569.781
6378.769 620.583
6379.822 646.254
6380.875 571.035
6381.928 549.167
6382.981 526.313
6384.034 491.744
6385.088 492.825
6386.141 661.805
6387.194 751.049
6388.247 631.034
6389.300 510.305
6390.353 486.662
6391.406 504.669
6392.459 543.864
6393.512 488.550
6394.565 491.981
6395.618 543.866
6396.671 516.134
6397.724 478.938
6398.777 474.593
6399.830 438.310
6400.883 457.748
6401.936 439.850
6402.989 518.875
6404.042 501.516
6405.095 512.650
6406.148 535.436
6407.201 475.420
6408.254 421.525
6409.307 476.650
6410.360 455.301
6411.413 441.097
6412.466 432.140
6413.519 519.841
6414.572 520.280
6415.625 533.341
6416.678 434.815
6417.731 437.921
6418.784 446.290
6419.837 557.277
6420.890 597.975
6421.943 486.153
6422.996 501.203
6424.049 437.088
6425.102 460.143
6426.155 448.218
6427.208 496.008
6428.261 407.875
6429.314 428.605
6430.367 469.407
6431.420 437.681
6432.473 424.784
6433.526 404.869
6434.579 425.923
6435.632 430.553
6436.685 446.623
6437.738 442.049
6438.791 461.105
6439.844 455.123
6440.897 437.750
6441.950 490.211
6443.003 460.070
6444.056 436.812
6445.109 463.077
6446.162 423.993
6447.215 418.043
6448.268 470.340
6449.321 474.824
6450.374 450.525
6451.427 487.441
6452.480 514.368
6453.533 619.997
6454.586 644.782
6455.639 609.241
6456.692 662.337
6457.745 567.943
6458.798 571.059
6459.851 447.247
6460.904 483.752
6461.957 450.197
6463.010 686.256
6464.063 707.853
6465.116 906.620
6466.169 998.095
6467.222 778.681
6468.276 536.019
6469.329 587.342
6470.382 904.818
6471.435 955.382
6472.488 669.992
6473.541 496.651
6474.594 453.529
6475.647 437.801
6476.700 513.476
6477.753 536.050
6478.806 599.387
6479.859 523.160
6480.912 458.285
6481.965 478.990
6483.018 474.754
6484.071 488.671
6485.124 479.034
6486.177 425.801
6487.230 423.175
6488.283 476.833
6489.336 467.062
6490.389 468.460
6491.442 468.716
6492.495 414.696
6493.548 449.565
6494.601 476.502
6495.654 485.533
6496.707 590.367
6497.760 1066.733
6498.813 1655.490
6499.866 1216.480
6500.919 502.383
6501.972 425.416
6503.025 481.814
6504.078 742.435
6505.131 809.293
6506.184 679.784
6507.237 489.499
6508.290 493.970
6509.343 488.011
6510.396 457.483
6511.449 414.311
6512.502 494.564
6513.555 492.302
6514.608 526.241
6515.661 487.712
6516.714 433.179
6517.767 375.817
6518.820 453.202
6519.873 514.904
6520.926 560.657
6521.979 665.636
6523.032 715.670
6524.085 594.766
6525.138 522.115
6526.191 487.304
6527.244 482.182
6528.297 490.961
6529.350 503.986
6530.403 455.436
6531.456 644.390
6532.509 1204.286
6533.562 1378.879
6534.615 855.400
6535.668 489.021
6536.721 529.681
6537.774 483.261
6538.827 489.470
6539.880 509.774
6540.933 543.481
6541.986 584.878
6543.039 724.342
6544.092 822.586
6545.145 771.610
6546.198 544.302
6547.251 576.341
6548.304 489.364
6549.357 492.410
6550.411 639.415
6551.464 1020.796
6552.517 1638.235
6553.570 1859.007
6554.623 1388.707
6555.676 674.805
6556.729 509.845
6557.782 475.178
6558.835 520.303
6559.888 521.358
6560.941 610.159
6561.994 596.452
6563.047 2129.237
6564.100 1.598
6565.153 45478.244
6566.206 133428.457
6567.259 151466.123
6568.312 63511.863
6569.365 2025.072
6570.418 1994.244
6571.471 538.127
6572.524 655.311
6573.577 521.251
6574.630 532.311
6575.683 690.531
6576.736 1073.218
6577.789 1221.184
6578.842 928.271
6579.895 518.418
6580.948 521.044
6582.001 488.453
6583.054 524.925
6584.107 576.531
6585.160 636.551
6586.213 1170.527
6587.266 2241.755
6588.319 2050.443
6589.372 923.783
6590.425 525.860
6591.478 529.581
6592.531 514.292
6593.584 410.145
6594.637 467.541
6595.690 585.807
6596.743 596.594
6597.796 569.545
6598.849 476.194
6599.902 474.667
6600.955 466.063
6602.008 468.787
6603.061 687.146
6604.114 854.760
6605.167 718.333
6606.220 511.679
6607.273 435.424
6608.326 433.110
6609.379 446.595
6610.432 501.383
6611.485 485.567
6612.538 379.398
6613.591 406.715
6614.644 394.668
6615.697 369.189
6616.750 450.626
6617.803 494.670
6618.856 391.786
6619.909 425.865
6620.962 466.705
6622.015 429.815
6623.068 406.142
6624.121 408.302
6625.174 428.228
6626.227 444.583
6627.280 501.529
6628.333 505.162
6629.386 438.446
6630.439 388.445
6631.492 422.037
6632.545 439.510
6633.599 544.562
6634.652 598.404
6635.705 456.561
6636.758 388.985
6637.811 450.556
6638.864 425.417
6639.917 390.203
6640.970 409.737
6642.023 408.229
6643.076 385.550
6644.129 386.355
6645.182 445.887
6646.235 436.492
6647.288 438.854
6648.341 403.442
6649.394 399.600
6650.447 442.666
6651.500 457.334
6652.553 416.265
6653.606 376.593
6654.659 437.370
6655.712 314.641
6656.765 435.045
6657.818 421.967
6658.871 361.312
6659.924 426.051
6660.977 426.564
6662.030 464.122
6663.083 414.306
6664.136 397.340
6665.189 401.540
6666.242 426.811
6667.295 471.162
6668.348 468.276
6669.401 379.862
6670.454 397.422
6671.507 434.554
6672.560 369.376
6673.613 420.266
6674.666 414.211
6675.719 410.307
6676.772 420.124
6677.825 433.308
6678.878 343.615
6679.931 460.398
6680.984 1195.044
6682.037 1998.286
6683.090 1718.191
6684.143 609.921
6685.196 416.721
6686.249 408.260
6687.302 377.391
6688.355 439.161
6689.408 407.116
6690.461 411.179
6691.514 384.264
6692.567 391.872
6693.620 406.589
6694.673 418.710
6695.726 406.045
6696.779 381.430
6697.832 368.155
6698.885 420.288
6699.938 456.904
6700.991 409.287
6702.044 397.878
6703.097 376.057
6704.150 372.048
6705.203 443.706
6706.256 429.268
6707.309 368.427
6708.362 389.555
6709.415 398.448
6710.468 395.554
6711.521 397.729
6712.574 357.996
6713.627 355.499
6714.680 378.119
6715.734 393.425
6716.787 393.608
6717.840 459.955
6718.893 1176.694
6719.946 3657.243
6720.999 4634.022
6722.052 2404.147
6723.105 657.686
6724.158 436.753
6725.211 370.199
6726.264 359.370
6727.317 437.322
6728.370 427.848
6729.423 355.550
6730.476 365.637
6731.529 468.722
6732.582 504.222
6733.635 1382.629
6734.688 3251.867
6735.741 2964.172
6736.794 1192.296
6737.847 429.624
6738.900 400.996
6739.953 396.969
6741.006 418.776
6742.059 402.692
6743.112 378.941
6744.165 399.676
6745.218 388.923
6746.271 348.123
6747.324 408.415
6748.377 417.286
6749.430 404.728
6750.483 388.933
6751.536 380.888
6752.589 348.090
6753.642 334.144
6754.695 380.354
6755.748 400.496
6756.801 376.489
6757.854 349.902
6758.907 338.395
6759.960 290.785
6761.013 387.119
6762.066 371.540
6763.119 387.205
6764.172 386.452
6765.225 377.315
6766.278 332.485
6767.331 317.435
6768.384 322.053
6769.437 386.822
6770.490 366.303
6771.543 332.932
6772.596 288.924
6773.649 339.628
6774.702 361.662
6775.755 374.396
6776.808 392.864
6777.861 380.037
6778.914 347.575
6779.967 376.585
6781.020 395.246
6782.073 341.360
6783.126 380.279
6784.179 431.374
6785.232 379.044
6786.285 306.181
6787.338 387.457
6788.391 397.416
6789.444 391.329
6790.497 301.920
6791.550 342.768
6792.603 320.121
6793.656 334.541
6794.709 306.955
6795.762 351.300
6796.815 333.569
6797.868 305.869
6798.922 331.806
6799.975 369.521
6801.028 350.919
6802.081 327.874
6803.134 348.055
6804.187 369.468
6805.240 387.730
6806.293 336.949
6807.346 321.767
6808.399 387.380
6809.452 351.099
6810.505 393.975
6811.558 324.073
6812.611 360.663
6813.664 348.799
6814.717 348.746
6815.770 336.326
6816.823 353.072
6817.876 322.596
6818.929 384.347
6819.982 369.437
6821.035 324.105
6822.088 333.984
6823.141 357.143
6824.194 347.372
6825.247 309.272
6826.300 516.929
6827.353 804.241
6828.406 1349.049
6829.459 1755.581
6830.512 1287.651
6831.565 652.810
6832.618 693.227
6833.671 1357.708
6834.724 1576.526
6835.777 1110.996
6836.830 422.245
6837.883 374.815
6838.936 378.957
6839.989 444.687
6841.042 581.293
6842.095 665.347
6843.148 523.208
6844.201 366.362
6845.254 326.640
6846.307 356.265
6847.360 356.206
6848.413 366.802
6849.466 384.514
6850.519 366.144
6851.572 391.161
6852.625 399.420
6853.678 325.007
6854.731 337.756
6855.784 410.803
6856.837 361.298
6857.890 324.278
6858.943 361.523
6859.996 353.487
6861.049 370.501
6862.102 641.621
6863.155 2322.824
6864.208 2926.930
6865.261 1828.658
6866.314 484.718
6867.367 251.721
6868.420 297.534
6869.473 264.908
6870.526 417.660
6871.579 535.109
6872.632 343.640
6873.685 213.856
6874.738 263.074
6875.791 251.596
6876.844 246.733
6877.897 284.863
6878.950 356.647
6880.003 468.906
6881.056 577.824
6882.110 585.314
6883.163 356.226
6884.216 344.723
6885.269 298.313
6886.322 329.655
6887.375 322.350
6888.428 607.144
6889.481 763.058
6890.534 598.113
6891.587 336.300
6892.640 291.095
6893.693 318.620
6894.746 350.684
6895.799 332.082
6896.852 273.564
6897.905 282.712
6898.958 381.293
6900.011 623.586
6901.064 812.295
6902.117 636.177
6903.170 326.364
6904.223 281.667
6905.276 338.042
6906.329 315.230
6907.382 349.040
6908.435 324.581
6909.488 280.101
6910.541 302.574
6911.594 688.548
6912.647 1060.545
6913.700 891.970
6914.753 447.781
6915.806 335.350
6916.859 338.476
6917.912 291.283
6918.965 298.815
6920.018 314.270
6921.071 368.713
6922.124 882.367
6923.177 1681.701
6924.230 1383.083
6925.283 516.602
6926.336 386.738
6927.389 336.570
6928.442 300.745
6929.495 304.026
6930.548 344.010
6931.601 340.153
6932.654 357.201
6933.707 320.083
6934.760 322.022
6935.813 317.596
6936.866 328.555
6937.919 500.898
6938.972 855.999
6940.025 976.353
6941.078 623.258
6942.131 346.982
6943.184 371.122
6944.237 322.703
6945.290 327.552
6946.343 330.304
6947.396 516.391
6948.449 1666.843
6949.502 1879.327
6950.555 1077.628
6951.608 456.233
6952.661 395.802
6953.714 342.710
6954.767 370.835
6955.820 343.112
6956.873 356.025
6957.926 333.828
6958.979 309.896
6960.032 340.246
6961.085 352.373
6962.138 361.702
6963.191 347.494
6964.245 355.463
6965.298 430.629
6966.351 399.136
6967.404 327.189
6968.457 422.343
6969.510 678.586
6970.563 739.532
6971.616 513.158
6972.669 343.044
6973.722 322.570
6974.775 332.086
6975.828 327.589
6976.881 572.650
6977.934 1059.603
6978.987 1257.164
6980.040 725.943
6981.093 282.284
6982.146 319.703
6983.199 345.240
6984.252 365.551
6985.305 317.709
6986.358 328.001
6987.411 388.818
6988.464 319.548
6989.517 316.393
6990.570 315.972
6991.623 331.567
6992.676 299.973
6993.729 298.247
6994.782 322.068
6995.835 343.463
6996.888 327.801
6997.941 349.949
6998.994 314.199
7000.047 317.379
7001.100 482.277
7002.153 611.813
7003.206 640.025
7004.259 600.407
7005.312 457.579
7006.365 357.576
7007.418 305.730
7008.471 286.660
7009.524 340.371
7010.577 576.487
7011.630 677.145
7012.683 549.032
7013.736 339.538
7014.789 323.564
7015.842 293.173
7016.895 308.287
7017.948 254.108
7019.001 296.525
7020.054 368.804
7021.107 333.878
7022.160 313.925
7023.213 300.534
7024.266 298.598
7025.319 291.768
7026.372 290.269
7027.425 332.898
7028.478 316.477
7029.531 377.800
7030.584 322.506
7031.637 294.375
7032.690 308.231
7033.743 356.471
7034.796 324.232
7035.849 320.507
7036.902 316.793
7037.955 301.523
7039.008 319.933
7040.061 367.825
7041.114 428.876
7042.167 436.186
7043.220 353.769
7044.273 283.997
7045.326 314.794
7046.379 424.453
7047.433 553.698
7048.486 635.006
7049.539 546.574
7050.592 383.430
7051.645 415.005
7052.698 414.268
7053.751 407.108
7054.804 372.800
7055.857 347.880
7056.910 319.466
7057.963 325.200
7059.016 342.413
7060.069 328.722
7061.122 333.150
7062.175 358.804
7063.228 387.477
7064.281 381.916
7065.334 369.725
7066.387 352.323
7067.440 468.361
7068.493 1023.315
7069.546 1413.622
7070.599 1080.941
7071.652 460.378
7072.705 323.820
7073.758 417.021
7074.811 354.985
7075.864 307.121
7076.917 344.294
7077.970 369.922
7079.023 354.557
7080.076 325.677
7081.129 343.459
7082.182 408.694
7083.235 435.542
7084.288 331.372
7085.341 295.890
7086.394 319.444
7087.447 384.234
7088.500 431.238
7089.553 475.743
7090.606 416.141
7091.659 380.604
7092.712 319.614
7093.765 330.655
7094.818 336.569
7095.871 307.487
7096.924 322.791
7097.977 326.168
7099.030 315.210
7100.083 318.660
7101.136 328.202
7102.189 334.351
7103.242 367.312
7104.295 307.756
7105.348 340.115
7106.401 295.759
7107.454 319.705
7108.507 339.627
7109.560 327.363
7110.613 327.895
7111.666 306.609
7112.719 311.873
7113.772 333.608
7114.825 320.413
7115.878 330.238
7116.931 351.588
7117.984 312.766
7119.037 302.350
7120.090 352.227
7121.143 325.291
7122.196 312.925
7123.249 315.437
7124.302 326.900
7125.355 357.998
7126.408 368.905
7127.461 388.070
7128.514 392.429
7129.568 335.142
7130.621 308.949
7131.674 317.135
7132.727 362.185
7133.780 368.857
7134.833 324.582
7135.886 368.656
7136.939 291.349
7137.992 566.382
7139.045 2230.963
7140.098 3527.635
7141.151 2670.952
7142.204 848.788
7143.257 396.829
7144.310 440.859
7145.363 411.145
7146.416 420.838
7147.469 365.817
7148.522 342.689
7149.575 367.362
7150.628 349.168
7151.681 354.584
7152.734 337.099
7153.787 266.345
7154.840 314.841
7155.893 382.750
7156.946 298.710
7157.999 388.187
7159.052 371.559
7160.105 322.175
7161.158 325.428
7162.211 350.671
7163.264 331.334
7164.317 342.399
7165.370 384.188
7166.423 353.553
7167.476 277.071
7168.529 288.584
7169.582 335.531
7170.635 350.632
7171.688 357.616
7172.741 302.075
7173.794 334.715
7174.847 351.914
7175.900 324.754
7176.953 352.847
7178.006 340.745
7179.059 347.257
7180.112 336.052
7181.165 343.883
7182.218 309.298
7183.271 348.987
7184.324 339.423
7185.377 263.687
7186.430 277.912
7187.483 279.820
7188.536 263.951
7189.589 300.944
7190.642 297.410
7191.695 275.393
7192.748 274.352
7193.801 204.955
7194.854 244.838
7195.907 292.266
7196.960 284.974
7198.013 268.394
7199.066 275.082
7200.119 291.237
7201.172 266.174
7202.225 240.445
7203.278 270.633
7204.331 300.815
7205.384 305.535
7206.437 311.535
7207.490 283.717
7208.543 277.058
7209.596 323.176
7210.649 289.163
7211.702 220.366
7212.756 283.254
7213.809 268.417
7214.862 314.516
7215.915 315.996
7216.968 298.476
7218.021 306.907
7219.074 277.438
7220.127 263.730
7221.180 326.147
7222.233 367.557
7223.286 316.021
7224.339 274.550
7225.392 301.937
7226.445 341.871
7227.498 304.679
7228.551 372.614
7229.604 365.683
7230.657 354.214
7231.710 341.859
7232.763 324.121
7233.816 314.031
7234.869 320.065
7235.922 314.478
7236.975 434.645
7238.028 1046.807
7239.081 2069.106
7240.134 2779.924
7241.187 2560.840
7242.240 1479.718
7243.293 1094.859
7244.346 2250.849
7245.399 2897.611
7246.452 1887.480
7247.505 884.671
7248.558 442.218
7249.611 351.772
7250.664 347.427
7251.717 544.245
7252.770 855.292
7253.823 880.010
7254.876 706.106
7255.929 563.938
7256.982 420.869
7258.035 296.588
7259.088 352.540
7260.141 373.670
7261.194 314.803
7262.247 346.561
7263.300 346.225
7264.353 297.498
7265.406 278.339
7266.459 351.173
7267.512 420.317
7268.565 446.070
7269.618 415.636
7270.671 375.122
7271.724 361.214
7272.777 322.917
7273.830 520.466
7274.883 1673.567
7275.936 4221.741
7276.989 4401.466
7278.042 2084.669
7279.095 619.683
7280.148 412.620
7281.201 453.655
7282.254 511.080
7283.307 1123.403
7284.360 1971.249
7285.413 1906.767
7286.466 1073.734
7287.519 486.728
7288.572 287.141
7289.625 331.352
7290.678 385.974
7291.731 402.409
7292.784 369.598
7293.837 336.511
7294.891 620.738
7295.944 829.389
7296.997 722.259
7298.050 455.956
7299.103 319.798
7300.156 292.222
7301.209 280.788
7302.262 575.204
7303.315 1144.272
7304.368 1223.214
7305.421 704.096
7306.474 397.910
7307.527 346.170
7308.580 353.643
7309.633 360.886
7310.686 424.250
7311.739 456.401
7312.792 382.569
7313.845 239.834
7314.898 1516.284
7315.951 3272.810
7317.004 3224.582
7318.057 1693.332
7319.110 562.329
7320.163 394.516
7321.216 375.917
7322.269 396.730
7323.322 547.824
7324.375 723.083
7325.428 650.841
7326.481 417.503
7327.534 757.744
7328.587 1435.791
7329.640 1709.211
7330.693 1114.468
7331.746 542.540
7332.799 499.522
7333.852 608.287
7334.905 645.065
7335.958 544.557
7337.011 451.857
7338.064 269.618
7339.117 829.054
7340.170 3281.102
7341.223 4155.229
7342.276 2593.848
7343.329 983.570
7344.382 455.176
7345.435 407.258
7346.488 401.389
7347.541 348.628
7348.594 354.996
7349.647 355.615
7350.700 352.345
7351.753 431.201
7352.806 336.239
7353.859 341.157
7354.912 331.496
7355.965 331.351
7357.018 616.651
7358.071 1232.191
7359.124 1465.790
7360.177 976.779
7361.230 465.473
7362.283 344.504
7363.336 396.098
7364.389 375.016
7365.442 356.729
7366.495 344.813
7367.548 778.674
7368.601 2277.919
7369.654 3046.161
7370.707 2155.298
7371.760 836.745
7372.813 392.907
7373.866 338.693
7374.919 371.870
7375.972 346.272
7377.025 300.948
7378.079 299.116
7379.132 292.781
7380.185 277.267
7381.238 285.758
7382.291 323.012
7383.344 340.539
7384.397 297.240
7385.450 308.149
7386.503 355.106
7387.556 292.055
7388.609 295.060
7389.662 315.665
7390.715 586.530
7391.768 968.915
7392.821 1039.528
7393.874 685.597
7394.927 388.122
7395.980 334.248
7397.033 266.377
7398.086 275.576
7399.139 363.005
7400.192 605.884
7401.245 1533.193
7402.298 1979.241
7403.351 1251.965
7404.404 600.023
7405.457 311.536
7406.510 245.703
7407.563 242.454
7408.616 243.238
7409.669 241.628
7410.722 288.100
7411.775 337.455
7412.828 311.554
7413.881 317.140
7414.934 286.663
7415.987 328.934
7417.040 338.347
7418.093 312.146
7419.146 305.458
7420.199 299.621
7421.252 282.379
7422.305 298.122
7423.358 291.589
7424.411 282.338
7425.464 293.960
7426.517 289.368
7427.570 308.375
7428.623 453.255
7429.676 672.800
7430.729 624.483
7431.782 456.046
7432.835 355.486
7433.888 316.202
7434.941 301.774
7435.994 291.349
7437.047 590.628
7438.100 1012.947
7439.153 1046.415
7440.206 707.597
7441.259 409.712
7442.312 304.195
7443.365 278.632
7444.418 288.352
7445.471 298.902
7446.524 308.773
7447.577 297.359
7448.630 248.532
7449.683 282.511
7450.736 310.973
7451.789 286.802
7452.842 299.433
7453.895 304.460
7454.948 286.769
7456.001 287.572
7457.054 279.036
7458.107 290.550
7459.160 277.266
7460.214 257.574
7461.267 360.326
7462.320 411.497
7463.373 379.103
7464.426 405.228
7465.479 397.358
7466.532 525.021
7467.585 558.973
7468.638 499.411
7469.691 444.478
7470.744 515.949
7471.797 572.830
7472.850 699.936
7473.903 865.459
7474.956 893.457
7476.009 756.034
7477.062 421.573
7478.115 438.163
7479.168 441.768
7480.221 441.673
7481.274 441.578
7482.327 441.482
7483.380 441.389
7484.433 441.295
7485.486 441.200
