3561.035 4668.065
3562.213 4437.300
3563.392 5276.624
3564.571 4569.281
3565.750 4446.301
3566.929 3551.126
3568.108 4097.924
3569.286 4351.789
3570.465 4469.650
3571.644 4364.920
3572.823 4198.834
3574.002 4432.379
3575.180 4252.963
3576.359 4563.547
3577.538 4609.958
3578.717 4433.884
3579.896 3592.944
3581.075 4549.730
3582.253 4088.536
3583.432 4772.348
3584.611 4072.883
3585.790 4083.991
3586.969 4162.421
3588.147 4778.484
3589.326 4090.067
3590.505 4355.600
3591.684 4181.073
3592.863 4254.644
3594.042 3833.284
3595.220 4582.307
3596.399 4957.052
3597.578 4525.794
3598.757 4439.794
3599.936 4559.176
3601.114 4393.885
3602.293 4327.763
3603.472 4230.593
3604.651 4054.442
3605.830 4776.717
3607.009 4251.390
3608.187 4080.560
3609.366 4735.466
3610.545 4922.717
3611.724 4797.573
3612.903 4479.965
3614.081 4172.300
3615.260 4795.311
3616.439 5036.381
3617.618 4746.504
3618.797 4453.840
3619.976 5071.483
3621.154 4908.770
3622.333 4419.307
3623.512 4897.561
3624.691 4641.460
3625.870 5105.489
3627.048 4067.627
3628.227 5497.850
3629.406 5003.939
3630.585 4639.128
3631.764 4518.170
3632.943 4860.201
3634.121 5101.616
3635.300 4712.488
3636.479 4777.543
3637.658 4953.982
3638.837 4372.016
3640.015 4935.953
3641.194 4680.284
3642.373 4759.232
3643.552 4417.461
3644.731 4646.999
3645.910 4753.602
3647.088 4893.685
3648.267 4289.041
3649.446 4286.268
3650.625 4378.487
3651.804 4354.746
3652.982 4190.453
3654.161 4292.752
3655.340 4250.868
3656.519 4238.137
3657.698 4509.237
3658.877 4315.578
3660.055 4495.217
3661.234 4210.337
3662.413 4697.131
3663.592 4435.699
3664.771 4572.972
3665.949 4520.456
3667.128 4865.731
3668.307 4154.800
3669.486 4243.809
3670.665 4487.094
3671.844 4202.096
3673.022 4587.758
3674.201 4205.059
3675.380 4314.691
3676.559 4395.674
3677.738 4161.855
3678.916 3951.531
3680.095 4209.925
3681.274 4486.792
3682.453 3963.342
3683.632 4537.153
3684.811 4025.606
3685.989 4547.101
3687.168 4063.990
3688.347 4484.372
3689.526 3740.962
3690.705 3770.600
3691.883 4181.550
3693.062 4149.090
3694.241 4420.133
3695.420 4631.448
3696.599 3782.979
3697.777 4024.060
3698.956 4358.429
3700.135 4415.937
3701.314 4750.102
3702.493 4552.257
3703.672 4481.383
3704.850 4816.990
3706.029 5131.985
3707.208 4740.571
3708.387 4389.241
3709.566 4023.660
3710.744 4083.733
3711.923 4025.988
3713.102 4389.585
3714.281 4743.892
3715.460 4568.355
3716.639 4184.707
3717.817 3855.290
3718.996 4335.773
3720.175 4074.330
3721.354 3644.962
3722.533 4282.829
3723.711 4788.220
3724.890 4968.571
3726.069 5358.668
3727.248 8630.917
3728.427 13180.995
3729.606 14558.231
3730.784 17201.415
3731.963 16047.152
3733.142 8718.173
3734.321 4741.609
3735.500 4464.488
3736.678 4749.870
3737.857 4703.924
3739.036 4382.872
3740.215 3873.043
3741.394 4117.875
3742.573 4374.138
3743.751 4367.780
3744.930 3974.266
3746.109 4196.414
3747.288 3845.712
3748.467 3957.165
3749.645 4084.773
3750.824 4048.278
3752.003 4580.446
3753.182 4766.758
3754.361 4413.727
3755.540 3955.503
3756.718 3815.514
3757.897 3716.949
3759.076 3443.855
3760.255 3711.163
3761.434 3621.409
3762.612 3579.817
3763.791 3891.585
3764.970 3692.463
3766.149 3957.147
3767.328 3875.817
3768.507 3499.725
3769.685 3470.179
3770.864 3462.968
3772.043 4470.076
3773.222 5118.100
3774.401 4581.757
3775.579 3719.728
3776.758 3678.773
3777.937 3464.663
3779.116 3524.592
3780.295 3841.824
3781.474 3595.899
3782.652 3498.843
3783.831 3485.405
3785.010 3526.112
3786.189 3490.741
3787.368 3274.012
3788.546 3220.671
3789.725 3551.365
3790.904 3688.892
3792.083 3342.000
3793.262 3647.087
3794.441 3334.270
3795.619 3383.887
3796.798 2959.978
3797.977 3309.571
3799.156 4241.634
3800.335 5178.678
3801.513 4603.162
3802.692 3697.816
3803.871 2944.616
3805.050 3512.379
3806.229 3238.817
3807.408 3234.537
3808.586 3160.869
3809.765 3559.530
3810.944 3276.232
3812.123 3485.768
3813.302 3203.110
3814.480 3398.565
3815.659 3592.843
3816.838 3565.211
3818.017 3293.792
3819.196 3491.329
3820.375 3418.508
3821.553 3721.552
3822.732 3671.400
3823.911 3420.663
3825.090 3213.600
3826.269 3332.537
3827.447 2977.755
3828.626 3378.353
3829.805 3421.202
3830.984 3323.401
3832.163 3278.897
3833.342 3273.814
3834.520 3462.462
3835.699 3324.336
3836.878 5033.285
3838.057 5895.050
3839.236 4968.340
3840.414 3292.998
3841.593 3241.319
3842.772 3097.035
3843.951 3056.274
3845.130 3168.600
3846.309 3029.910
3847.487 2975.946
3848.666 3181.070
3849.845 3179.098
3851.024 3069.645
3852.203 2966.056
3853.381 2920.816
3854.560 3159.193
3855.739 3040.206
3856.918 3134.707
3858.097 3002.218
3859.275 3105.305
3860.454 3041.946
3861.633 3098.010
3862.812 2930.131
3863.991 2958.268
3865.170 2985.933
3866.348 2821.947
3867.527 3121.331
3868.706 3605.655
3869.885 11021.665
3871.064 19226.456
3872.242 15692.539
3873.421 5664.182
3874.600 3047.422
3875.779 2998.194
3876.958 2880.780
3878.137 2825.511
3879.315 2814.030
3880.494 2760.168
3881.673 2847.379
3882.852 2776.226
3884.031 2760.340
3885.209 2958.949
3886.388 2926.097
3887.567 3028.144
3888.746 3280.022
3889.925 6128.186
3891.104 9070.311
3892.282 8295.470
3893.461 4214.307
3894.640 2985.741
3895.819 3714.933
3896.998 3743.538
3898.176 2862.443
3899.355 2674.497
3900.534 2640.174
3901.713 2851.759
3902.892 2808.734
3904.071 2800.452
3905.249 2678.634
3906.428 2721.209
3907.607 2951.749
3908.786 2716.973
3909.965 2710.710
3911.143 2863.257
3912.322 2724.606
3913.501 2730.929
3914.680 2867.157
3915.859 2761.311
3917.038 2504.642
3918.216 2586.644
3919.395 2580.341
3920.574 2696.417
3921.753 2534.005
3922.932 2801.785
3924.110 2615.153
3925.289 2559.727
3926.468 2498.328
3927.647 2584.799
3928.826 2553.774
3930.005 2548.294
3931.183 2305.298
3932.362 2494.283
3933.541 2134.814
3934.720 2265.870
3935.899 1897.340
3937.077 2102.267
3938.256 2421.449
3939.435 2387.283
3940.614 2427.030
3941.793 2432.241
3942.972 2377.852
3944.150 2444.834
3945.329 2583.310
3946.508 2762.260
3947.687 2705.739
3948.866 2533.978
3950.044 2427.355
3951.223 2337.457
3952.402 2450.194
3953.581 2409.979
3954.760 2270.752
3955.939 2472.290
3957.117 2384.485
3958.296 2383.404
3959.475 2244.584
3960.654 2455.059
3961.833 2357.547
3963.011 2174.066
3964.190 2219.654
3965.369 2278.918
3966.548 2617.840
3967.727 2785.569
3968.906 4655.814
3970.084 6171.606
3971.263 6822.327
3972.442 7119.185
3973.621 5825.848
3974.800 3115.047
3975.978 2505.441
3977.157 2401.543
3978.336 2417.097
3979.515 2377.908
3980.694 2151.672
3981.873 2259.326
3983.051 2310.175
3984.230 2172.611
3985.409 2170.738
3986.588 2085.425
3987.767 2219.221
3988.945 2308.476
3990.124 2304.036
3991.303 2187.690
3992.482 2216.414
3993.661 2315.325
3994.840 2203.456
3996.018 2121.458
3997.197 2161.371
3998.376 2143.376
3999.555 2225.677
4000.734 1984.011
4001.912 2253.990
4003.091 2032.195
4004.270 2339.036
4005.449 2174.441
4006.628 2247.722
4007.807 2195.547
4008.985 2259.801
4010.164 2114.085
4011.343 2153.243
4012.522 2291.031
4013.701 2250.456
4014.879 2174.941
4016.058 2196.838
4017.237 2116.058
4018.416 2198.622
4019.595 2175.363
4020.773 2037.506
4021.952 2737.190
4023.131 3176.751
4024.310 2195.417
4025.489 2062.662
4026.668 2230.915
4027.846 2450.486
4029.025 2696.656
4030.204 2470.152
4031.383 2163.581
4032.562 2146.320
4033.740 2056.439
4034.919 1925.475
4036.098 2054.987
4037.277 1983.568
4038.456 1981.328
4039.635 2057.184
4040.813 2115.379
4041.992 2105.667
4043.171 1991.139
4044.350 2036.846
4045.529 1978.664
4046.707 1989.984
4047.886 1994.274
4049.065 2118.783
4050.244 2125.934
4051.423 2015.124
4052.602 2093.532
4053.780 2121.049
4054.959 2201.006
4056.138 2215.573
4057.317 2183.182
4058.496 2211.377
4059.674 2383.608
4060.853 2294.131
4062.032 2243.388
4063.211 2240.654
4064.390 2047.576
4065.569 2134.229
4066.747 2149.186
4067.926 1953.697
4069.105 2030.635
4070.284 2055.589
4071.463 2186.817
4072.641 2054.123
4073.820 1843.292
4074.999 1927.115
4076.178 2006.220
4077.357 1867.768
4078.536 1884.262
4079.714 1945.847
4080.893 1844.569
4082.072 1901.045
4083.251 1864.279
4084.430 1807.622
4085.608 2072.576
4086.787 1996.657
4087.966 1974.050
4089.145 1775.720
4090.324 1921.605
4091.503 1927.719
4092.681 1856.887
4093.860 2007.038
4095.039 1982.397
4096.218 1972.746
4097.397 2062.166
4098.575 2126.024
4099.754 2040.580
4100.933 2110.328
4102.112 2724.216
4103.291 5851.929
4104.470 8460.298
4105.648 6006.465
4106.827 2665.984
4108.006 1961.729
4109.185 2002.897
4110.364 1892.779
4111.542 1845.363
4112.721 1658.592
4113.900 1762.136
4115.079 1862.364
4116.258 1811.757
4117.437 1780.700
4118.615 1570.095
4119.794 1786.299
4120.973 1719.303
4122.152 1740.958
4123.331 1766.409
4124.509 1984.349
4125.688 2053.325
4126.867 1874.066
4128.046 1931.889
4129.225 1672.450
4130.404 1653.209
4131.582 1713.114
4132.761 1677.657
4133.940 1659.191
4135.119 1708.670
4136.298 1658.116
4137.476 1700.194
4138.655 1625.899
4139.834 1615.774
4141.013 1628.868
4142.192 1617.553
4143.371 1537.802
4144.549 1584.948
4145.728 1637.121
4146.907 1663.679
4148.086 1611.187
4149.265 1579.276
4150.443 1593.005
4151.622 1545.644
4152.801 1534.099
4153.980 1534.125
4155.159 1615.885
4156.338 1623.226
4157.516 1586.075
4158.695 1480.800
4159.874 1612.610
4161.053 1619.504
4162.232 1495.735
4163.410 1548.112
4164.589 1582.020
4165.768 1629.149
4166.947 1675.582
4168.126 1630.336
4169.305 1596.479
4170.483 1570.547
4171.662 1588.478
4172.841 1538.302
4174.020 1462.769
4175.199 1465.942
4176.377 1481.410
4177.556 1536.324
4178.735 1579.220
4179.914 1580.451
4181.093 1493.945
4182.271 1481.912
4183.450 1522.685
4184.629 1478.185
4185.808 1504.328
4186.987 1438.267
4188.166 1486.134
4189.344 1594.656
4190.523 1507.131
4191.702 1461.055
4192.881 1420.819
4194.060 1479.153
4195.238 1483.116
4196.417 1545.468
4197.596 1484.268
4198.775 1513.047
4199.954 1579.376
4201.133 1609.599
4202.311 1554.769
4203.490 1562.904
4204.669 1524.879
4205.848 1585.425
4207.027 1581.995
4208.205 1548.541
4209.384 1494.138
4210.563 1407.908
4211.742 1464.532
4212.921 1515.296
4214.100 1327.999
4215.278 1448.969
4216.457 1419.442
4217.636 1403.035
4218.815 1410.578
4219.994 1442.222
4221.172 1404.780
4222.351 1429.145
4223.530 1351.008
4224.709 1408.522
4225.888 1392.900
4227.067 1244.678
4228.245 1307.559
4229.424 1384.760
4230.603 1378.489
4231.782 1399.059
4232.961 1356.866
4234.139 1343.566
4235.318 1398.661
4236.497 1507.361
4237.676 1559.266
4238.855 1444.998
4240.034 1369.388
4241.212 1310.473
4242.391 1355.583
4243.570 1329.153
4244.749 1285.690
4245.928 1345.568
4247.106 1348.591
4248.285 1284.494
4249.464 1285.243
4250.643 1272.588
4251.822 1309.798
4253.001 1293.941
4254.179 1275.373
4255.358 1321.039
4256.537 1345.230
4257.716 1774.332
4258.895 1469.985
4260.073 1246.145
4261.252 1253.624
4262.431 1261.658
4263.610 1308.778
4264.789 1259.664
4265.968 1331.588
4267.146 1198.987
4268.325 1275.250
4269.504 1244.604
4270.683 1259.354
4271.862 1208.311
4273.040 1234.919
4274.219 1252.327
4275.398 1207.313
4276.577 1199.839
4277.756 1249.690
4278.935 1244.459
4280.113 1172.642
4281.292 1263.962
4282.471 1211.282
4283.650 1159.486
4284.829 1206.397
4286.007 1162.614
4287.186 1172.581
4288.365 1179.436
4289.544 1147.020
4290.723 1149.583
4291.902 1220.222
4293.080 1178.364
4294.259 1194.870
4295.438 1199.305
4296.617 1216.188
4297.796 1201.435
4298.974 1181.711
4300.153 1181.000
4301.332 1032.764
4302.511 1118.221
4303.690 1129.372
4304.869 1137.726
4306.047 1171.804
4307.226 1120.847
4308.405 1112.085
4309.584 1123.524
4310.763 1210.990
4311.941 1107.017
4313.120 1125.489
4314.299 1153.391
4315.478 1165.178
4316.657 1130.393
4317.836 1223.347
4319.014 1226.292
4320.193 1224.523
4321.372 1218.482
4322.551 1166.948
4323.730 1129.877
4324.908 1144.341
4326.087 1101.333
4327.266 1189.835
4328.445 1171.310
4329.624 1139.752
4330.803 1117.465
4331.981 1167.229
4333.160 1157.018
4334.339 1177.568
4335.518 1146.504
4336.697 1243.265
4337.875 1279.481
4339.054 1247.198
4340.233 1448.501
4341.412 3116.762
4342.591 8522.805
4343.769 9356.038
4344.948 5178.684
4346.127 1508.638
4347.306 1290.660
4348.485 1221.544
4349.664 1194.680
4350.842 1152.615
4352.021 1140.683
4353.200 1102.392
4354.379 1075.736
4355.558 1187.483
4356.736 1122.258
4357.915 1092.622
4359.094 1057.804
4360.273 1098.262
4361.452 1151.962
4362.631 1065.098
4363.809 1362.679
4364.988 2131.619
4366.167 2761.592
4367.346 2219.440
4368.525 1389.283
4369.703 1223.597
4370.882 1092.439
4372.061 1067.031
4373.240 1082.042
4374.419 1029.338
4375.598 1063.252
4376.776 1029.402
4377.955 1072.952
4379.134 1102.962
4380.313 1026.016
4381.492 1195.867
4382.670 1232.793
4383.849 1059.666
4385.028 1048.973
4386.207 1012.628
4387.386 1049.110
4388.565 1104.195
4389.743 1116.713
4390.922 1082.919
4392.101 1121.334
4393.280 1063.105
4394.459 991.477
4395.637 1028.322
4396.816 1025.608
4397.995 993.526
4399.174 994.647
4400.353 1019.165
4401.532 1103.303
4402.710 1009.096
4403.889 980.561
4405.068 997.093
4406.247 1036.567
4407.426 993.462
4408.604 1013.535
4409.783 1041.803
4410.962 1002.544
4412.141 1068.778
4413.320 1090.649
4414.499 1043.458
4415.677 1079.165
4416.856 1093.169
4418.035 1030.122
4419.214 1026.371
4420.393 1004.352
4421.571 997.381
4422.750 1031.632
4423.929 1007.294
4425.108 1030.448
4426.287 1075.780
4427.466 995.481
4428.644 931.221
4429.823 941.163
4431.002 974.080
4432.181 985.493
4433.360 990.086
4434.538 976.816
4435.717 984.192
4436.896 961.653
4438.075 972.532
4439.254 1002.479
4440.433 989.787
4441.611 997.802
4442.790 920.439
4443.969 900.736
4445.148 982.730
4446.327 1021.165
4447.505 975.210
4448.684 955.608
4449.863 972.591
4451.042 914.335
4452.221 918.308
4453.400 985.056
4454.578 955.786
4455.757 939.320
4456.936 946.421
4458.115 978.369
4459.294 957.273
4460.472 947.468
4461.651 946.532
4462.830 939.251
4464.009 951.758
4465.188 934.418
4466.367 949.996
4467.545 938.878
4468.724 1000.389
4469.903 1031.755
4471.082 943.302
4472.261 1051.700
4473.439 1377.305
4474.618 1576.992
4475.797 1331.662
4476.976 986.800
4478.155 912.998
4479.334 905.247
4480.512 918.762
4481.691 907.300
4482.870 850.560
4484.049 915.634
4485.228 992.559
4486.406 962.831
4487.585 918.303
4488.764 969.657
4489.943 948.174
4491.122 892.251
4492.301 913.538
4493.479 903.120
4494.658 904.266
4495.837 891.063
4497.016 915.519
4498.195 953.176
4499.373 960.192
4500.552 921.480
4501.731 895.378
4502.910 899.205
4504.089 910.399
4505.267 948.957
4506.446 955.745
4507.625 945.205
4508.804 922.354
4509.983 913.426
4511.162 930.202
4512.340 920.062
4513.519 915.817
4514.698 939.875
4515.877 955.263
4517.056 953.743
4518.234 896.642
4519.413 934.793
4520.592 944.066
4521.771 908.262
4522.950 969.097
4524.129 925.571
4525.307 885.070
4526.486 902.191
4527.665 903.562
4528.844 907.529
4530.023 903.289
4531.201 964.461
4532.380 973.367
4533.559 932.983
4534.738 875.626
4535.917 909.632
4537.096 1003.948
4538.274 998.964
4539.453 1005.235
4540.632 1000.329
4541.811 1040.534
4542.990 1093.444
4544.168 1068.011
4545.347 1047.758
4546.526 1065.048
4547.705 1083.185
4548.884 1071.683
4550.063 981.434
4551.241 981.976
4552.420 990.291
4553.599 967.102
4554.778 945.592
4555.957 957.107
4557.135 937.150
4558.314 941.714
4559.493 962.278
4560.672 957.631
4561.851 1148.561
4563.030 1055.161
4564.208 888.852
4565.387 939.901
4566.566 889.876
4567.745 883.610
4568.924 898.828
4570.102 892.323
4571.281 891.118
4572.460 859.059
4573.639 920.481
4574.818 884.812
4575.997 908.485
4577.175 910.638
4578.354 921.288
4579.533 906.254
4580.712 940.737
4581.891 867.341
4583.069 917.736
4584.248 886.320
4585.427 868.495
4586.606 931.248
4587.785 871.689
4588.964 890.322
4590.142 865.500
4591.321 850.547
4592.500 859.128
4593.679 879.621
4594.858 856.431
4596.036 842.517
4597.215 850.416
4598.394 852.839
4599.573 850.718
4600.752 844.305
4601.931 1147.996
4603.109 833.523
4604.288 880.208
4605.467 919.417
4606.646 875.185
4607.825 973.045
4609.003 875.782
4610.182 881.104
4611.361 925.902
4612.540 854.050
4613.719 848.637
4614.898 853.221
4616.076 848.045
4617.255 852.499
4618.434 807.773
4619.613 833.768
4620.792 890.075
4621.970 836.363
4623.149 851.704
4624.328 858.101
4625.507 921.791
4626.686 892.977
4627.865 891.358
4629.043 884.963
4630.222 874.841
4631.401 880.333
4632.580 916.768
4633.759 870.764
4634.937 862.854
4636.116 895.081
4637.295 914.380
4638.474 862.366
4639.653 890.147
4640.832 953.895
4642.010 950.315
4643.189 885.157
4644.368 915.633
4645.547 898.540
4646.726 867.855
4647.904 927.674
4649.083 870.544
4650.262 854.139
4651.441 911.732
4652.620 899.214
4653.799 917.184
4654.977 965.245
4656.156 918.210
4657.335 871.378
4658.514 912.881
4659.693 933.792
4660.871 899.192
4662.050 926.878
4663.229 919.324
4664.408 876.661
4665.587 956.856
4666.765 947.125
4667.944 904.521
4669.123 841.995
4670.302 980.470
4671.481 1004.522
4672.660 1020.087
4673.838 1135.224
4675.017 1192.309
4676.196 1317.975
4677.375 1455.592
4678.554 1925.400
4679.732 2317.444
4680.911 2061.509
4682.090 2497.326
4683.269 2737.743
4684.448 3103.977
4685.627 3209.447
4686.805 3276.654
4687.984 3189.708
4689.163 3034.254
4690.342 2797.373
4691.521 2608.099
4692.699 2320.342
4693.878 2110.394
4695.057 2003.673
4696.236 1862.014
4697.415 1812.198
4698.594 1678.216
4699.772 1592.112
4700.951 1508.283
4702.130 1386.772
4703.309 1375.536
4704.488 1251.170
4705.666 1191.706
4706.845 1120.417
4708.024 1057.884
4709.203 1007.182
4710.382 1002.280
4711.561 966.988
4712.739 1071.004
4713.918 1186.174
4715.097 1193.684
4716.276 1072.747
4717.455 976.357
4718.633 952.614
4719.812 917.192
4720.991 905.728
4722.170 898.083
4723.349 898.848
4724.528 885.242
4725.706 867.315
4726.885 881.347
4728.064 877.896
4729.243 857.572
4730.422 876.200
4731.600 897.992
4732.779 884.150
4733.958 829.871
4735.137 846.798
4736.316 854.345
4737.495 852.276
4738.673 833.393
4739.852 814.032
4741.031 853.420
4742.210 984.172
4743.389 1018.203
4744.567 944.950
4745.746 822.608
4746.925 818.984
4748.104 797.262
4749.283 781.748
4750.462 843.878
4751.640 807.168
4752.819 805.107
4753.998 829.686
4755.177 790.981
4756.356 845.081
4757.534 831.126
4758.713 843.896
4759.892 827.712
4761.071 815.803
4762.250 792.140
4763.429 788.604
4764.607 776.708
4765.786 790.853
4766.965 795.923
4768.144 769.434
4769.323 783.192
4770.501 804.411
4771.680 778.928
4772.859 830.675
4774.038 907.630
4775.217 847.893
4776.396 770.576
4777.574 784.408
4778.753 794.543
4779.932 798.091
4781.111 812.303
4782.290 797.731
4783.468 787.259
4784.647 799.917
4785.826 781.237
4787.005 789.278
4788.184 845.954
4789.363 823.380
4790.541 806.651
4791.720 813.999
4792.899 803.474
4794.078 762.754
4795.257 794.381
4796.435 808.051
4797.614 775.863
4798.793 773.102
4799.972 761.105
4801.151 771.250
4802.330 797.728
4803.508 833.101
4804.687 789.885
4805.866 765.571
4807.045 804.130
4808.224 799.184
4809.402 811.676
4810.581 808.427
4811.760 698.694
4812.939 748.593
4814.118 810.061
4815.296 823.167
4816.475 841.389
4817.654 773.948
4818.833 804.562
4820.012 807.626
4821.191 813.582
4822.369 816.170
4823.548 739.720
4824.727 773.216
4825.906 810.899
4827.085 810.921
4828.263 816.180
4829.442 796.222
4830.621 818.168
4831.800 829.445
4832.979 824.425
4834.158 791.506
4835.336 774.910
4836.515 819.382
4837.694 818.264
4838.873 806.232
4840.052 828.353
4841.230 769.365
4842.409 751.737
4843.588 764.786
4844.767 805.331
4845.946 775.063
4847.125 774.154
4848.303 806.586
4849.482 767.148
4850.661 760.930
4851.840 794.566
4853.019 834.979
4854.197 920.415
4855.376 868.209
4856.555 963.420
4857.734 1013.161
4858.913 964.746
4860.092 1092.346
4861.270 1072.876
4862.449 4711.113
4863.628 13854.670
4864.807 16396.158
4865.986 7809.015
4867.164 1752.215
4868.343 1040.367
4869.522 986.467
4870.701 955.461
4871.880 959.473
4873.059 865.930
4874.237 860.734
4875.416 869.921
4876.595 848.343
4877.774 819.313
4878.953 753.151
4880.131 794.616
4881.310 844.441
4882.489 834.374
4883.668 791.379
4884.847 846.975
4886.026 755.972
4887.204 789.863
4888.383 758.109
4889.562 732.939
4890.741 809.847
4891.920 785.520
4893.098 731.137
4894.277 754.881
4895.456 757.545
4896.635 741.681
4897.814 758.151
4898.993 750.772
4900.171 737.470
4901.350 697.781
4902.529 749.271
4903.708 762.494
4904.887 764.534
4906.065 782.671
4907.244 757.221
4908.423 724.124
4909.602 768.214
4910.781 744.114
4911.960 743.626
4913.138 754.008
4914.317 748.395
4915.496 741.106
4916.675 743.701
4917.854 758.262
4919.032 815.123
4920.211 938.625
4921.390 847.988
4922.569 725.295
4923.748 863.114
4924.927 921.524
4926.105 850.219
4927.284 798.988
4928.463 749.052
4929.642 742.318
4930.821 762.452
4931.999 758.560
4933.178 753.537
4934.357 780.763
4935.536 777.299
4936.715 772.081
4937.894 778.742
4939.072 728.652
4940.251 712.742
4941.430 709.010
4942.609 741.786
4943.788 797.456
4944.966 766.685
4946.145 715.393
4947.324 768.496
4948.503 777.618
4949.682 759.337
4950.861 753.060
4952.039 756.697
4953.218 793.895
4954.397 758.920
4955.576 759.958
4956.755 738.523
4957.933 883.068
4959.112 733.540
4960.291 10683.329
4961.470 31240.407
4962.649 30260.299
4963.828 13155.880
4965.006 1239.144
4966.185 1187.417
4967.364 788.280
4968.543 853.561
4969.722 814.484
4970.900 752.254
4972.079 766.137
4973.258 748.720
4974.437 774.366
4975.616 763.686
4976.794 789.148
4977.973 739.921
4979.152 750.368
4980.331 779.343
4981.510 790.779
4982.689 744.743
4983.867 709.616
4985.046 689.006
4986.225 732.856
4987.404 782.157
4988.583 757.767
4989.761 774.516
4990.940 809.359
4992.119 768.331
4993.298 759.827
4994.477 791.731
4995.656 767.843
4996.834 760.906
4998.013 767.505
4999.192 782.099
5000.371 762.647
5001.550 776.934
5002.728 754.096
5003.907 759.666
5005.086 826.915
5006.265 1025.702
5007.444 3391.874
5008.623 52494.001
5009.801 95084.143
5010.980 78463.906
5012.159 18692.516
5013.338 1119.910
5014.517 1595.059
5015.695 581.474
5016.874 834.059
5018.053 996.774
5019.232 1074.446
5020.411 873.401
5021.590 715.616
5022.768 729.217
5023.947 713.342
5025.126 675.070
5026.305 686.251
5027.484 696.257
5028.662 695.509
5029.841 695.137
5031.020 692.210
5032.199 671.209
5033.378 732.676
5034.557 713.492
5035.735 668.521
5036.914 683.215
5038.093 647.991
5039.272 667.053
5040.451 636.995
5041.629 683.615
5042.808 725.398
5043.987 681.232
5045.166 679.999
5046.345 661.975
5047.524 642.903
5048.702 746.245
5049.881 874.689
5051.060 750.465
5052.239 662.006
5053.418 674.782
5054.596 661.999
5055.775 684.093
5056.954 657.060
5058.133 657.570
5059.312 697.816
5060.491 668.246
5061.669 658.915
5062.848 669.848
5064.027 646.102
5065.206 642.834
5066.385 699.354
5067.563 633.735
5068.742 676.714
5069.921 644.787
5071.100 647.692
5072.279 644.084
5073.458 656.729
5074.636 664.036
5075.815 656.419
5076.994 637.675
5078.173 605.647
5079.352 614.129
5080.530 645.095
5081.709 612.850
5082.888 665.641
5084.067 630.159
5085.246 620.555
5086.425 691.364
5087.603 649.880
5088.782 650.886
5089.961 690.188
5091.140 695.820
5092.319 700.665
5093.497 675.273
5094.676 595.798
5095.855 621.292
5097.034 632.498
5098.213 609.170
5099.392 606.285
5100.570 636.791
5101.749 645.240
5102.928 621.616
5104.107 622.469
5105.286 634.985
5106.464 646.520
5107.643 624.943
5108.822 638.266
5110.001 629.130
5111.180 604.022
5112.359 596.317
5113.537 604.291
5114.716 612.331
5115.895 629.153
5117.074 652.451
5118.253 655.830
5119.431 638.653
5120.610 638.530
5121.789 644.501
5122.968 610.278
5124.147 605.209
5125.326 598.441
5126.504 616.957
5127.683 591.774
5128.862 647.669
5130.041 589.220
5131.220 596.511
5132.398 612.649
5133.577 653.529
5134.756 641.219
5135.935 641.906
5137.114 644.220
5138.292 636.062
5139.471 630.852
5140.650 632.964
5141.829 639.581
5143.008 610.402
5144.187 599.416
5145.365 619.946
5146.544 621.935
5147.723 639.857
5148.902 644.256
5150.081 637.358
5151.259 669.288
5152.438 657.725
5153.617 670.387
5154.796 652.797
5155.975 605.556
5157.154 573.266
5158.332 608.677
5159.511 665.508
5160.690 613.599
5161.869 639.091
5163.048 609.202
5164.226 599.714
5165.405 618.951
5166.584 597.679
5167.763 585.099
5168.942 596.720
5170.121 608.833
5171.299 596.705
5172.478 554.574
5173.657 579.024
5174.836 612.914
5176.015 588.811
5177.193 593.265
5178.372 616.771
5179.551 586.605
5180.730 547.040
5181.909 585.001
5183.088 633.280
5184.266 574.186
5185.445 614.017
5186.624 580.788
5187.803 638.118
5188.982 639.220
5190.160 617.004
5191.339 582.558
5192.518 588.785
5193.697 621.714
5194.876 603.680
5196.055 694.989
5197.233 945.777
5198.412 1175.304
5199.591 1135.818
5200.770 964.932
5201.949 812.895
5203.127 675.117
5204.306 651.842
5205.485 612.300
5206.664 611.436
5207.843 581.010
5209.022 616.824
5210.200 587.232
5211.379 617.917
5212.558 584.251
5213.737 592.129
5214.916 581.936
5216.094 553.530
5217.273 578.433
5218.452 569.633
5219.631 610.650
5220.810 579.458
5221.989 601.811
5223.167 606.756
5224.346 603.866
5225.525 614.338
5226.704 584.586
5227.883 553.981
5229.061 569.472
5230.240 592.217
5231.419 585.859
5232.598 600.472
5233.777 597.015
5234.956 618.459
5236.134 557.484
5237.313 573.273
5238.492 598.885
5239.671 640.487
5240.850 612.811
5242.028 593.142
5243.207 581.905
5244.386 539.730
5245.565 577.787
5246.744 602.655
5247.923 558.468
5249.101 588.525
5250.280 619.948
5251.459 598.378
5252.638 601.903
5253.817 616.859
5254.995 579.293
5256.174 601.818
5257.353 668.891
5258.532 609.752
5259.711 595.852
5260.890 555.369
5262.068 544.577
5263.247 537.876
5264.426 520.384
5265.605 509.202
5266.784 527.675
5267.962 527.736
5269.141 522.300
5270.320 548.698
5271.499 580.656
5272.678 555.659
5273.857 652.907
5275.035 734.174
5276.214 761.890
5277.393 660.594
5278.572 539.231
5279.751 567.843
5280.929 568.665
5282.108 552.771
5283.287 561.664
5284.466 565.378
5285.645 568.119
5286.824 554.970
5288.002 579.175
5289.181 580.851
5290.360 572.826
5291.539 576.889
5292.718 567.761
5293.896 549.330
5295.075 539.676
5296.254 568.761
5297.433 551.896
5298.612 556.227
5299.790 584.578
5300.969 557.476
5302.148 552.328
5303.327 558.868
5304.506 530.874
5305.685 549.681
5306.863 573.756
5308.042 566.616
5309.221 585.603
5310.400 568.710
5311.579 527.393
5312.757 599.500
5313.936 561.596
5315.115 556.422
5316.294 528.493
5317.473 552.281
5318.652 573.157
5319.830 573.031
5321.009 555.328
5322.188 554.874
5323.367 561.141
5324.546 561.681
5325.724 524.979
5326.903 586.580
5328.082 714.683
5329.261 702.028
5330.440 656.305
5331.619 657.238
5332.797 595.253
5333.976 558.724
5335.155 546.612
5336.334 515.501
5337.513 548.762
5338.691 602.546
5339.870 562.972
5341.049 554.659
5342.228 567.382
5343.407 564.053
5344.586 553.734
5345.764 556.699
5346.943 552.266
5348.122 512.026
5349.301 491.356
5350.480 509.984
5351.658 540.564
5352.837 545.357
5354.016 529.530
5355.195 532.742
5356.374 513.898
5357.553 535.767
5358.731 507.536
5359.910 508.333
5361.089 540.356
5362.268 511.541
5363.447 524.772
5364.625 487.764
5365.804 498.890
5366.983 525.162
5368.162 500.617
5369.341 509.653
5370.520 557.565
5371.698 514.277
5372.877 492.428
5374.056 529.026
5375.235 531.782
5376.414 514.634
5377.592 527.878
5378.771 543.250
5379.950 501.163
5381.129 509.624
5382.308 503.783
5383.487 495.812
5384.665 526.517
5385.844 491.009
5387.023 489.708
5388.202 516.634
5389.381 528.391
5390.559 513.144
5391.738 520.729
5392.917 512.314
5394.096 512.186
5395.275 512.966
5396.454 497.567
5397.632 495.013
5398.811 529.360
5399.990 522.054
5401.169 489.237
5402.348 524.590
5403.526 516.373
5404.705 542.770
5405.884 540.904
5407.063 580.397
5408.242 573.260
5409.421 615.374
5410.599 640.776
5411.778 615.804
5412.957 645.548
5414.136 671.906
5415.315 661.872
5416.493 658.564
5417.672 629.032
5418.851 607.742
5420.030 633.104
5421.209 637.179
5422.388 633.725
5423.566 615.077
5424.745 572.364
5425.924 600.312
5427.103 586.521
5428.282 568.195
5429.460 529.822
5430.639 529.331
5431.818 536.787
5432.997 532.418
5434.176 528.658
5435.355 540.471
5436.533 549.797
5437.712 568.460
5438.891 515.464
5440.070 491.619
5441.249 518.389
5442.427 488.462
5443.606 456.804
5444.785 487.813
5445.964 507.269
5447.143 488.030
5448.322 493.397
5449.500 481.090
5450.679 486.074
5451.858 643.604
5453.037 688.754
5454.216 559.223
5455.394 483.390
5456.573 470.033
5457.752 478.451
5458.931 445.869
5460.110 478.274
5461.288 466.420
5462.467 455.066
5463.646 479.431
5464.825 438.433
5466.004 455.092
5467.183 492.080
5468.361 444.024
5469.540 461.943
5470.719 492.487
5471.898 492.918
5473.077 483.676
5474.255 483.626
5475.434 462.154
5476.613 478.106
5477.792 465.517
5478.971 473.554
5480.150 508.105
5481.328 500.942
5482.507 490.821
5483.686 465.440
5484.865 447.306
5486.044 474.968
5487.222 465.492
5488.401 471.213
5489.580 487.838
5490.759 459.522
5491.938 498.212
5493.117 472.792
5494.295 485.855
5495.474 450.971
5496.653 449.630
5497.832 473.168
5499.011 463.137
5500.189 473.916
5501.368 475.672
5502.547 471.948
5503.726 455.442
5504.905 494.835
5506.084 487.828
5507.262 467.894
5508.441 484.629
5509.620 456.314
5510.799 445.105
5511.978 466.140
5513.156 464.482
5514.335 474.644
5515.514 462.905
5516.693 501.268
5517.872 454.316
5519.051 476.933
5520.229 525.422
5521.408 522.755
5522.587 480.754
5523.766 457.490
5524.945 427.475
5526.123 466.150
5527.302 468.548
5528.481 430.288
5529.660 430.255
5530.839 450.765
5532.018 453.594
5533.196 448.509
5534.375 477.896
5535.554 453.233
5536.733 462.884
5537.912 451.726
5539.090 451.413
5540.269 484.516
5541.448 492.350
5542.627 495.732
5543.806 478.749
5544.985 466.441
5546.163 457.593
5547.342 461.671
5548.521 438.353
5549.700 453.685
5550.879 486.933
5552.057 456.433
5553.236 440.819
5554.415 452.370
5555.594 455.767
5556.773 464.868
5557.952 468.318
5559.130 436.057
5560.309 490.192
5561.488 455.479
5562.667 454.168
5563.846 496.764
5565.024 550.842
5566.203 487.868
5567.382 457.647
5568.561 442.323
5569.740 486.191
5570.919 473.593
5572.097 398.370
5573.276 536.163
5574.455 239.890
5575.634 2500.423
5576.813 9382.554
5577.991 11306.959
5579.170 6580.081
5580.349 917.845
5581.528 471.328
5582.707 490.657
5583.886 461.579
5585.064 440.418
5586.243 431.059
5587.422 437.363
5588.601 465.498
5589.780 471.304
5590.958 445.719
5592.137 434.797
5593.316 431.909
5594.495 424.206
5595.674 425.471
5596.853 434.303
5598.031 452.429
5599.210 465.546
5600.389 426.095
5601.568 439.245
5602.747 465.169
5603.925 445.254
5605.104 491.225
5606.283 505.193
5607.462 468.524
5608.641 426.577
5609.820 438.168
5610.998 444.346
5612.177 411.010
5613.356 420.452
5614.535 447.631
5615.714 450.259
5616.892 455.194
5618.071 437.031
5619.250 409.297
5620.429 405.461
5621.608 478.745
5622.786 444.202
5623.965 467.636
5625.144 467.036
5626.323 448.178
5627.502 444.123
5628.681 439.779
5629.859 427.080
5631.038 440.086
5632.217 439.673
5633.396 434.857
5634.575 448.466
5635.753 435.443
5636.932 429.626
5638.111 425.076
5639.290 419.348
5640.469 454.444
5641.648 444.745
5642.826 406.920
5644.005 409.701
5645.184 489.371
5646.363 489.401
5647.542 442.962
5648.720 417.884
5649.899 421.021
5651.078 430.840
5652.257 425.150
5653.436 426.217
5654.615 438.632
5655.793 430.524
5656.972 424.719
5658.151 446.011
5659.330 447.816
5660.509 445.444
5661.687 436.133
5662.866 430.518
5664.045 439.530
5665.224 428.354
5666.403 426.677
5667.582 427.208
5668.760 443.032
5669.939 432.391
5671.118 436.110
5672.297 437.075
5673.476 436.659
5674.654 442.422
5675.833 422.584
5677.012 436.520
5678.191 444.357
5679.370 416.360
5680.549 421.196
5681.727 415.683
5682.906 473.442
5684.085 452.158
5685.264 431.692
5686.443 463.156
5687.621 452.852
5688.800 437.942
5689.979 434.307
5691.158 418.992
5692.337 431.426
5693.516 435.343
5694.694 431.041
5695.873 443.767
5697.052 429.941
5698.231 440.921
5699.410 415.472
5700.588 446.330
5701.767 435.687
5702.946 436.541
5704.125 437.211
5705.304 437.831
5706.483 414.627
5707.661 477.450
5708.840 480.838
5710.019 433.364
5711.198 436.249
5712.377 428.443
5713.555 420.532
5714.734 421.842
5715.913 413.558
5717.092 454.239
5718.271 437.115
5719.450 419.849
5720.628 433.631
5721.807 451.242
5722.986 438.421
5724.165 427.614
5725.344 423.759
5726.522 424.672
5727.701 431.040
5728.880 417.573
5730.059 421.730
5731.238 412.877
5732.417 399.917
5733.595 424.108
5734.774 441.184
5735.953 437.250
5737.132 429.982
5738.311 440.401
5739.489 401.119
5740.668 402.270
5741.847 401.469
5743.026 434.662
5744.205 395.501
5745.384 406.813
5746.562 377.829
5747.741 400.967
5748.920 400.348
5750.099 395.853
5751.278 412.529
5752.456 420.507
5753.635 421.969
5754.814 402.287
5755.993 395.629
5757.172 397.782
5758.351 460.445
5759.529 432.402
5760.708 418.293
5761.887 388.073
5763.066 442.343
5764.245 427.938
5765.423 402.200
5766.602 434.242
5767.781 411.531
5768.960 389.935
5770.139 404.853
5771.318 396.992
5772.496 387.697
5773.675 409.696
5774.854 412.062
5776.033 406.902
5777.212 455.431
5778.390 411.360
5779.569 406.976
5780.748 416.490
5781.927 407.861
5783.106 415.110
5784.284 443.105
5785.463 418.496
5786.642 419.051
5787.821 423.682
5789.000 406.402
5790.179 413.562
5791.357 441.949
5792.536 430.157
5793.715 406.742
5794.894 434.201
5796.073 428.801
5797.251 418.723
5798.430 461.698
5799.609 425.696
5800.788 478.960
5801.967 462.659
5803.146 450.453
5804.324 454.047
5805.503 416.992
5806.682 427.536
5807.861 464.339
5809.040 439.852
5810.218 438.473
5811.397 454.794
5812.576 431.295
5813.755 445.540
5814.934 421.841
5816.113 427.919
5817.291 412.537
5818.470 434.650
5819.649 415.633
5820.828 444.943
5822.007 411.982
5823.185 436.767
5824.364 447.656
5825.543 427.018
5826.722 426.492
5827.901 409.711
5829.080 406.073
5830.258 424.362
5831.437 398.582
5832.616 386.008
5833.795 411.800
5834.974 410.560
5836.152 431.466
5837.331 415.404
5838.510 397.313
5839.689 376.551
5840.868 393.099
5842.047 388.972
5843.225 408.713
5844.404 403.449
5845.583 420.127
5846.762 437.414
5847.941 411.601
5849.119 422.894
5850.298 430.286
5851.477 391.164
5852.656 403.342
5853.835 421.937
5855.014 402.514
5856.192 390.209
5857.371 375.456
5858.550 392.905
5859.729 391.701
5860.908 393.311
5862.086 389.894
5863.265 391.685
5864.444 445.155
5865.623 500.678
5866.802 524.536
5867.981 531.681
5869.159 509.723
5870.338 465.538
5871.517 426.323
5872.696 472.846
5873.875 501.042
5875.053 462.667
5876.232 470.702
5877.411 812.363
5878.590 1367.174
5879.769 1585.756
5880.948 1000.584
5882.126 515.582
5883.305 468.882
5884.484 441.998
5885.663 444.110
5886.842 486.283
5888.020 783.735
5889.199 1444.955
5890.378 1589.501
5891.557 1117.099
5892.736 593.146
5893.915 575.691
5895.093 966.380
5896.272 1160.095
5897.451 815.349
5898.630 548.292
5899.809 419.863
5900.987 417.979
5902.166 427.236
5903.345 409.486
5904.524 419.979
5905.703 420.214
5906.882 448.599
5908.060 437.572
5909.239 377.738
5910.418 417.616
5911.597 387.031
5912.776 400.302
5913.954 464.115
5915.133 541.167
5916.312 528.275
5917.491 449.034
5918.670 415.657
5919.849 398.252
5921.027 364.819
5922.206 373.378
5923.385 403.508
5924.564 438.607
5925.743 454.577
5926.921 396.013
5928.100 383.516
5929.279 408.560
5930.458 395.025
5931.637 469.752
5932.815 550.826
5933.994 535.227
5935.173 440.539
5936.352 388.033
5937.531 392.486
5938.710 365.034
5939.888 355.936
5941.067 389.017
5942.246 393.835
5943.425 385.426
5944.604 386.430
5945.782 423.802
5946.961 390.370
5948.140 383.015
5949.319 379.982
5950.498 377.368
5951.677 410.821
5952.855 466.676
5954.034 493.148
5955.213 443.405
5956.392 412.152
5957.571 421.199
5958.749 398.205
5959.928 399.473
5961.107 407.146
5962.286 370.820
5963.465 353.878
5964.644 374.647
5965.822 354.759
5967.001 382.807
5968.180 398.329
5969.359 393.602
5970.538 399.083
5971.716 405.334
5972.895 405.369
5974.074 405.406
