3561.035 929.935
3562.213 1338.326
3563.392 769.396
3564.571 1089.827
3565.750 1728.742
3566.929 876.535
3568.108 1612.027
3569.286 1291.571
3570.465 1070.826
3571.644 1420.778
3572.823 473.404
3574.002 1032.865
3575.180 1051.762
3576.359 1182.351
3577.538 1318.815
3578.717 781.155
3579.896 743.906
3581.075 818.361
3582.253 1155.778
3583.432 856.042
3584.611 1204.102
3585.790 994.424
3586.969 841.233
3588.147 926.672
3589.326 1239.385
3590.505 821.856
3591.684 647.406
3592.863 1218.536
3594.042 1459.025
3595.220 893.971
3596.399 1354.665
3597.578 683.857
3598.757 1128.122
3599.936 1073.685
3601.114 1368.247
3602.293 1113.790
3603.472 1076.910
3604.651 1143.097
3605.830 734.924
3607.009 1303.028
3608.187 560.952
3609.366 904.106
3610.545 1393.457
3611.724 672.866
3612.903 960.733
3614.081 1023.152
3615.260 1937.585
3616.439 1265.490
3617.618 1538.331
3618.797 1047.578
3619.976 1110.143
3621.154 1217.024
3622.333 1779.422
3623.512 1149.395
3624.691 1451.269
3625.870 1051.970
3627.048 1304.937
3628.227 1512.160
3629.406 1405.951
3630.585 1273.156
3631.764 1323.154
3632.943 1058.623
3634.121 1049.440
3635.300 1476.257
3636.479 1482.173
3637.658 1846.931
3638.837 1892.401
3640.015 1634.369
3641.194 1426.021
3642.373 1025.414
3643.552 1216.007
3644.731 1232.983
3645.910 1033.700
3647.088 1153.521
3648.267 997.439
3649.446 1151.924
3650.625 1476.458
3651.804 1083.686
3652.982 1294.024
3654.161 1056.689
3655.340 1422.975
3656.519 1230.375
3657.698 1229.359
3658.877 1176.869
3660.055 1046.888
3661.234 1146.276
3662.413 1138.536
3663.592 1390.382
3664.771 1054.919
3665.949 1148.989
3667.128 1296.478
3668.307 850.390
3669.486 1045.991
3670.665 1360.546
3671.844 1111.516
3673.022 748.948
3674.201 1422.828
3675.380 1138.912
3676.559 949.411
3677.738 1024.034
3678.916 997.805
3680.095 876.065
3681.274 1039.536
3682.453 1146.824
3683.632 948.428
3684.811 1053.884
3685.989 980.349
3687.168 1101.569
3688.347 1277.021
3689.526 1168.458
3690.705 910.941
3691.883 621.413
3693.062 852.428
3694.241 1139.808
3695.420 838.480
3696.599 1005.638
3697.777 1420.301
3698.956 1442.096
3700.135 1557.687
3701.314 1576.294
3702.493 1356.419
3703.672 1249.142
3704.850 1409.372
3706.029 1671.046
3707.208 1811.025
3708.387 1184.997
3709.566 1229.189
3710.744 934.178
3711.923 1131.388
3713.102 1372.205
3714.281 1617.311
3715.460 1278.133
3716.639 1162.093
3717.817 1527.614
3718.996 1202.305
3720.175 956.614
3721.354 1000.348
3722.533 1001.206
3723.711 1573.952
3724.890 2130.801
3726.069 2933.750
3727.248 6445.459
3728.427 9832.069
3729.606 11730.572
3730.784 13392.263
3731.963 10923.824
3733.142 4296.996
3734.321 1696.685
3735.500 1666.233
3736.678 1844.653
3737.857 1316.895
3739.036 1281.927
3740.215 1557.723
3741.394 1514.861
3742.573 1369.799
3743.751 1252.996
3744.930 985.924
3746.109 1284.879
3747.288 1245.916
3748.467 934.231
3749.645 1336.128
3750.824 1319.723
3752.003 1679.612
3753.182 1715.690
3754.361 1407.160
3755.540 970.107
3756.718 1242.631
3757.897 1230.635
3759.076 979.773
3760.255 1162.190
3761.434 1000.686
3762.612 1261.977
3763.791 1099.474
3764.970 1157.527
3766.149 939.446
3767.328 986.286
3768.507 1096.252
3769.685 852.532
3770.864 1085.528
3772.043 1731.024
3773.222 2115.467
3774.401 1679.816
3775.579 1141.908
3776.758 1029.891
3777.937 1131.942
3779.116 1211.358
3780.295 1177.393
3781.474 1283.165
3782.652 1177.583
3783.831 1358.818
3785.010 1419.061
3786.189 1236.843
3787.368 1454.140
3788.546 1259.716
3789.725 1252.814
3790.904 1061.768
3792.083 1242.678
3793.262 1267.376
3794.441 1037.790
3795.619 1292.166
3796.798 1180.468
3797.977 1195.625
3799.156 1601.353
3800.335 2001.595
3801.513 1813.100
3802.692 1224.127
3803.871 970.380
3805.050 967.157
3806.229 1175.168
3807.408 1119.382
3808.586 1076.897
3809.765 1146.323
3810.944 1233.753
3812.123 1042.569
3813.302 1246.607
3814.480 1357.087
3815.659 1349.600
3816.838 1373.177
3818.017 1217.951
3819.196 1292.515
3820.375 1252.487
3821.553 1539.413
3822.732 1452.805
3823.911 1284.177
3825.090 1221.206
3826.269 1080.711
3827.447 980.602
3828.626 1207.352
3829.805 1339.734
3830.984 1102.538
3832.163 1008.502
3833.342 1046.015
3834.520 1095.520
3835.699 1174.796
3836.878 2320.870
3838.057 2730.444
3839.236 1951.699
3840.414 1099.010
3841.593 1080.496
3842.772 994.606
3843.951 1053.535
3845.130 1185.231
3846.309 1240.069
3847.487 1031.442
3848.666 1369.009
3849.845 1261.407
3851.024 1071.639
3852.203 1301.113
3853.381 1030.765
3854.560 1374.346
3855.739 1162.417
3856.918 1239.464
3858.097 1332.679
3859.275 1110.783
3860.454 1261.413
3861.633 1129.087
3862.812 1095.142
3863.991 1175.020
3865.170 1321.945
3866.348 1193.730
3867.527 1292.785
3868.706 1798.306
3869.885 7072.932
3871.064 11754.423
3872.242 9249.249
3873.421 2551.654
3874.600 1062.157
3875.779 1190.332
3876.958 1071.773
3878.137 1045.545
3879.315 938.606
3880.494 999.791
3881.673 1060.108
3882.852 991.491
3884.031 797.387
3885.209 950.134
3886.388 831.506
3887.567 826.554
3888.746 981.101
3889.925 3091.242
3891.104 5304.064
3892.282 4310.752
3893.461 1665.297
3894.640 901.147
3895.819 889.100
3896.998 981.203
3898.176 896.061
3899.355 1016.562
3900.534 1078.501
3901.713 1040.967
3902.892 1083.643
3904.071 1157.582
3905.249 1010.355
3906.428 1216.325
3907.607 1276.161
3908.786 1236.054
3909.965 1174.849
3911.143 1248.687
3912.322 1277.495
3913.501 1257.512
3914.680 1211.262
3915.859 1249.239
3917.038 1252.117
3918.216 1201.476
3919.395 1140.073
3920.574 1100.191
3921.753 1126.322
3922.932 1119.803
3924.110 1111.852
3925.289 1049.490
3926.468 1031.629
3927.647 1126.431
3928.826 986.521
3930.005 888.206
3931.183 885.121
3932.362 946.057
3933.541 865.716
3934.720 771.183
3935.899 764.775
3937.077 760.052
3938.256 842.282
3939.435 992.398
3940.614 1001.536
3941.793 1012.110
3942.972 1053.936
3944.150 1004.941
3945.329 1120.677
3946.508 1233.837
3947.687 1253.005
3948.866 1155.038
3950.044 1115.610
3951.223 1084.875
3952.402 1037.212
3953.581 1084.293
3954.760 1050.136
3955.939 1139.422
3957.117 1065.635
3958.296 918.988
3959.475 912.739
3960.654 961.585
3961.833 997.103
3963.011 875.741
3964.190 817.379
3965.369 672.020
3966.548 802.223
3967.727 1063.740
3968.906 2475.184
3970.084 3313.676
3971.263 3923.995
3972.442 4039.591
3973.621 3207.497
3974.800 1122.312
3975.978 774.907
3977.157 740.872
3978.336 832.728
3979.515 917.867
3980.694 1007.276
3981.873 970.580
3983.051 915.408
3984.230 932.410
3985.409 1058.857
3986.588 1052.555
3987.767 1074.971
3988.945 1028.811
3990.124 1072.436
3991.303 1101.087
3992.482 934.051
3993.661 1055.598
3994.840 1088.138
3996.018 1100.398
3997.197 1055.990
3998.376 1010.501
3999.555 1075.429
4000.734 1125.798
4001.912 1094.696
4003.091 1049.359
4004.270 1162.364
4005.449 1186.678
4006.628 1060.559
4007.807 974.459
4008.985 1156.521
4010.164 1115.539
4011.343 1135.394
4012.522 1274.499
4013.701 1068.388
4014.879 1165.024
4016.058 1232.720
4017.237 1088.549
4018.416 1022.880
4019.595 1116.350
4020.773 1143.041
4021.952 1091.132
4023.131 1254.790
4024.310 1078.005
4025.489 1105.749
4026.668 1151.366
4027.846 1237.826
4029.025 1443.851
4030.204 1277.121
4031.383 1118.414
4032.562 1078.159
4033.740 999.089
4034.919 1137.287
4036.098 1199.406
4037.277 1128.627
4038.456 1087.688
4039.635 1207.965
4040.813 1155.414
4041.992 1104.346
4043.171 1156.653
4044.350 1206.637
4045.529 1113.986
4046.707 1123.360
4047.886 1085.684
4049.065 1113.090
4050.244 1098.551
4051.423 1084.169
4052.602 1142.845
4053.780 1103.327
4054.959 1078.905
4056.138 1001.580
4057.317 957.061
4058.496 1173.834
4059.674 945.002
4060.853 1085.191
4062.032 1106.332
4063.211 1069.410
4064.390 1109.743
4065.569 1046.212
4066.747 1029.787
4067.926 1114.239
4069.105 1113.457
4070.284 1204.584
4071.463 1226.110
4072.641 1229.209
4073.820 1085.517
4074.999 997.065
4076.178 1065.013
4077.357 981.122
4078.536 1077.288
4079.714 905.339
4080.893 1052.628
4082.072 1056.307
4083.251 1005.611
4084.430 984.583
4085.608 1044.324
4086.787 1027.204
4087.966 930.226
4089.145 987.782
4090.324 1014.005
4091.503 910.647
4092.681 903.261
4093.860 852.782
4095.039 905.269
4096.218 910.527
4097.397 899.001
4098.575 861.221
4099.754 772.402
4100.933 861.413
4102.112 1080.958
4103.291 3681.372
4104.470 5016.905
4105.648 3453.455
4106.827 1137.777
4108.006 857.329
4109.185 808.564
4110.364 844.619
4111.542 818.934
4112.721 753.237
4113.900 811.245
4115.079 870.012
4116.258 949.017
4117.437 872.440
4118.615 879.982
4119.794 892.051
4120.973 922.550
4122.152 917.681
4123.331 940.593
4124.509 965.954
4125.688 1001.907
4126.867 878.547
4128.046 958.524
4129.225 959.451
4130.404 888.299
4131.582 922.006
4132.761 880.862
4133.940 931.249
4135.119 928.945
4136.298 944.435
4137.476 969.527
4138.655 925.957
4139.834 939.388
4141.013 927.727
4142.192 935.037
4143.371 976.566
4144.549 890.159
4145.728 982.850
4146.907 870.472
4148.086 884.769
4149.265 918.309
4150.443 870.187
4151.622 925.117
4152.801 871.636
4153.980 874.679
4155.159 901.043
4156.338 1000.402
4157.516 1003.100
4158.695 956.297
4159.874 939.497
4161.053 988.952
4162.232 988.085
4163.410 1028.377
4164.589 993.499
4165.768 1011.703
4166.947 954.780
4168.126 1005.250
4169.305 1034.568
4170.483 997.278
4171.662 966.469
4172.841 959.382
4174.020 893.253
4175.199 900.439
4176.377 842.804
4177.556 850.150
4178.735 934.031
4179.914 950.088
4181.093 948.779
4182.271 879.745
4183.450 914.529
4184.629 855.121
4185.808 863.548
4186.987 845.605
4188.166 914.157
4189.344 926.769
4190.523 964.247
4191.702 857.393
4192.881 926.460
4194.060 848.656
4195.238 868.639
4196.417 898.225
4197.596 837.917
4198.775 809.961
4199.954 833.968
4201.133 824.482
4202.311 831.733
4203.490 835.664
4204.669 749.944
4205.848 840.074
4207.027 831.262
4208.205 789.982
4209.384 894.298
4210.563 912.229
4211.742 865.741
4212.921 843.810
4214.100 789.790
4215.278 857.258
4216.457 896.111
4217.636 817.482
4218.815 827.004
4219.994 811.095
4221.172 863.781
4222.351 816.444
4223.530 828.511
4224.709 815.281
4225.888 827.135
4227.067 742.235
4228.245 734.590
4229.424 699.795
4230.603 776.454
4231.782 794.008
4232.961 934.049
4234.139 900.104
4235.318 852.755
4236.497 805.905
4237.676 809.389
4238.855 768.913
4240.034 729.577
4241.212 802.096
4242.391 751.753
4243.570 783.138
4244.749 793.452
4245.928 766.558
4247.106 831.655
4248.285 856.590
4249.464 790.010
4250.643 856.338
4251.822 796.461
4253.001 803.229
4254.179 813.196
4255.358 769.048
4256.537 812.160
4257.716 876.928
4258.895 766.933
4260.073 715.181
4261.252 760.450
4262.431 771.627
4263.610 762.417
4264.789 749.382
4265.968 866.590
4267.146 878.957
4268.325 814.206
4269.504 848.203
4270.683 743.565
4271.862 724.512
4273.040 691.488
4274.219 736.159
4275.398 757.547
4276.577 786.088
4277.756 762.912
4278.935 782.237
4280.113 830.850
4281.292 796.056
4282.471 835.898
4283.650 718.223
4284.829 752.369
4286.007 771.181
4287.186 744.369
4288.365 685.835
4289.544 695.030
4290.723 701.587
4291.902 742.891
4293.080 668.038
4294.259 759.821
4295.438 727.534
4296.617 706.359
4297.796 723.173
4298.974 704.410
4300.153 684.016
4301.332 673.162
4302.511 615.023
4303.690 655.099
4304.869 665.610
4306.047 632.107
4307.226 693.794
4308.405 699.353
4309.584 640.829
4310.763 616.010
4311.941 598.840
4313.120 675.337
4314.299 660.689
4315.478 697.615
4316.657 716.730
4317.836 769.875
4319.014 803.138
4320.193 774.280
4321.372 777.550
4322.551 708.957
4323.730 736.740
4324.908 668.168
4326.087 638.567
4327.266 657.539
4328.445 657.984
4329.624 672.268
4330.803 675.064
4331.981 686.128
4333.160 620.293
4334.339 655.421
4335.518 639.600
4336.697 632.978
4337.875 604.667
4339.054 581.298
4340.233 556.852
4341.412 2209.735
4342.591 5526.089
4343.769 6273.575
4344.948 3000.023
4346.127 644.355
4347.306 625.055
4348.485 658.516
4349.664 700.342
4350.842 609.263
4352.021 647.524
4353.200 616.520
4354.379 583.125
4355.558 609.750
4356.736 652.931
4357.915 645.121
4359.094 687.613
4360.273 686.716
4361.452 629.255
4362.631 695.394
4363.809 772.426
4364.988 1462.502
4366.167 1690.193
4367.346 1357.026
4368.525 913.144
4369.703 815.025
4370.882 754.742
4372.061 656.070
4373.240 696.617
4374.419 702.314
4375.598 730.237
4376.776 710.975
4377.955 666.665
4379.134 681.398
4380.313 749.790
4381.492 701.460
4382.670 687.020
4383.849 672.486
4385.028 663.254
4386.207 659.891
4387.386 638.305
4388.565 695.668
4389.743 720.473
4390.922 709.478
4392.101 694.874
4393.280 664.124
4394.459 714.646
4395.637 665.587
4396.816 696.688
4397.995 671.258
4399.174 707.122
4400.353 730.013
4401.532 745.112
4402.710 651.473
4403.889 684.816
4405.068 674.918
4406.247 694.952
4407.426 679.589
4408.604 691.133
4409.783 668.437
4410.962 684.401
4412.141 723.426
4413.320 729.945
4414.499 702.209
4415.677 710.372
4416.856 717.328
4418.035 696.169
4419.214 689.379
4420.393 681.476
4421.571 700.062
4422.750 690.879
4423.929 692.550
4425.108 746.424
4426.287 740.020
4427.466 673.994
4428.644 673.554
4429.823 680.147
4431.002 689.601
4432.181 751.101
4433.360 692.701
4434.538 607.678
4435.717 690.145
4436.896 689.082
4438.075 678.140
4439.254 662.344
4440.433 755.053
4441.611 672.609
4442.790 657.992
4443.969 640.273
4445.148 652.653
4446.327 647.380
4447.505 656.362
4448.684 678.769
4449.863 659.640
4451.042 708.381
4452.221 673.837
4453.400 677.103
4454.578 704.397
4455.757 658.350
4456.936 679.149
4458.115 656.379
4459.294 652.103
4460.472 664.505
4461.651 661.882
4462.830 641.825
4464.009 625.069
4465.188 644.146
4466.367 649.779
4467.545 673.113
4468.724 653.551
4469.903 638.694
4471.082 646.006
4472.261 695.525
4473.439 979.173
4474.618 1139.472
4475.797 989.733
4476.976 689.609
4478.155 685.657
4479.334 684.675
4480.512 686.226
4481.691 621.464
4482.870 628.862
4484.049 635.341
4485.228 648.293
4486.406 688.137
4487.585 687.574
4488.764 645.389
4489.943 649.920
4491.122 654.358
4492.301 682.363
4493.479 628.646
4494.658 680.986
4495.837 665.763
4497.016 669.218
4498.195 671.252
4499.373 695.120
4500.552 691.498
4501.731 624.706
4502.910 614.990
4504.089 629.265
4505.267 686.047
4506.446 679.155
4507.625 696.464
4508.804 685.806
4509.983 636.173
4511.162 638.867
4512.340 695.334
4513.519 663.938
4514.698 708.243
4515.877 651.395
4517.056 646.753
4518.234 655.681
4519.413 685.026
4520.592 674.719
4521.771 696.970
4522.950 663.237
4524.129 643.046
4525.307 674.003
4526.486 654.083
4527.665 691.041
4528.844 644.724
4530.023 691.934
4531.201 599.026
4532.380 721.431
4533.559 750.340
4534.738 682.889
4535.917 684.992
4537.096 702.700
4538.274 660.653
4539.453 653.992
4540.632 682.950
4541.811 681.201
4542.990 701.772
4544.168 683.309
4545.347 653.971
4546.526 648.861
4547.705 716.864
4548.884 681.618
4550.063 646.261
4551.241 654.105
4552.420 653.492
4553.599 650.979
4554.778 674.706
4555.957 610.906
4557.135 641.070
4558.314 630.383
4559.493 692.032
4560.672 668.475
4561.851 629.562
4563.030 675.460
4564.208 719.909
4565.387 679.946
4566.566 659.734
4567.745 679.941
4568.924 624.796
4570.102 658.861
4571.281 616.351
4572.460 638.618
4573.639 664.042
4574.818 645.834
4575.997 698.175
4577.175 710.543
4578.354 662.256
4579.533 641.810
4580.712 644.561
4581.891 649.163
4583.069 668.682
4584.248 664.143
4585.427 647.844
4586.606 659.946
4587.785 675.820
4588.964 662.354
4590.142 660.472
4591.321 680.244
4592.500 689.282
4593.679 656.423
4594.858 631.917
4596.036 634.188
4597.215 670.005
4598.394 632.828
4599.573 628.733
4600.752 652.001
4601.931 631.653
4603.109 635.323
4604.288 628.370
4605.467 649.663
4606.646 673.257
4607.825 695.712
4609.003 678.131
4610.182 673.742
4611.361 703.303
4612.540 697.074
4613.719 679.636
4614.898 653.699
4616.076 668.461
4617.255 654.293
4618.434 636.344
4619.613 624.113
4620.792 632.799
4621.970 670.383
4623.149 680.806
4624.328 665.940
4625.507 670.988
4626.686 673.697
4627.865 644.674
4629.043 702.540
4630.222 683.140
4631.401 664.957
4632.580 682.140
4633.759 651.328
4634.937 643.014
4636.116 654.126
4637.295 687.476
4638.474 678.871
4639.653 625.057
4640.832 676.430
4642.010 689.410
4643.189 652.134
4644.368 670.713
4645.547 666.234
4646.726 627.383
4647.904 673.509
4649.083 665.668
4650.262 611.656
4651.441 698.301
4652.620 620.218
4653.799 703.845
4654.977 736.829
4656.156 677.887
4657.335 651.182
4658.514 692.312
4659.693 723.914
4660.871 739.483
4662.050 711.260
4663.229 709.092
4664.408 641.501
4665.587 699.474
4666.765 648.377
4667.944 640.016
4669.123 656.243
4670.302 667.048
4671.481 631.740
4672.660 680.058
4673.838 686.582
4675.017 666.651
4676.196 665.199
4677.375 669.054
4678.554 680.848
4679.732 637.209
4680.911 670.241
4682.090 711.578
4683.269 675.878
4684.448 654.274
4685.627 702.435
4686.805 729.569
4687.984 698.717
4689.163 671.833
4690.342 692.619
4691.521 721.642
4692.699 676.963
4693.878 695.294
4695.057 685.619
4696.236 700.781
4697.415 681.209
4698.594 663.974
4699.772 681.039
4700.951 639.276
4702.130 639.052
4703.309 665.459
4704.488 685.991
4705.666 681.679
4706.845 650.051
4708.024 661.924
4709.203 683.723
4710.382 674.725
4711.561 668.441
4712.739 708.767
4713.918 765.958
4715.097 827.145
4716.276 780.308
4717.455 704.650
4718.633 689.197
4719.812 658.410
4720.991 654.848
4722.170 660.640
4723.349 653.066
4724.528 680.806
4725.706 668.495
4726.885 674.238
4728.064 704.639
4729.243 682.410
4730.422 638.338
4731.600 663.675
4732.779 672.435
4733.958 655.504
4735.137 631.929
4736.316 667.267
4737.495 703.532
4738.673 671.993
4739.852 643.627
4741.031 681.489
4742.210 749.842
4743.389 753.996
4744.567 707.880
4745.746 668.378
4746.925 670.467
4748.104 666.957
4749.283 643.565
4750.462 645.365
4751.640 623.404
4752.819 651.384
4753.998 671.528
4755.177 625.509
4756.356 681.365
4757.534 672.355
4758.713 639.428
4759.892 651.636
4761.071 707.432
4762.250 657.167
4763.429 634.505
4764.607 658.354
4765.786 636.185
4766.965 643.305
4768.144 685.476
4769.323 693.763
4770.501 665.549
4771.680 659.371
4772.859 712.105
4774.038 749.821
4775.217 696.775
4776.396 639.012
4777.574 666.032
4778.753 667.858
4779.932 650.163
4781.111 672.319
4782.290 620.354
4783.468 675.788
4784.647 676.254
4785.826 648.778
4787.005 652.868
4788.184 659.792
4789.363 639.432
4790.541 642.744
4791.720 618.919
4792.899 675.578
4794.078 657.553
4795.257 654.209
4796.435 664.998
4797.614 625.046
4798.793 662.328
4799.972 657.039
4801.151 675.880
4802.330 692.336
4803.508 649.017
4804.687 675.858
4805.866 658.710
4807.045 644.791
4808.224 650.631
4809.402 593.126
4810.581 671.149
4811.760 651.027
4812.939 615.700
4814.118 644.982
4815.296 679.656
4816.475 698.245
4817.654 690.655
4818.833 657.538
4820.012 642.100
4821.191 679.679
4822.369 711.275
4823.548 675.734
4824.727 663.133
4825.906 633.866
4827.085 606.047
4828.263 628.077
4829.442 637.872
4830.621 655.002
4831.800 665.670
4832.979 668.582
4834.158 676.448
4835.336 667.705
4836.515 645.632
4837.694 638.021
4838.873 666.308
4840.052 654.047
4841.230 624.664
4842.409 646.724
4843.588 604.814
4844.767 590.479
4845.946 647.145
4847.125 672.929
4848.303 610.222
4849.482 575.617
4850.661 617.739
4851.840 599.472
4853.019 596.902
4854.197 617.151
4855.376 603.047
4856.555 558.234
4857.734 565.367
4858.913 533.116
4860.092 611.083
4861.270 503.502
4862.449 3657.758
4863.628 9748.793
4864.807 11269.526
4865.986 5179.293
4867.164 791.615
4868.343 635.183
4869.522 596.591
4870.701 590.346
4871.880 580.405
4873.059 573.022
4874.237 568.005
4875.416 568.842
4876.595 602.548
4877.774 581.276
4878.953 578.055
4880.131 597.672
4881.310 663.498
4882.489 628.292
4883.668 621.952
4884.847 619.091
4886.026 622.672
4887.204 652.824
4888.383 620.583
4889.562 626.170
4890.741 625.223
4891.920 615.829
4893.098 576.801
4894.277 588.245
4895.456 584.492
4896.635 602.673
4897.814 630.139
4898.993 616.979
4900.171 625.512
4901.350 661.622
4902.529 611.787
4903.708 631.710
4904.887 618.020
4906.065 614.765
4907.244 649.572
4908.423 634.347
4909.602 638.196
4910.781 606.341
4911.960 600.907
4913.138 614.417
4914.317 638.421
4915.496 643.912
4916.675 613.669
4917.854 615.081
4919.032 633.992
4920.211 645.110
4921.390 569.126
4922.569 550.085
4923.748 666.331
4924.927 734.117
4926.105 676.099
4927.284 655.875
4928.463 614.210
4929.642 633.677
4930.821 627.624
4931.999 616.470
4933.178 624.183
4934.357 643.613
4935.536 561.704
4936.715 576.756
4937.894 579.815
4939.072 620.216
4940.251 614.860
4941.430 568.647
4942.609 592.327
4943.788 612.057
4944.966 648.644
4946.145 619.530
4947.324 635.116
4948.503 665.982
4949.682 622.924
4950.861 631.155
4952.039 647.351
4953.218 649.125
4954.397 642.856
4955.576 622.253
4956.755 643.181
4957.933 663.154
4959.112 748.169
4960.291 7278.632
4961.470 21248.642
4962.649 20100.400
4963.828 7931.254
4965.006 774.612
4966.185 794.427
4967.364 744.036
4968.543 699.531
4969.722 687.048
4970.900 666.149
4972.079 592.388
4973.258 627.879
4974.437 652.433
4975.616 636.461
4976.794 632.887
4977.973 646.258
4979.152 613.623
4980.331 650.896
4981.510 635.838
4982.689 624.790
4983.867 608.127
4985.046 613.776
4986.225 610.592
4987.404 655.432
4988.583 723.519
4989.761 700.746
4990.940 655.890
4992.119 642.425
4993.298 636.833
4994.477 651.858
4995.656 637.036
4996.834 630.813
4998.013 633.088
4999.192 653.960
5000.371 632.726
5001.550 573.517
5002.728 660.110
5003.907 613.212
5005.086 656.097
5006.265 910.298
5007.444 2310.893
5008.623 36836.314
5009.801 63224.271
5010.980 50395.434
5012.159 11448.054
5013.338 64.236
5014.517 1171.475
5015.695 583.421
5016.874 689.700
5018.053 761.864
5019.232 856.607
5020.411 770.304
5021.590 632.729
5022.768 604.113
5023.947 603.594
5025.126 578.936
5026.305 582.835
5027.484 598.842
5028.662 617.695
5029.841 602.485
5031.020 588.626
5032.199 600.433
5033.378 599.409
5034.557 597.682
5035.735 607.888
5036.914 632.910
5038.093 624.500
5039.272 575.676
5040.451 563.313
5041.629 581.498
5042.808 594.108
5043.987 585.013
5045.166 520.980
5046.345 556.791
5047.524 563.587
5048.702 570.890
5049.881 604.073
5051.060 609.830
5052.239 579.589
5053.418 559.745
5054.596 598.682
5055.775 607.607
5056.954 595.305
5058.133 596.392
5059.312 604.023
5060.491 588.801
5061.669 556.830
5062.848 568.928
5064.027 624.543
5065.206 592.608
5066.385 565.379
5067.563 585.707
5068.742 572.174
5069.921 590.049
5071.100 566.898
5072.279 560.121
5073.458 591.330
5074.636 603.314
5075.815 574.374
5076.994 576.760
5078.173 556.143
5079.352 536.910
5080.530 558.391
5081.709 561.761
5082.888 541.317
5084.067 534.968
5085.246 563.699
5086.425 561.944
5087.603 553.560
5088.782 609.939
5089.961 522.386
5091.140 491.435
5092.319 617.351
5093.497 562.474
5094.676 562.263
5095.855 598.003
5097.034 577.674
5098.213 543.073
5099.392 558.842
5100.570 568.454
5101.749 552.791
5102.928 565.680
5104.107 537.461
5105.286 575.643
5106.464 533.816
5107.643 596.999
5108.822 581.950
5110.001 558.309
5111.180 549.564
5112.359 579.191
5113.537 558.230
5114.716 525.973
5115.895 594.185
5117.074 624.366
5118.253 579.833
5119.431 564.714
5120.610 572.704
5121.789 581.509
5122.968 570.651
5124.147 591.253
5125.326 536.885
5126.504 566.509
5127.683 522.477
5128.862 550.348
5130.041 578.724
5131.220 553.090
5132.398 553.937
5133.577 570.733
5134.756 558.734
5135.935 539.846
5137.114 600.358
5138.292 598.801
5139.471 554.809
5140.650 528.252
5141.829 552.214
5143.008 572.403
5144.187 565.486
5145.365 548.430
5146.544 527.309
5147.723 567.822
5148.902 560.627
5150.081 541.601
5151.259 579.990
5152.438 556.158
5153.617 554.721
5154.796 546.419
5155.975 567.652
5157.154 549.913
5158.332 527.524
5159.511 579.372
5160.690 576.432
5161.869 565.391
5163.048 565.116
5164.226 585.036
5165.405 583.576
5166.584 565.910
5167.763 526.277
5168.942 529.633
5170.121 507.263
5171.299 483.075
5172.478 513.837
5173.657 515.407
5174.836 493.088
5176.015 514.472
5177.193 531.951
5178.372 542.211
5179.551 567.601
5180.730 564.187
5181.909 560.343
5183.088 552.680
5184.266 516.947
5185.445 492.892
5186.624 525.563
5187.803 554.154
5188.982 572.763
5190.160 581.187
5191.339 556.383
5192.518 557.481
5193.697 569.771
5194.876 539.622
5196.055 588.083
5197.233 918.469
5198.412 1100.096
5199.591 1050.715
5200.770 944.431
5201.949 763.505
5203.127 613.423
5204.306 576.283
5205.485 552.495
5206.664 535.569
5207.843 517.145
5209.022 541.762
5210.200 528.583
5211.379 511.959
5212.558 550.772
5213.737 547.221
5214.916 557.778
5216.094 531.674
5217.273 552.447
5218.452 546.636
5219.631 537.436
5220.810 529.421
5221.989 531.054
5223.167 598.002
5224.346 640.415
5225.525 576.741
5226.704 546.770
5227.883 524.976
5229.061 512.420
5230.240 533.098
5231.419 544.873
5232.598 551.097
5233.777 528.231
5234.956 544.179
5236.134 534.944
5237.313 525.120
5238.492 557.511
5239.671 581.768
5240.850 533.337
5242.028 542.375
5243.207 530.142
5244.386 525.832
5245.565 520.759
5246.744 539.675
5247.923 551.094
5249.101 547.061
5250.280 536.619
5251.459 527.711
5252.638 533.283
5253.817 536.847
5254.995 560.388
5256.174 584.921
5257.353 559.134
5258.532 530.202
5259.711 526.999
5260.890 552.989
5262.068 531.013
5263.247 497.183
5264.426 516.274
5265.605 490.179
5266.784 484.054
5267.962 491.486
5269.141 487.370
5270.320 478.406
5271.499 509.211
5272.678 496.608
5273.857 501.540
5275.035 530.063
5276.214 550.804
5277.393 534.452
5278.572 503.504
5279.751 508.057
5280.929 514.448
5282.108 524.853
5283.287 532.941
5284.466 503.741
5285.645 497.234
5286.824 514.901
5288.002 483.617
5289.181 522.453
5290.360 539.777
5291.539 545.252
5292.718 525.311
5293.896 559.231
5295.075 505.501
5296.254 495.862
5297.433 512.933
5298.612 540.283
5299.790 558.704
5300.969 504.043
5302.148 507.307
5303.327 515.799
5304.506 506.592
5305.685 518.356
5306.863 522.094
5308.042 538.193
5309.221 535.479
5310.400 517.083
5311.579 524.655
5312.757 547.533
5313.936 590.302
5315.115 552.861
5316.294 527.586
5317.473 539.410
5318.652 507.636
5319.830 504.051
5321.009 524.029
5322.188 540.702
5323.367 512.928
5324.546 512.713
5325.724 507.277
5326.903 520.942
5328.082 515.770
5329.261 576.899
5330.440 631.356
5331.619 586.404
5332.797 564.493
5333.976 539.899
5335.155 503.557
5336.334 522.416
5337.513 530.202
5338.691 529.507
5339.870 502.675
5341.049 495.946
5342.228 499.021
5343.407 503.375
5344.586 485.861
5345.764 496.295
5346.943 528.974
5348.122 514.287
5349.301 500.312
5350.480 488.322
5351.658 517.477
5352.837 512.432
5354.016 507.926
5355.195 522.606
5356.374 519.060
5357.553 520.817
5358.731 519.923
5359.910 519.505
5361.089 516.063
5362.268 503.661
5363.447 504.943
5364.625 487.029
5365.804 494.029
5366.983 501.642
5368.162 463.103
5369.341 505.742
5370.520 502.978
5371.698 490.098
5372.877 475.547
5374.056 456.073
5375.235 496.965
5376.414 496.736
5377.592 516.193
5378.771 543.773
5379.950 499.426
5381.129 481.021
5382.308 486.694
5383.487 473.284
5384.665 472.395
5385.844 469.514
5387.023 486.204
5388.202 497.871
5389.381 502.652
5390.559 503.105
5391.738 486.857
5392.917 501.188
5394.096 504.009
5395.275 482.128
5396.454 463.296
5397.632 470.422
5398.811 494.060
5399.990 455.009
5401.169 457.887
5402.348 480.382
5403.526 438.986
5404.705 460.985
5405.884 492.772
5407.063 470.882
5408.242 476.658
5409.421 456.498
5410.599 456.993
5411.778 459.313
5412.957 452.384
5414.136 498.620
5415.315 499.759
5416.493 485.425
5417.672 515.045
5418.851 472.986
5420.030 466.175
5421.209 532.138
5422.388 500.518
5423.566 478.684
5424.745 487.065
5425.924 475.212
5427.103 471.461
5428.282 434.988
5429.460 469.272
5430.639 504.241
5431.818 470.948
5432.997 455.204
5434.176 436.857
5435.355 483.021
5436.533 493.194
5437.712 513.643
5438.891 470.744
5440.070 443.240
5441.249 478.709
5442.427 480.570
5443.606 480.390
5444.785 466.108
5445.964 459.374
5447.143 460.264
5448.322 453.018
5449.500 448.564
5450.679 432.771
5451.858 457.096
5453.037 479.034
5454.216 472.977
5455.394 482.418
5456.573 453.011
5457.752 424.914
5458.931 459.451
5460.110 477.648
5461.288 489.697
5462.467 472.113
5463.646 463.002
5464.825 482.177
5466.004 467.594
5467.183 466.863
5468.361 462.950
5469.540 460.948
5470.719 462.964
5471.898 454.473
5473.077 467.469
5474.255 469.885
5475.434 457.477
5476.613 438.384
5477.792 448.356
5478.971 434.900
5480.150 428.580
5481.328 449.523
5482.507 472.016
5483.686 462.086
5484.865 456.650
5486.044 469.311
5487.222 474.693
5488.401 480.513
5489.580 479.611
5490.759 466.942
5491.938 472.967
5493.117 461.964
5494.295 444.166
5495.474 463.200
5496.653 451.812
5497.832 457.209
5499.011 461.537
5500.189 456.772
5501.368 448.762
5502.547 442.274
5503.726 444.941
5504.905 458.633
5506.084 465.354
5507.262 442.621
5508.441 473.961
5509.620 482.050
5510.799 460.990
5511.978 457.851
5513.156 476.776
5514.335 473.600
5515.514 456.378
5516.693 457.882
5517.872 443.745
5519.051 469.825
5520.229 464.925
5521.408 467.229
5522.587 495.261
5523.766 450.218
5524.945 466.435
5526.123 483.564
5527.302 427.152
5528.481 458.377
5529.660 454.948
5530.839 444.951
5532.018 420.219
5533.196 442.013
5534.375 470.666
5535.554 452.889
5536.733 450.424
5537.912 426.253
5539.090 423.793
5540.269 483.922
5541.448 450.042
5542.627 480.954
5543.806 499.431
5544.985 517.095
5546.163 477.685
5547.342 465.241
5548.521 451.049
5549.700 449.129
5550.879 457.470
5552.057 462.379
5553.236 459.015
5554.415 463.466
5555.594 458.812
5556.773 462.408
5557.952 469.321
5559.130 464.819
5560.309 462.471
5561.488 450.960
5562.667 461.284
5563.846 507.591
5565.024 507.124
5566.203 456.192
5567.382 460.959
5568.561 470.337
5569.740 456.618
5570.919 478.075
5572.097 438.149
5573.276 483.088
5574.455 306.491
5575.634 2910.088
5576.813 8848.882
5577.991 11624.078
5579.170 6898.607
5580.349 1236.870
5581.528 470.751
5582.707 448.922
5583.886 466.252
5585.064 488.303
5586.243 450.311
5587.422 456.526
5588.601 463.666
5589.780 483.473
5590.958 444.800
5592.137 435.046
5593.316 428.837
5594.495 441.871
5595.674 446.615
5596.853 433.763
5598.031 440.596
5599.210 446.153
5600.389 430.469
5601.568 404.440
5602.747 409.898
5603.925 461.908
5605.104 489.128
5606.283 476.801
5607.462 441.833
5608.641 457.164
5609.820 450.786
5610.998 445.482
5612.177 437.305
5613.356 420.386
5614.535 446.600
5615.714 448.577
5616.892 446.136
5618.071 428.579
5619.250 424.030
5620.429 415.429
5621.608 413.481
5622.786 481.881
5623.965 508.228
5625.144 467.497
5626.323 426.149
5627.502 447.531
5628.681 440.897
5629.859 417.470
5631.038 428.071
5632.217 444.557
5633.396 467.031
5634.575 436.580
5635.753 436.388
5636.932 425.672
5638.111 423.851
5639.290 436.661
5640.469 441.805
5641.648 460.710
5642.826 446.793
5644.005 451.976
5645.184 471.939
5646.363 442.432
5647.542 416.373
5648.720 419.211
5649.899 408.486
5651.078 427.377
5652.257 447.992
5653.436 444.990
5654.615 434.790
5655.793 427.713
5656.972 443.150
5658.151 431.366
5659.330 414.176
5660.509 416.298
5661.687 402.425
5662.866 411.528
5664.045 442.907
5665.224 438.364
5666.403 415.130
5667.582 431.933
5668.760 456.019
5669.939 453.432
5671.118 433.788
5672.297 417.352
5673.476 435.419
5674.654 451.403
5675.833 423.017
5677.012 430.773
5678.191 458.076
5679.370 452.835
5680.549 448.689
5681.727 441.268
5682.906 432.039
5684.085 448.082
5685.264 426.333
5686.443 444.804
5687.621 445.742
5688.800 433.402
5689.979 444.597
5691.158 420.302
5692.337 443.088
5693.516 437.374
5694.694 464.222
5695.873 461.489
5697.052 445.374
5698.231 445.974
5699.410 410.615
5700.588 411.063
5701.767 460.083
5702.946 454.427
5704.125 422.721
5705.304 396.545
5706.483 434.401
5707.661 452.878
5708.840 463.429
5710.019 377.683
5711.198 437.404
5712.377 432.449
5713.555 412.730
5714.734 391.973
5715.913 428.696
5717.092 449.887
5718.271 436.981
5719.450 447.945
5720.628 430.884
5721.807 437.890
5722.986 458.703
5724.165 419.359
5725.344 427.901
5726.522 428.092
5727.701 446.283
5728.880 421.163
5730.059 437.162
5731.238 445.483
5732.417 423.037
5733.595 417.365
5734.774 453.727
5735.953 424.043
5737.132 418.743
5738.311 403.389
5739.489 417.027
5740.668 432.879
5741.847 400.639
5743.026 422.199
5744.205 438.378
5745.384 453.183
5746.562 391.982
5747.741 402.286
5748.920 409.520
5750.099 406.477
5751.278 426.241
5752.456 419.138
5753.635 416.786
5754.814 386.053
5755.993 407.244
5757.172 440.772
5758.351 431.040
5759.529 407.802
5760.708 420.202
5761.887 414.325
5763.066 384.237
5764.245 423.329
5765.423 410.751
5766.602 371.383
5767.781 404.988
5768.960 447.854
5770.139 432.788
5771.318 416.833
5772.496 419.210
5773.675 403.223
5774.854 407.593
5776.033 401.912
5777.212 408.312
5778.390 414.806
5779.569 395.435
5780.748 385.679
5781.927 388.784
5783.106 391.541
5784.284 380.577
5785.463 389.828
5786.642 384.411
5787.821 419.317
5789.000 400.775
5790.179 441.644
5791.357 452.192
5792.536 429.384
5793.715 400.277
5794.894 411.414
5796.073 404.424
5797.251 419.893
5798.430 411.856
5799.609 391.917
5800.788 415.466
5801.967 418.639
5803.146 433.805
5804.324 400.972
5805.503 401.075
5806.682 405.611
5807.861 413.119
5809.040 412.400
5810.218 405.220
5811.397 414.778
5812.576 421.960
5813.755 412.999
5814.934 429.021
5816.113 423.062
5817.291 403.988
5818.470 403.981
5819.649 393.488
5820.828 415.907
5822.007 443.295
5823.185 389.200
5824.364 400.344
5825.543 383.332
5826.722 394.614
5827.901 391.499
5829.080 424.074
5830.258 399.037
5831.437 409.333
5832.616 383.926
5833.795 402.458
5834.974 415.407
5836.152 405.500
5837.331 385.998
5838.510 383.719
5839.689 409.183
5840.868 393.865
5842.047 395.705
5843.225 406.910
5844.404 402.789
5845.583 391.254
5846.762 420.815
5847.941 393.815
5849.119 387.835
5850.298 381.256
5851.477 388.463
5852.656 384.466
5853.835 404.091
5855.014 407.311
5856.192 404.974
5857.371 381.924
5858.550 364.702
5859.729 388.923
5860.908 376.836
5862.086 406.676
5863.265 401.942
5864.444 434.706
5865.623 500.807
5866.802 491.173
5867.981 496.104
5869.159 491.924
5870.338 411.817
5871.517 434.512
5872.696 446.925
5873.875 424.907
5875.053 405.935
5876.232 434.752
5877.411 702.640
5878.590 1079.742
5879.769 1094.704
5880.948 741.169
5882.126 457.416
5883.305 411.696
5884.484 403.058
5885.663 426.265
5886.842 503.921
5888.020 836.790
5889.199 1381.972
5890.378 1567.770
5891.557 1082.150
5892.736 574.401
5893.915 586.717
5895.093 924.420
5896.272 1098.943
5897.451 830.370
5898.630 464.964
5899.809 399.683
5900.987 380.929
5902.166 368.741
5903.345 409.297
5904.524 409.810
5905.703 414.546
5906.882 437.629
5908.060 406.245
5909.239 408.985
5910.418 401.227
5911.597 393.761
5912.776 402.925
5913.954 456.861
5915.133 534.830
5916.312 498.824
5917.491 401.115
5918.670 407.889
5919.849 406.233
5921.027 398.202
5922.206 399.743
5923.385 396.619
5924.564 433.200
5925.743 446.078
5926.921 399.560
5928.100 375.169
5929.279 400.037
5930.458 430.130
5931.637 472.698
5932.815 535.389
5933.994 500.675
5935.173 405.393
5936.352 397.173
5937.531 385.152
5938.710 383.999
5939.888 364.210
5941.067 398.149
5942.246 363.080
5943.425 388.910
5944.604 403.213
5945.782 434.880
5946.961 425.803
5948.140 385.985
5949.319 370.628
5950.498 385.235
5951.677 404.277
5952.855 437.939
5954.034 485.195
5955.213 438.528
5956.392 411.794
5957.571 390.734
5958.749 394.244
5959.928 378.698
5961.107 365.464
5962.286 342.635
5963.465 364.597
5964.644 352.011
5965.822 348.059
5967.001 366.526
5968.180 370.166
5969.359 385.848
5970.538 379.265
5971.716 379.495
5972.895 379.388
5974.074 379.284
