3561.035 9408.335
3562.213 9900.611
3563.392 10306.028
3564.571 10502.561
3565.750 10388.582
3566.929 9653.048
3568.108 10569.629
3569.286 10273.749
3570.465 9777.194
3571.644 10260.389
3572.823 9656.253
3574.002 9890.802
3575.180 9453.532
3576.359 10591.475
3577.538 10236.525
3578.717 9994.416
3579.896 10747.435
3581.075 9969.454
3582.253 10246.647
3583.432 10023.276
3584.611 9952.591
3585.790 10333.608
3586.969 10030.799
3588.147 10180.431
3589.326 10001.737
3590.505 10404.480
3591.684 10411.854
3592.863 9543.707
3594.042 9478.996
3595.220 9964.329
3596.399 9877.881
3597.578 9677.314
3598.757 9885.988
3599.936 10434.344
3601.114 10737.511
3602.293 9910.003
3603.472 9535.843
3604.651 10704.498
3605.830 10219.981
3607.009 10309.011
3608.187 10144.818
3609.366 9780.944
3610.545 8837.811
3611.724 9863.435
3612.903 10092.176
3614.081 10068.790
3615.260 10297.361
3616.439 11110.859
3617.618 10932.849
3618.797 10737.115
3619.976 10206.300
3621.154 9889.606
3622.333 10254.404
3623.512 10500.363
3624.691 10176.861
3625.870 10366.204
3627.048 10570.700
3628.227 10116.521
3629.406 10314.216
3630.585 10181.607
3631.764 10161.114
3632.943 10380.596
3634.121 9952.071
3635.300 10794.139
3636.479 11159.944
3637.658 10662.419
3638.837 10251.771
3640.015 10501.739
3641.194 10430.848
3642.373 10515.302
3643.552 11054.616
3644.731 10866.023
3645.910 10210.350
3647.088 10358.013
3648.267 9815.283
3649.446 9801.321
3650.625 10054.286
3651.804 9845.445
3652.982 9958.740
3654.161 9427.622
3655.340 9564.064
3656.519 9491.431
3657.698 9673.597
3658.877 9683.030
3660.055 9271.597
3661.234 9222.963
3662.413 9881.803
3663.592 9004.596
3664.771 9263.204
3665.949 9598.914
3667.128 9279.445
3668.307 9414.834
3669.486 8997.240
3670.665 9349.889
3671.844 8775.826
3673.022 9255.852
3674.201 9387.140
3675.380 9066.094
3676.559 9118.419
3677.738 8935.921
3678.916 9108.525
3680.095 8977.955
3681.274 9073.734
3682.453 9277.453
3683.632 8774.013
3684.811 9246.282
3685.989 9030.794
3687.168 8465.770
3688.347 8820.786
3689.526 9851.763
3690.705 8923.435
3691.883 8027.911
3693.062 9348.617
3694.241 10484.143
3695.420 8934.294
3696.599 8208.268
3697.777 8382.976
3698.956 9427.531
3700.135 10127.482
3701.314 8818.033
3702.493 8410.508
3703.672 8261.055
3704.850 8646.998
3706.029 10645.594
3707.208 11005.699
3708.387 8920.374
3709.566 7089.598
3710.744 7637.374
3711.923 8154.570
3713.102 9300.531
3714.281 10739.601
3715.460 9713.260
3716.639 7897.018
3717.817 7510.464
3718.996 7759.342
3720.175 7738.341
3721.354 7581.317
3722.533 8679.123
3723.711 13155.222
3724.890 12909.010
3726.069 15354.711
3727.248 49882.262
3728.427 95937.214
3729.606 104486.047
3730.784 124453.040
3731.963 113024.807
3733.142 44788.781
3734.321 7893.236
3735.500 9936.936
3736.678 11685.927
3737.857 11515.476
3739.036 8066.900
3740.215 7812.761
3741.394 7917.934
3742.573 7831.959
3743.751 7920.478
3744.930 7853.391
3746.109 8116.661
3747.288 7473.698
3748.467 7101.305
3749.645 6731.211
3750.824 8472.143
3752.003 11714.663
3753.182 12003.810
3754.361 8665.787
3755.540 7105.698
3756.718 7139.270
3757.897 7180.769
3759.076 7078.830
3760.255 7704.099
3761.434 7209.719
3762.612 7616.886
3763.791 7092.410
3764.970 7978.238
3766.149 7490.059
3767.328 7298.974
3768.507 7002.031
3769.685 6354.907
3770.864 7288.908
3772.043 11217.952
3773.222 13819.588
3774.401 10524.165
3775.579 6981.455
3776.758 6680.102
3777.937 7419.672
3779.116 7145.638
3780.295 7354.465
3781.474 7432.141
3782.652 7402.502
3783.831 7558.561
3785.010 7668.178
3786.189 7479.880
3787.368 7277.902
3788.546 7444.687
3789.725 7452.874
3790.904 7258.810
3792.083 7045.089
3793.262 7095.593
3794.441 6789.334
3795.619 6567.098
3796.798 6171.428
3797.977 6531.295
3799.156 10679.941
3800.335 14877.550
3801.513 11750.214
3802.692 7011.202
3803.871 5996.589
3805.050 6210.411
3806.229 6285.504
3807.408 6843.585
3808.586 6833.017
3809.765 7101.079
3810.944 6745.607
3812.123 7128.965
3813.302 7282.634
3814.480 7282.918
3815.659 7152.039
3816.838 7289.743
3818.017 7355.567
3819.196 6757.853
3820.375 7444.248
3821.553 8101.532
3822.732 7992.707
3823.911 7063.511
3825.090 6525.458
3826.269 6845.572
3827.447 6820.827
3828.626 6733.727
3829.805 6656.045
3830.984 6794.284
3832.163 6497.134
3833.342 6006.934
3834.520 5965.032
3835.699 7041.485
3836.878 13495.729
3838.057 16973.375
3839.236 11894.134
3840.414 6001.738
3841.593 5540.408
3842.772 6047.874
3843.951 6033.059
3845.130 6388.542
3846.309 6324.581
3847.487 6441.182
3848.666 6297.660
3849.845 6823.535
3851.024 6539.050
3852.203 6746.103
3853.381 6632.344
3854.560 6662.558
3855.739 6567.622
3856.918 6750.453
3858.097 6492.863
3859.275 6821.561
3860.454 6604.441
3861.633 6423.459
3862.812 6558.498
3863.991 6413.489
3865.170 6792.272
3866.348 6788.540
3867.527 6850.473
3868.706 9283.910
3869.885 36576.029
3871.064 63587.303
3872.242 50552.170
3873.421 15422.756
3874.600 5677.607
3875.779 6283.665
3876.958 5968.820
3878.137 5935.111
3879.315 6142.110
3880.494 6019.370
3881.673 5980.084
3882.852 5630.520
3884.031 5534.502
3885.209 5253.710
3886.388 5275.438
3887.567 5255.831
3888.746 5838.936
3889.925 17975.865
3891.104 32895.515
3892.282 28460.366
3893.461 10156.607
3894.640 4817.436
3895.819 4948.958
3896.998 5059.171
3898.176 5381.024
3899.355 5601.221
3900.534 5739.793
3901.713 5675.791
3902.892 5567.421
3904.071 5548.931
3905.249 5861.094
3906.428 6046.128
3907.607 5826.833
3908.786 5840.473
3909.965 6033.908
3911.143 5901.231
3912.322 5846.812
3913.501 5688.725
3914.680 6156.947
3915.859 5693.460
3917.038 5756.421
3918.216 5573.097
3919.395 5692.220
3920.574 5547.837
3921.753 5621.663
3922.932 5573.174
3924.110 5468.406
3925.289 5344.037
3926.468 5489.825
3927.647 5352.490
3928.826 5148.056
3930.005 5517.261
3931.183 5357.628
3932.362 4926.012
3933.541 5033.939
3934.720 4658.857
3935.899 4602.249
3937.077 4824.362
3938.256 5052.124
3939.435 5210.295
3940.614 5262.379
3941.793 5341.696
3942.972 5297.065
3944.150 5197.323
3945.329 5329.401
3946.508 5549.534
3947.687 5550.431
3948.866 5278.210
3950.044 5220.770
3951.223 5155.324
3952.402 5145.365
3953.581 5149.699
3954.760 5038.667
3955.939 5010.814
3957.117 5088.397
3958.296 4870.046
3959.475 4835.141
3960.654 4777.451
3961.833 4819.639
3963.011 4567.852
3964.190 4470.715
3965.369 4657.277
3966.548 5232.986
3967.727 6806.061
3968.906 13615.488
3970.084 18449.703
3971.263 22670.081
3972.442 24929.127
3973.621 19628.270
3974.800 7518.716
3975.978 3758.323
3977.157 4126.171
3978.336 4259.502
3979.515 4350.036
3980.694 4397.986
3981.873 4569.948
3983.051 4528.704
3984.230 4488.958
3985.409 4660.670
3986.588 4676.191
3987.767 4511.495
3988.945 4614.310
3990.124 4604.041
3991.303 4573.261
3992.482 4852.859
3993.661 4687.166
3994.840 4696.737
3996.018 4554.338
3997.197 4503.033
3998.376 4549.345
3999.555 4593.963
4000.734 4543.173
4001.912 4726.688
4003.091 4524.486
4004.270 4472.825
4005.449 4664.834
4006.628 4600.057
4007.807 4446.423
4008.985 4481.547
4010.164 4630.663
4011.343 4556.762
4012.522 4575.995
4013.701 4717.577
4014.879 4570.351
4016.058 4324.208
4017.237 4467.058
4018.416 4481.543
4019.595 4375.388
4020.773 4377.911
4021.952 4509.820
4023.131 4301.408
4024.310 4121.485
4025.489 4192.808
4026.668 4227.276
4027.846 5727.591
4029.025 6074.270
4030.204 5265.143
4031.383 4012.706
4032.562 4180.789
4033.740 4284.965
4034.919 4101.951
4036.098 4118.568
4037.277 4274.282
4038.456 4203.161
4039.635 4219.637
4040.813 4184.434
4041.992 4281.057
4043.171 4218.865
4044.350 4189.563
4045.529 4254.375
4046.707 4119.094
4047.886 3973.497
4049.065 4168.660
4050.244 3959.389
4051.423 4081.214
4052.602 4130.302
4053.780 3998.955
4054.959 3998.825
4056.138 3974.183
4057.317 4041.913
4058.496 4081.928
4059.674 4087.296
4060.853 4079.786
4062.032 4084.784
4063.211 3973.031
4064.390 3918.283
4065.569 4063.296
4066.747 3998.214
4067.926 3941.409
4069.105 4112.904
4070.284 4580.802
4071.463 4811.247
4072.641 4402.933
4073.820 4041.569
4074.999 3891.284
4076.178 3933.955
4077.357 3984.228
4078.536 4051.769
4079.714 4151.944
4080.893 3871.209
4082.072 3769.761
4083.251 3711.487
4084.430 3769.740
4085.608 3673.844
4086.787 3778.392
4087.966 3703.927
4089.145 3626.722
4090.324 3690.303
4091.503 3541.892
4092.681 3532.345
4093.860 3510.797
4095.039 3432.834
4096.218 3394.155
4097.397 3224.905
4098.575 3353.421
4099.754 3272.948
4100.933 3163.518
4102.112 6371.857
4103.291 20602.737
4104.470 30941.510
4105.648 19251.945
4106.827 5470.890
4108.006 2659.631
4109.185 3129.190
4110.364 3056.795
4111.542 3149.372
4112.721 3369.391
4113.900 3627.389
4115.079 3332.872
4116.258 3307.424
4117.437 3434.886
4118.615 3348.310
4119.794 3382.888
4120.973 3378.273
4122.152 3488.429
4123.331 3549.089
4124.509 3532.129
4125.688 3416.054
4126.867 3237.664
4128.046 3437.222
4129.225 3385.771
4130.404 3286.638
4131.582 3382.153
4132.761 3466.520
4133.940 3341.825
4135.119 3249.647
4136.298 3432.284
4137.476 3353.998
4138.655 3304.979
4139.834 3367.421
4141.013 3264.210
4142.192 3245.265
4143.371 3135.835
4144.549 3146.284
4145.728 3414.065
4146.907 3362.863
4148.086 3108.196
4149.265 3101.155
4150.443 3125.469
4151.622 3268.474
4152.801 3084.042
4153.980 3187.709
4155.159 3337.369
4156.338 3254.769
4157.516 3338.888
4158.695 3249.366
4159.874 3227.519
4161.053 3135.607
4162.232 3234.739
4163.410 3180.617
4164.589 3249.012
4165.768 3208.554
4166.947 3153.663
4168.126 3278.437
4169.305 3055.733
4170.483 3151.091
4171.662 3191.896
4172.841 3122.766
4174.020 3074.437
4175.199 3019.441
4176.377 3043.171
4177.556 3059.213
4178.735 3078.000
4179.914 3062.894
4181.093 3066.798
4182.271 3055.273
4183.450 3033.709
4184.629 3006.817
4185.808 2972.576
4186.987 2834.430
4188.166 2944.462
4189.344 2979.563
4190.523 2936.526
4191.702 2984.133
4192.881 2862.287
4194.060 2902.697
4195.238 2968.420
4196.417 2879.644
4197.596 2887.284
4198.775 2737.645
4199.954 2793.339
4201.133 2908.243
4202.311 2716.722
4203.490 2666.513
4204.669 2721.142
4205.848 2718.865
4207.027 2822.409
4208.205 2920.992
4209.384 2766.738
4210.563 2836.142
4211.742 2874.065
4212.921 2807.728
4214.100 2902.432
4215.278 2848.513
4216.457 2808.131
4217.636 2767.530
4218.815 2713.331
4219.994 2656.967
4221.172 2794.430
4222.351 2732.244
4223.530 2741.107
4224.709 2748.408
4225.888 2699.937
4227.067 2697.898
4228.245 2636.341
4229.424 2697.474
4230.603 2691.637
4231.782 2702.049
4232.961 2810.687
4234.139 2669.753
4235.318 2649.255
4236.497 2706.299
4237.676 2704.394
4238.855 2619.348
4240.034 2610.110
4241.212 2598.260
4242.391 2735.952
4243.570 2866.154
4244.749 2770.905
4245.928 2614.937
4247.106 2567.368
4248.285 2542.356
4249.464 2544.076
4250.643 2603.844
4251.822 2625.502
4253.001 2644.488
4254.179 2514.197
4255.358 2516.835
4256.537 2488.043
4257.716 2564.898
4258.895 2594.670
4260.073 2497.585
4261.252 2501.017
4262.431 2443.302
4263.610 2502.193
4264.789 2475.952
4265.968 2569.515
4267.146 2536.894
4268.325 2489.925
4269.504 2448.906
4270.683 2440.721
4271.862 2449.488
4273.040 2444.212
4274.219 2397.807
4275.398 2377.932
4276.577 2471.636
4277.756 2365.378
4278.935 2418.758
4280.113 2514.892
4281.292 2518.366
4282.471 2443.768
4283.650 2448.966
4284.829 2353.159
4286.007 2385.017
4287.186 2448.783
4288.365 2398.880
4289.544 2415.456
4290.723 2408.101
4291.902 2317.536
4293.080 2389.821
4294.259 2369.003
4295.438 2396.456
4296.617 2413.064
4297.796 2374.050
4298.974 2372.692
4300.153 2324.300
4301.332 2355.393
4302.511 2298.427
4303.690 2221.929
4304.869 2284.217
4306.047 2334.582
4307.226 2356.513
4308.405 2305.700
4309.584 2238.320
4310.763 2246.572
4311.941 2237.230
4313.120 2307.655
4314.299 2266.292
4315.478 2271.651
4316.657 2246.792
4317.836 2233.634
4319.014 2301.202
4320.193 2232.434
4321.372 2267.459
4322.551 2222.545
4323.730 2176.742
4324.908 2229.371
4326.087 2141.261
4327.266 2159.623
4328.445 2159.202
4329.624 2193.669
4330.803 2132.555
4331.981 2194.328
4333.160 2103.475
4334.339 2081.846
4335.518 2094.120
4336.697 1990.819
4337.875 1913.049
4339.054 1910.893
4340.233 2781.576
4341.412 10566.261
4342.591 34002.562
4343.769 36113.520
4344.948 17171.147
4346.127 2275.470
4347.306 1941.426
4348.485 1842.790
4349.664 1922.763
4350.842 1979.716
4352.021 2046.224
4353.200 1953.851
4354.379 2052.678
4355.558 2061.970
4356.736 2054.394
4357.915 2063.717
4359.094 2088.856
4360.273 2084.785
4361.452 2124.180
4362.631 2193.315
4363.809 2822.249
4364.988 5443.779
4366.167 6946.061
4367.346 5103.274
4368.525 2429.588
4369.703 2135.566
4370.882 1984.318
4372.061 2059.352
4373.240 1991.799
4374.419 2029.105
4375.598 2000.362
4376.776 2000.369
4377.955 2077.951
4379.134 2039.227
4380.313 1965.353
4381.492 2022.779
4382.670 2016.758
4383.849 1930.196
4385.028 1974.640
4386.207 1994.909
4387.386 1899.769
4388.565 1929.359
4389.743 2076.569
4390.922 2205.676
4392.101 2078.775
4393.280 1916.735
4394.459 1877.872
4395.637 1932.045
4396.816 1976.600
4397.995 1930.002
4399.174 1984.245
4400.353 1964.100
4401.532 2001.949
4402.710 1994.307
4403.889 2003.633
4405.068 1937.329
4406.247 1936.648
4407.426 1997.737
4408.604 1948.821
4409.783 1951.619
4410.962 1974.791
4412.141 1949.263
4413.320 1922.699
4414.499 1935.178
4415.677 1997.799
4416.856 1980.715
4418.035 1973.519
4419.214 2026.834
4420.393 1973.431
4421.571 1921.682
4422.750 1922.262
4423.929 1929.248
4425.108 1956.894
4426.287 2053.953
4427.466 1982.942
4428.644 1893.419
4429.823 1858.913
4431.002 1828.309
4432.181 1877.446
4433.360 1872.927
4434.538 1840.617
4435.717 1842.859
4436.896 1874.243
4438.075 1894.921
4439.254 1911.459
4440.433 1905.606
4441.611 1832.593
4442.790 1847.844
4443.969 1842.391
4445.148 1880.053
4446.327 1868.797
4447.505 1846.140
4448.684 1898.876
4449.863 1857.917
4451.042 1842.221
4452.221 1793.904
4453.400 1807.323
4454.578 1854.727
4455.757 1860.010
4456.936 1830.933
4458.115 1830.160
4459.294 1771.211
4460.472 1770.759
4461.651 1791.508
4462.830 1802.207
4464.009 1837.288
4465.188 1821.679
4466.367 1789.099
4467.545 1792.467
4468.724 1754.258
4469.903 1675.449
4471.082 1714.912
4472.261 2174.036
4473.439 3669.105
4474.618 4559.083
4475.797 3186.247
4476.976 1896.790
4478.155 1704.486
4479.334 1733.497
4480.512 1799.048
4481.691 1783.992
4482.870 1795.786
4484.049 1724.703
4485.228 1710.843
4486.406 1786.152
4487.585 1729.094
4488.764 1689.278
4489.943 1725.619
4491.122 1757.418
4492.301 1786.241
4493.479 1761.906
4494.658 1711.136
4495.837 1719.890
4497.016 1760.651
4498.195 1755.884
4499.373 1730.983
4500.552 1686.364
4501.731 1650.637
4502.910 1693.373
4504.089 1735.609
4505.267 1712.832
4506.446 1732.025
4507.625 1737.776
4508.804 1740.952
4509.983 1725.420
4511.162 1676.109
4512.340 1725.826
4513.519 1814.927
4514.698 1730.860
4515.877 1686.322
4517.056 1785.065
4518.234 1746.970
4519.413 1666.614
4520.592 1673.089
4521.771 1679.396
4522.950 1693.547
4524.129 1727.256
4525.307 1755.605
4526.486 1669.759
4527.665 1691.317
4528.844 1730.537
4530.023 1695.143
4531.201 1745.487
4532.380 1787.795
4533.559 1771.287
4534.738 1666.904
4535.917 1735.936
4537.096 1739.445
4538.274 1686.972
4539.453 1702.991
4540.632 1650.198
4541.811 1712.044
4542.990 1653.418
4544.168 1652.235
4545.347 1644.371
4546.526 1616.823
4547.705 1652.070
4548.884 1668.902
4550.063 1664.207
4551.241 1664.881
4552.420 1614.117
4553.599 1632.325
4554.778 1630.009
4555.957 1613.880
4557.135 1613.701
4558.314 1639.165
4559.493 1611.603
4560.672 1638.802
4561.851 1628.266
4563.030 1673.970
4564.208 1702.122
4565.387 1725.348
4566.566 1717.350
4567.745 1652.264
4568.924 1604.157
4570.102 1638.569
4571.281 1672.168
4572.460 1675.908
4573.639 1668.994
4574.818 1690.417
4575.997 1630.692
4577.175 1666.786
4578.354 1611.307
4579.533 1595.174
4580.712 1606.480
4581.891 1583.930
4583.069 1682.265
4584.248 1629.172
4585.427 1630.374
4586.606 1622.516
4587.785 1613.915
4588.964 1600.400
4590.142 1574.507
4591.321 1612.024
4592.500 1580.915
4593.679 1663.324
4594.858 1594.114
4596.036 1595.893
4597.215 1595.170
4598.394 1641.848
4599.573 1638.088
4600.752 1601.726
4601.931 1606.997
4603.109 1626.848
4604.288 1569.590
4605.467 1607.696
4606.646 1575.955
4607.825 1659.308
4609.003 1615.359
4610.182 1616.173
4611.361 1621.090
4612.540 1580.111
4613.719 1607.737
4614.898 1569.059
4616.076 1581.106
4617.255 1562.082
4618.434 1641.587
4619.613 1580.424
4620.792 1532.517
4621.970 1604.026
4623.149 1566.677
4624.328 1610.107
4625.507 1594.317
4626.686 1615.384
4627.865 1568.226
4629.043 1527.632
4630.222 1568.014
4631.401 1614.588
4632.580 1553.910
4633.759 1563.317
4634.937 1555.281
4636.116 1541.044
4637.295 1596.201
4638.474 1609.512
4639.653 1532.305
4640.832 1536.121
4642.010 1582.401
4643.189 1583.127
4644.368 1588.225
4645.547 1573.678
4646.726 1566.208
4647.904 1553.272
4649.083 1531.661
4650.262 1562.011
4651.441 1498.553
4652.620 1481.891
4653.799 1589.398
4654.977 1594.165
4656.156 1601.324
4657.335 1587.141
4658.514 1583.529
4659.693 1674.965
4660.871 1753.613
4662.050 1739.033
4663.229 1607.558
4664.408 1569.907
4665.587 1593.990
4666.765 1577.295
4667.944 1579.032
4669.123 1557.357
4670.302 1604.454
4671.481 1538.574
4672.660 1587.500
4673.838 1598.023
4675.017 1538.042
4676.196 1606.947
4677.375 1534.368
4678.554 1526.033
4679.732 1550.685
4680.911 1609.120
4682.090 1573.131
4683.269 1583.546
4684.448 1502.982
4685.627 1564.464
4686.805 1523.446
4687.984 1569.633
4689.163 1522.194
4690.342 1501.319
4691.521 1588.134
4692.699 1543.751
4693.878 1565.690
4695.057 1574.407
4696.236 1577.715
4697.415 1569.025
4698.594 1554.472
4699.772 1498.529
4700.951 1612.342
4702.130 1554.295
4703.309 1526.590
4704.488 1572.550
4705.666 1530.451
4706.845 1523.034
4708.024 1542.807
4709.203 1557.590
4710.382 1513.689
4711.561 1525.037
4712.739 1630.639
4713.918 1802.733
4715.097 2013.882
4716.276 1902.931
4717.455 1673.435
4718.633 1521.498
4719.812 1504.299
4720.991 1572.640
4722.170 1569.583
4723.349 1512.418
4724.528 1547.736
4725.706 1557.634
4726.885 1523.630
4728.064 1524.641
4729.243 1510.551
4730.422 1517.356
4731.600 1515.762
4732.779 1537.303
4733.958 1578.894
4735.137 1540.558
4736.316 1508.513
4737.495 1532.165
4738.673 1540.126
4739.852 1525.571
4741.031 1526.026
4742.210 1654.823
4743.389 1739.678
4744.567 1612.375
4745.746 1476.374
4746.925 1470.416
4748.104 1472.945
4749.283 1536.157
4750.462 1479.970
4751.640 1459.809
4752.819 1531.664
4753.998 1502.159
4755.177 1537.659
4756.356 1512.688
4757.534 1510.750
4758.713 1461.239
4759.892 1525.285
4761.071 1484.934
4762.250 1471.631
4763.429 1516.558
4764.607 1477.263
4765.786 1646.483
4766.965 1711.271
4768.144 1523.188
4769.323 1455.650
4770.501 1462.397
4771.680 1518.392
4772.859 1533.256
4774.038 1485.372
4775.217 1501.007
4776.396 1532.895
4777.574 1515.716
4778.753 1462.312
4779.932 1461.409
4781.111 1448.182
4782.290 1407.863
4783.468 1413.663
4784.647 1442.233
4785.826 1428.160
4787.005 1469.733
4788.184 1472.092
4789.363 1432.770
4790.541 1512.850
4791.720 1445.908
4792.899 1401.203
4794.078 1422.650
4795.257 1493.730
4796.435 1475.311
4797.614 1461.558
4798.793 1403.058
4799.972 1464.355
4801.151 1407.850
4802.330 1468.944
4803.508 1414.268
4804.687 1470.376
4805.866 1428.928
4807.045 1459.045
4808.224 1454.870
4809.402 1433.643
4810.581 1439.637
4811.760 1426.645
4812.939 1469.976
4814.118 1459.557
4815.296 1484.934
4816.475 1444.657
4817.654 1474.279
4818.833 1462.661
4820.012 1445.048
4821.191 1424.932
4822.369 1460.968
4823.548 1517.367
4824.727 1444.889
4825.906 1379.214
4827.085 1452.904
4828.263 1450.429
4829.442 1394.264
4830.621 1411.514
4831.800 1480.797
4832.979 1441.671
4834.158 1402.531
4835.336 1453.556
4836.515 1450.572
4837.694 1442.886
4838.873 1451.520
4840.052 1475.685
4841.230 1394.816
4842.409 1432.917
4843.588 1428.913
4844.767 1383.491
4845.946 1399.842
4847.125 1464.577
4848.303 1420.039
4849.482 1377.059
4850.661 1394.718
4851.840 1388.862
4853.019 1395.162
4854.197 1394.056
4855.376 1347.431
4856.555 1323.025
4857.734 1265.543
4858.913 1314.543
4860.092 1478.003
4861.270 1522.312
4862.449 17904.486
4863.628 60182.046
4864.807 69564.372
4865.986 30186.792
4867.164 3662.052
4868.343 940.474
4869.522 1416.642
4870.701 1273.941
4871.880 1343.459
4873.059 1321.673
4874.237 1342.201
4875.416 1358.030
4876.595 1384.438
4877.774 1417.996
4878.953 1390.621
4880.131 1385.451
4881.310 1364.831
4882.489 1468.430
4883.668 1521.434
4884.847 1412.437
4886.026 1379.101
4887.204 1381.023
4888.383 1378.740
4889.562 1368.830
4890.741 1372.114
4891.920 1363.907
4893.098 1338.459
4894.277 1330.136
4895.456 1380.116
4896.635 1338.686
4897.814 1345.667
4898.993 1429.076
4900.171 1361.442
4901.350 1349.432
4902.529 1378.343
4903.708 1375.894
4904.887 1360.306
4906.065 1422.996
4907.244 1397.886
4908.423 1357.213
4909.602 1351.678
4910.781 1383.312
4911.960 1359.375
4913.138 1347.401
4914.317 1368.699
4915.496 1349.876
4916.675 1318.710
4917.854 1321.551
4919.032 1367.049
4920.211 1356.529
4921.390 1317.509
4922.569 1358.636
4923.748 1677.900
4924.927 2082.428
4926.105 1862.104
4927.284 1415.242
4928.463 1363.155
4929.642 1381.374
4930.821 1341.005
4931.999 1377.590
4933.178 1378.504
4934.357 1351.138
4935.536 1424.164
4936.715 1333.137
4937.894 1351.047
4939.072 1341.881
4940.251 1337.038
4941.430 1406.156
4942.609 1363.484
4943.788 1297.178
4944.966 1346.418
4946.145 1352.469
4947.324 1362.562
4948.503 1402.513
4949.682 1401.721
4950.861 1423.157
4952.039 1403.519
4953.218 1393.363
4954.397 1370.973
4955.576 1401.050
4956.755 1242.396
4957.933 2073.331
4959.112 973.554
4960.291 38980.662
4961.470 110188.611
4962.649 102847.636
4963.828 41129.740
4965.006 45.096
4966.185 2159.842
4967.364 1377.156
4968.543 1525.948
4969.722 1443.384
4970.900 1434.080
4972.079 1367.575
4973.258 1402.736
4974.437 1378.622
4975.616 1393.051
4976.794 1405.057
4977.973 1367.634
4979.152 1385.394
4980.331 1417.199
4981.510 1375.050
4982.689 1355.884
4983.867 1369.811
4985.046 1371.760
4986.225 1375.255
4987.404 1487.146
4988.583 1587.290
4989.761 1519.737
4990.940 1427.626
4992.119 1450.176
4993.298 1435.408
4994.477 1389.158
4995.656 1391.287
4996.834 1387.875
4998.013 1445.792
4999.192 1406.807
5000.371 1459.440
5001.550 1412.655
5002.728 1507.458
5003.907 1371.778
5005.086 1849.677
5006.265 1601.145
5007.444 13194.246
5008.623 190778.522
5009.801 334959.106
5010.980 267760.050
5012.159 50447.414
5013.338 -1467.482
5014.517 2905.762
5015.695 1114.573
5016.874 1934.475
5018.053 2614.816
5019.232 2891.838
5020.411 2051.067
5021.590 1411.348
5022.768 1390.955
5023.947 1349.109
5025.126 1371.029
5026.305 1421.949
5027.484 1326.413
5028.662 1302.803
5029.841 1279.273
5031.020 1313.895
5032.199 1373.868
5033.378 1304.832
5034.557 1278.650
5035.735 1279.536
5036.914 1297.123
5038.093 1264.917
5039.272 1284.175
5040.451 1281.679
5041.629 1260.662
5042.808 1344.154
5043.987 1371.786
5045.166 1333.381
5046.345 1234.703
5047.524 1310.699
5048.702 1253.663
5049.881 1293.013
5051.060 1329.310
5052.239 1299.600
5053.418 1270.246
5054.596 1240.364
5055.775 1235.012
5056.954 1238.945
5058.133 1242.465
5059.312 1249.289
5060.491 1367.254
5061.669 1383.237
5062.848 1217.126
5064.027 1240.927
5065.206 1199.030
5066.385 1201.010
5067.563 1220.703
5068.742 1193.959
5069.921 1193.175
5071.100 1185.707
5072.279 1173.034
5073.458 1226.906
5074.636 1194.007
5075.815 1167.605
5076.994 1212.845
5078.173 1185.584
5079.352 1172.956
5080.530 1169.062
5081.709 1202.203
5082.888 1228.784
5084.067 1166.583
5085.246 1173.368
5086.425 1188.374
5087.603 1210.490
5088.782 1128.387
5089.961 1113.967
5091.140 1208.216
5092.319 1168.301
5093.497 1210.776
5094.676 1165.377
5095.855 1128.663
5097.034 1138.782
5098.213 1165.525
5099.392 1138.280
5100.570 1238.102
5101.749 1161.790
5102.928 1194.482
5104.107 1181.912
5105.286 1190.155
5106.464 1154.613
5107.643 1152.401
5108.822 1170.133
5110.001 1143.711
5111.180 1107.093
5112.359 1181.361
5113.537 1181.704
5114.716 1127.117
5115.895 1152.725
5117.074 1164.957
5118.253 1124.418
5119.431 1149.965
5120.610 1146.979
5121.789 1122.238
5122.968 1167.180
5124.147 1119.027
5125.326 1086.001
5126.504 1124.891
5127.683 1130.763
5128.862 1076.852
5130.041 1156.705
5131.220 1140.346
5132.398 1159.462
5133.577 1081.545
5134.756 1168.361
5135.935 1127.971
5137.114 1123.431
5138.292 1120.639
5139.471 1091.074
5140.650 1099.714
5141.829 1151.555
5143.008 1143.195
5144.187 1148.442
5145.365 1132.353
5146.544 1126.656
5147.723 1132.115
5148.902 1104.436
5150.081 1115.633
5151.259 1128.497
5152.438 1157.052
5153.617 1182.298
5154.796 1138.944
5155.975 1148.061
5157.154 1130.818
5158.332 1109.903
5159.511 1090.043
5160.690 1072.635
5161.869 1133.875
5163.048 1141.789
5164.226 1117.372
5165.405 1036.354
5166.584 1120.958
5167.763 1100.515
5168.942 1119.706
5170.121 1080.481
5171.299 1064.749
5172.478 1098.642
5173.657 1075.612
5174.836 1055.976
5176.015 1104.784
5177.193 1123.058
5178.372 1107.555
5179.551 1142.396
5180.730 1133.821
5181.909 1107.433
5183.088 1087.945
5184.266 1042.225
5185.445 1038.886
5186.624 1111.619
5187.803 1122.552
5188.982 1122.546
5190.160 1100.391
5191.339 1129.875
5192.518 1170.170
5193.697 1219.793
5194.876 1224.541
5196.055 1187.841
5197.233 1445.446
5198.412 1654.820
5199.591 1597.168
5200.770 1477.315
5201.949 1311.950
5203.127 1187.152
5204.306 1155.074
5205.485 1098.324
5206.664 1079.779
5207.843 1066.967
5209.022 1048.785
5210.200 1076.028
5211.379 1031.084
5212.558 1104.400
5213.737 1103.240
5214.916 1110.949
5216.094 1069.342
5217.273 1072.257
5218.452 1055.753
5219.631 1040.451
5220.810 1072.846
5221.989 1121.924
5223.167 1115.882
5224.346 1130.630
5225.525 1077.610
5226.704 1048.505
5227.883 1070.169
5229.061 1048.810
5230.240 1069.197
5231.419 1108.689
5232.598 1088.045
5233.777 1061.461
5234.956 1102.794
5236.134 1143.090
5237.313 1075.825
5238.492 1145.523
5239.671 1109.589
5240.850 1053.525
5242.028 1081.393
5243.207 1032.785
5244.386 1013.453
5245.565 1051.921
5246.744 1023.495
5247.923 1030.244
5249.101 1088.979
5250.280 1085.020
5251.459 1051.973
5252.638 1056.837
5253.817 1045.706
5254.995 1059.647
5256.174 1098.505
5257.353 1059.262
5258.532 1032.089
5259.711 1049.946
5260.890 1022.114
5262.068 1048.311
5263.247 1032.819
5264.426 1022.190
5265.605 1023.265
5266.784 1007.713
5267.962 1009.859
5269.141 994.730
5270.320 1024.017
5271.499 1087.245
5272.678 1037.745
5273.857 1106.014
5275.035 1161.296
5276.214 1107.575
5277.393 1082.393
5278.572 1065.282
5279.751 1032.487
5280.929 1007.450
5282.108 1006.684
5283.287 1009.260
5284.466 997.953
5285.645 1003.707
5286.824 1026.866
5288.002 1022.766
5289.181 996.781
5290.360 1029.130
5291.539 1026.354
5292.718 1027.376
5293.896 1007.356
5295.075 983.964
5296.254 972.627
5297.433 1026.156
5298.612 1022.902
5299.790 1016.342
5300.969 1009.330
5302.148 1025.033
5303.327 1003.583
5304.506 977.507
5305.685 981.908
5306.863 977.399
5308.042 1002.512
5309.221 1011.214
5310.400 1021.131
5311.579 1042.654
5312.757 998.064
5313.936 968.799
5315.115 1101.277
5316.294 1107.432
5317.473 989.455
5318.652 1008.234
5319.830 1020.749
5321.009 976.774
5322.188 1000.625
5323.367 1008.373
5324.546 1027.935
5325.724 979.524
5326.903 931.327
5328.082 1051.758
5329.261 1161.241
5330.440 1160.822
5331.619 1109.395
5332.797 1001.636
5333.976 950.814
5335.155 950.741
5336.334 977.799
5337.513 977.125
5338.691 983.826
5339.870 921.059
5341.049 951.321
5342.228 958.180
5343.407 972.494
5344.586 974.921
5345.764 936.310
5346.943 976.121
5348.122 966.348
5349.301 966.184
5350.480 978.929
5351.658 966.141
5352.837 954.459
5354.016 985.675
5355.195 975.546
5356.374 936.832
5357.553 965.429
5358.731 941.726
5359.910 994.453
5361.089 952.606
5362.268 941.478
5363.447 941.751
5364.625 949.718
5365.804 929.344
5366.983 919.631
5368.162 959.951
5369.341 917.580
5370.520 931.286
5371.698 922.233
5372.877 923.448
5374.056 933.277
5375.235 956.752
5376.414 954.669
5377.592 960.859
5378.771 987.815
5379.950 928.070
5381.129 914.962
5382.308 973.848
5383.487 914.350
5384.665 899.655
5385.844 989.491
5387.023 868.324
5388.202 921.919
5389.381 930.557
5390.559 919.564
5391.738 917.864
5392.917 893.031
5394.096 915.075
5395.275 940.641
5396.454 904.388
5397.632 888.247
5398.811 900.720
5399.990 912.091
5401.169 932.212
5402.348 919.546
5403.526 866.322
5404.705 881.463
5405.884 940.938
5407.063 902.803
5408.242 884.041
5409.421 912.525
5410.599 864.423
5411.778 880.616
5412.957 859.754
5414.136 903.106
5415.315 873.333
5416.493 903.220
5417.672 910.805
5418.851 898.221
5420.030 921.184
5421.209 910.401
5422.388 890.159
5423.566 878.162
5424.745 864.416
5425.924 848.861
5427.103 837.391
5428.282 888.608
5429.460 880.818
5430.639 881.481
5431.818 870.301
5432.997 867.780
5434.176 881.339
5435.355 937.390
5436.533 940.183
5437.712 895.786
5438.891 886.848
5440.070 857.845
5441.249 852.929
5442.427 880.146
5443.606 864.544
5444.785 850.256
5445.964 863.184
5447.143 846.410
5448.322 862.786
5449.500 922.901
5450.679 878.328
5451.858 836.819
5453.037 888.576
5454.216 849.080
5455.394 875.301
5456.573 851.466
5457.752 884.778
5458.931 876.435
5460.110 857.805
5461.288 863.590
5462.467 868.039
5463.646 850.659
5464.825 842.581
5466.004 872.986
5467.183 887.518
5468.361 877.175
5469.540 868.761
5470.719 847.794
5471.898 846.077
5473.077 874.877
5474.255 905.964
5475.434 866.315
5476.613 841.317
5477.792 809.668
5478.971 842.801
5480.150 833.652
5481.328 848.169
5482.507 835.666
5483.686 877.514
5484.865 861.191
5486.044 861.125
5487.222 848.270
5488.401 824.454
5489.580 833.251
5490.759 838.960
5491.938 868.455
5493.117 825.045
5494.295 800.180
5495.474 867.264
5496.653 817.267
5497.832 840.976
5499.011 812.586
5500.189 973.538
5501.368 995.609
5502.547 872.793
5503.726 818.289
5504.905 853.491
5506.084 857.383
5507.262 825.611
5508.441 827.586
5509.620 826.832
5510.799 834.337
5511.978 878.202
5513.156 875.592
5514.335 835.177
5515.514 839.536
5516.693 844.821
5517.872 807.743
5519.051 880.649
5520.229 1003.236
5521.408 1015.699
5522.587 930.799
5523.766 839.695
5524.945 813.990
5526.123 806.904
5527.302 803.691
5528.481 790.466
5529.660 814.871
5530.839 854.291
5532.018 845.410
5533.196 806.660
5534.375 795.131
5535.554 817.939
5536.733 813.803
5537.912 815.250
5539.090 840.217
5540.269 948.461
5541.448 1003.416
5542.627 959.264
5543.806 865.445
5544.985 830.816
5546.163 831.081
5547.342 828.010
5548.521 836.797
5549.700 792.001
5550.879 777.024
5552.057 804.442
5553.236 802.594
5554.415 810.981
5555.594 828.894
5556.773 835.046
5557.952 855.016
5559.130 789.667
5560.309 794.161
5561.488 826.161
5562.667 866.200
5563.846 850.144
5565.024 889.877
5566.203 835.114
5567.382 867.982
5568.561 825.285
5569.740 801.885
5570.919 811.047
5572.097 768.083
5573.276 911.413
5574.455 560.096
5575.634 3346.296
5576.813 9854.622
5577.991 11269.022
5579.170 6386.720
5580.349 1089.149
5581.528 887.281
5582.707 843.959
5583.886 817.019
5585.064 815.625
5586.243 786.806
5587.422 810.022
5588.601 805.774
5589.780 862.415
5590.958 843.421
5592.137 802.928
5593.316 787.667
5594.495 816.085
5595.674 822.086
5596.853 773.598
5598.031 819.292
5599.210 839.927
5600.389 829.650
5601.568 824.943
5602.747 787.674
5603.925 797.367
5605.104 836.843
5606.283 839.768
5607.462 808.739
5608.641 815.682
5609.820 796.631
5610.998 784.425
5612.177 792.133
5613.356 806.301
5614.535 769.161
5615.714 780.306
5616.892 824.926
5618.071 786.868
5619.250 778.870
5620.429 757.538
5621.608 784.303
5622.786 811.869
5623.965 790.860
5625.144 826.170
5626.323 828.936
5627.502 754.833
5628.681 778.300
5629.859 789.716
5631.038 792.895
5632.217 807.736
5633.396 803.308
5634.575 789.520
5635.753 777.429
5636.932 769.114
5638.111 800.356
5639.290 817.053
5640.469 764.260
5641.648 782.990
5642.826 777.737
5644.005 777.406
5645.184 821.713
5646.363 816.277
5647.542 742.292
5648.720 766.689
5649.899 815.777
5651.078 783.137
5652.257 796.275
5653.436 814.565
5654.615 768.135
5655.793 774.566
5656.972 813.890
5658.151 840.239
5659.330 832.744
5660.509 771.756
5661.687 797.622
5662.866 760.776
5664.045 786.427
5665.224 790.887
5666.403 773.886
5667.582 820.835
5668.760 808.917
5669.939 808.275
5671.118 821.265
5672.297 802.822
5673.476 796.011
5674.654 785.850
5675.833 767.150
5677.012 781.572
5678.191 779.831
5679.370 756.164
5680.549 780.586
5681.727 815.744
5682.906 773.102
5684.085 791.498
5685.264 780.295
5686.443 763.431
5687.621 755.871
5688.800 771.805
5689.979 796.451
5691.158 784.388
5692.337 788.880
5693.516 802.434
5694.694 771.248
5695.873 769.841
5697.052 786.389
5698.231 767.401
5699.410 771.176
5700.588 756.104
5701.767 769.389
5702.946 777.192
5704.125 776.491
5705.304 779.500
5706.483 740.517
5707.661 776.262
5708.840 780.986
5710.019 759.095
5711.198 769.015
5712.377 761.147
5713.555 759.240
5714.734 762.487
5715.913 746.536
5717.092 758.319
5718.271 761.381
5719.450 730.615
5720.628 764.433
5721.807 772.133
5722.986 760.016
5724.165 786.194
5725.344 785.496
5726.522 760.860
5727.701 770.070
5728.880 736.793
5730.059 738.286
5731.238 772.272
5732.417 766.854
5733.595 757.142
5734.774 755.542
5735.953 748.417
5737.132 741.246
5738.311 724.004
5739.489 741.457
5740.668 736.908
5741.847 763.357
5743.026 756.004
5744.205 729.239
5745.384 740.370
5746.562 740.069
5747.741 709.926
5748.920 715.946
5750.099 771.245
5751.278 766.518
5752.456 746.315
5753.635 761.841
5754.814 758.185
5755.993 763.902
5757.172 800.267
5758.351 811.502
5759.529 788.026
5760.708 778.153
5761.887 763.720
5763.066 730.589
5764.245 755.579
5765.423 733.925
5766.602 748.816
5767.781 721.972
5768.960 695.116
5770.139 718.713
5771.318 725.843
5772.496 733.508
5773.675 743.367
5774.854 737.335
5776.033 739.921
5777.212 737.994
5778.390 764.610
5779.569 740.787
5780.748 707.942
5781.927 705.231
5783.106 694.541
5784.284 730.037
5785.463 736.052
5786.642 741.073
5787.821 724.001
5789.000 705.620
5790.179 740.211
5791.357 745.400
5792.536 779.913
5793.715 788.622
5794.894 718.420
5796.073 766.947
5797.251 726.548
5798.430 704.880
5799.609 726.705
5800.788 728.670
5801.967 734.666
5803.146 749.571
5804.324 766.652
5805.503 750.851
5806.682 752.636
5807.861 740.296
5809.040 736.646
5810.218 713.686
5811.397 699.748
5812.576 727.713
5813.755 714.300
5814.934 701.682
5816.113 710.495
5817.291 742.431
5818.470 710.517
5819.649 728.932
5820.828 738.157
5822.007 711.182
5823.185 751.259
5824.364 729.636
5825.543 702.982
5826.722 744.347
5827.901 738.235
5829.080 722.862
5830.258 708.940
5831.437 747.822
5832.616 813.446
5833.795 710.943
5834.974 697.527
5836.152 746.469
5837.331 692.285
5838.510 734.540
5839.689 702.058
5840.868 708.496
5842.047 701.310
5843.225 711.576
5844.404 704.466
5845.583 737.335
5846.762 721.207
5847.941 703.088
5849.119 732.840
5850.298 722.191
5851.477 717.731
5852.656 722.770
5853.835 715.382
5855.014 706.867
5856.192 681.095
5857.371 701.194
5858.550 706.969
5859.729 697.674
5860.908 710.240
5862.086 730.794
5863.265 733.868
5864.444 756.830
5865.623 797.230
5866.802 824.692
5867.981 817.099
5869.159 775.971
5870.338 754.543
5871.517 745.025
5872.696 693.180
5873.875 725.706
5875.053 763.860
5876.232 770.647
5877.411 2363.788
5878.590 5103.764
5879.769 5715.816
5880.948 3115.538
5882.126 1164.491
5883.305 751.705
5884.484 724.187
5885.663 737.778
5886.842 758.151
5888.020 1099.632
5889.199 1673.840
5890.378 1846.621
5891.557 1411.685
5892.736 864.360
5893.915 807.581
5895.093 1210.633
5896.272 1372.804
5897.451 1097.396
5898.630 790.137
5899.809 689.216
5900.987 714.265
5902.166 703.851
5903.345 699.443
5904.524 726.936
5905.703 720.210
5906.882 714.424
5908.060 719.522
5909.239 709.379
5910.418 713.471
5911.597 680.052
5912.776 709.715
5913.954 789.922
5915.133 792.149
5916.312 826.528
5917.491 715.846
5918.670 684.677
5919.849 697.656
5921.027 680.969
5922.206 678.682
5923.385 729.625
5924.564 765.535
5925.743 714.400
5926.921 691.555
5928.100 715.215
5929.279 714.303
5930.458 707.206
5931.637 774.753
5932.815 826.713
5933.994 809.566
5935.173 756.994
5936.352 716.878
5937.531 669.305
5938.710 673.262
5939.888 672.256
5941.067 659.726
5942.246 682.675
5943.425 657.689
5944.604 690.664
5945.782 717.412
5946.961 736.650
5948.140 677.675
5949.319 677.927
5950.498 643.536
5951.677 648.621
5952.855 758.477
5954.034 806.439
5955.213 746.004
5956.392 694.750
5957.571 669.470
5958.749 650.813
5959.928 678.114
5961.107 648.243
5962.286 649.155
5963.465 653.334
5964.644 659.016
5965.822 626.798
5967.001 629.361
5968.180 637.063
5969.359 636.630
5970.538 652.374
5971.716 658.954
5972.895 658.457
5974.074 657.960
