3561.035 1647.142
3562.213 2085.178
3563.392 2800.455
3564.571 2464.527
3565.750 2080.108
3566.929 2215.162
3568.108 2458.861
3569.286 1725.147
3570.465 2056.472
3571.644 1552.159
3572.823 1723.181
3574.002 2109.752
3575.180 2051.612
3576.359 1537.170
3577.538 2018.396
3578.717 1692.272
3579.896 2504.373
3581.075 1868.989
3582.253 1660.949
3583.432 1551.224
3584.611 2248.959
3585.790 2107.632
3586.969 1773.680
3588.147 2599.533
3589.326 2167.908
3590.505 2203.927
3591.684 2156.002
3592.863 2217.921
3594.042 2123.678
3595.220 2032.867
3596.399 2107.326
3597.578 1733.592
3598.757 1881.860
3599.936 2074.930
3601.114 2222.312
3602.293 1972.264
3603.472 1975.270
3604.651 1991.382
3605.830 1873.513
3607.009 1836.082
3608.187 2394.659
3609.366 2499.297
3610.545 2139.823
3611.724 2112.809
3612.903 1887.574
3614.081 2274.416
3615.260 2625.268
3616.439 2812.426
3617.618 2664.449
3618.797 2544.039
3619.976 2457.794
3621.154 2057.913
3622.333 2599.606
3623.512 2341.100
3624.691 1793.908
3625.870 2263.648
3627.048 2547.676
3628.227 2038.489
3629.406 2503.796
3630.585 2358.963
3631.764 2337.809
3632.943 2871.921
3634.121 2502.915
3635.300 2466.218
3636.479 3041.204
3637.658 3013.023
3638.837 2719.421
3640.015 2653.145
3641.194 2694.027
3642.373 2813.757
3643.552 2683.088
3644.731 2260.529
3645.910 2049.427
3647.088 2313.813
3648.267 2056.290
3649.446 2201.200
3650.625 2484.333
3651.804 2248.248
3652.982 1808.367
3654.161 2424.889
3655.340 1640.333
3656.519 1762.146
3657.698 1962.067
3658.877 1838.213
3660.055 1876.011
3661.234 1502.628
3662.413 2152.091
3663.592 2193.812
3664.771 2063.144
3665.949 2301.828
3667.128 1939.561
3668.307 1893.138
3669.486 1955.513
3670.665 2231.060
3671.844 1598.082
3673.022 2121.033
3674.201 1726.077
3675.380 1704.316
3676.559 1867.020
3677.738 2223.467
3678.916 1774.435
3680.095 1811.518
3681.274 1368.598
3682.453 1942.696
3683.632 1477.526
3684.811 2210.950
3685.989 1977.301
3687.168 1253.689
3688.347 1919.435
3689.526 1878.823
3690.705 1603.888
3691.883 1690.984
3693.062 1999.100
3694.241 1931.122
3695.420 1856.883
3696.599 1088.132
3697.777 1758.475
3698.956 2589.795
3700.135 2380.658
3701.314 1450.927
3702.493 1524.783
3703.672 1362.802
3704.850 1865.626
3706.029 2796.226
3707.208 2769.555
3708.387 2140.959
3709.566 1314.019
3710.744 1359.171
3711.923 1171.615
3713.102 2175.650
3714.281 2770.199
3715.460 2565.727
3716.639 1572.993
3717.817 1529.050
3718.996 1392.973
3720.175 1103.635
3721.354 1209.410
3722.533 1873.124
3723.711 3732.194
3724.890 4013.361
3726.069 4286.552
3727.248 14924.064
3728.427 27353.132
3729.606 29558.232
3730.784 36815.396
3731.963 30930.063
3733.142 11722.121
3734.321 1081.469
3735.500 2944.455
3736.678 3445.701
3737.857 3142.013
3739.036 1670.718
3740.215 1841.403
3741.394 1440.516
3742.573 1879.902
3743.751 1437.783
3744.930 1410.769
3746.109 1280.605
3747.288 1141.194
3748.467 1128.351
3749.645 1350.132
3750.824 2206.392
3752.003 3705.438
3753.182 3581.396
3754.361 2216.655
3755.540 1371.318
3756.718 1168.501
3757.897 1324.826
3759.076 1329.434
3760.255 1397.029
3761.434 1299.715
3762.612 1105.581
3763.791 1321.847
3764.970 1352.466
3766.149 1196.555
3767.328 1370.781
3768.507 1195.550
3769.685 1262.703
3770.864 1752.541
3772.043 3773.734
3773.222 4802.840
3774.401 3220.734
3775.579 1514.186
3776.758 1271.057
3777.937 1207.463
3779.116 1364.807
3780.295 1288.409
3781.474 1170.627
3782.652 1190.410
3783.831 1135.892
3785.010 1251.272
3786.189 1320.044
3787.368 1291.540
3788.546 1283.340
3789.725 1244.236
3790.904 1382.018
3792.083 1355.484
3793.262 1116.023
3794.441 1257.919
3795.619 1009.861
3796.798 1196.621
3797.977 1452.091
3799.156 3823.368
3800.335 5920.709
3801.513 4295.655
3802.692 1544.188
3803.871 1123.336
3805.050 1219.827
3806.229 1340.675
3807.408 1097.062
3808.586 1397.014
3809.765 1139.188
3810.944 1409.645
3812.123 1533.622
3813.302 1192.230
3814.480 1283.458
3815.659 1210.619
3816.838 1299.445
3818.017 1162.057
3819.196 1182.913
3820.375 1632.377
3821.553 1907.116
3822.732 2015.379
3823.911 1444.993
3825.090 1172.231
3826.269 1234.501
3827.447 1337.353
3828.626 1302.794
3829.805 1485.324
3830.984 1377.900
3832.163 1219.716
3833.342 1201.605
3834.520 1190.455
3835.699 2075.295
3836.878 5394.706
3838.057 6939.783
3839.236 4140.518
3840.414 1377.346
3841.593 950.661
3842.772 1280.463
3843.951 1248.794
3845.130 1249.742
3846.309 1264.903
3847.487 1409.416
3848.666 1029.402
3849.845 1158.071
3851.024 1188.825
3852.203 1042.792
3853.381 1217.002
3854.560 1124.906
3855.739 1061.883
3856.918 1126.871
3858.097 1175.804
3859.275 1077.300
3860.454 1123.368
3861.633 1151.503
3862.812 1219.437
3863.991 1415.219
3865.170 1143.395
3866.348 1188.268
3867.527 1498.441
3868.706 3497.595
3869.885 19066.089
3871.064 33824.067
3872.242 24624.720
3873.421 6128.630
3874.600 862.365
3875.779 1329.301
3876.958 1114.331
3878.137 1096.998
3879.315 1153.490
3880.494 956.708
3881.673 942.087
3882.852 1055.100
3884.031 1177.106
3885.209 1071.544
3886.388 1027.827
3887.567 1029.691
3888.746 1587.674
3889.925 8657.797
3891.104 15499.958
3892.282 12437.638
3893.461 3570.634
3894.640 954.476
3895.819 1040.358
3896.998 876.571
3898.176 871.231
3899.355 1045.811
3900.534 1002.600
3901.713 1162.899
3902.892 1104.988
3904.071 1054.179
3905.249 1107.224
3906.428 1219.001
3907.607 1093.234
3908.786 1206.060
3909.965 1133.718
3911.143 1281.644
3912.322 1211.967
3913.501 1052.649
3914.680 1165.368
3915.859 1055.618
3917.038 1125.489
3918.216 1039.921
3919.395 968.286
3920.574 1206.804
3921.753 1062.963
3922.932 1049.406
3924.110 1024.937
3925.289 1028.154
3926.468 974.830
3927.647 1021.119
3928.826 1181.343
3930.005 1069.273
3931.183 1000.506
3932.362 810.501
3933.541 869.004
3934.720 718.607
3935.899 809.784
3937.077 766.550
3938.256 810.058
3939.435 1119.365
3940.614 1139.922
3941.793 1117.220
3942.972 1099.834
3944.150 1020.270
3945.329 1186.696
3946.508 1242.508
3947.687 1323.462
3948.866 1174.621
3950.044 1064.258
3951.223 1057.030
3952.402 984.746
3953.581 921.055
3954.760 1014.265
3955.939 916.732
3957.117 1009.721
3958.296 900.367
3959.475 882.391
3960.654 1008.122
3961.833 878.221
3963.011 927.999
3964.190 756.638
3965.369 932.900
3966.548 1341.179
3967.727 2449.856
3968.906 6604.878
3970.084 9754.743
3971.263 11737.679
3972.442 12273.008
3973.621 8267.241
3974.800 2249.244
3975.978 749.503
3977.157 870.161
3978.336 892.567
3979.515 862.799
3980.694 886.817
3981.873 901.477
3983.051 1016.877
3984.230 906.388
3985.409 1004.054
3986.588 948.490
3987.767 982.305
3988.945 1023.183
3990.124 1015.025
3991.303 1050.291
3992.482 891.842
3993.661 937.829
3994.840 977.817
3996.018 967.814
3997.197 928.662
3998.376 977.816
3999.555 960.253
4000.734 1065.507
4001.912 989.973
4003.091 1010.219
4004.270 883.616
4005.449 1003.032
4006.628 1026.904
4007.807 1002.353
4008.985 1077.960
4010.164 1025.274
4011.343 1127.493
4012.522 1123.268
4013.701 1060.172
4014.879 952.725
4016.058 905.275
4017.237 918.095
4018.416 987.446
4019.595 1062.721
4020.773 967.704
4021.952 972.359
4023.131 958.389
4024.310 920.607
4025.489 1015.397
4026.668 1153.435
4027.846 1865.903
4029.025 2001.769
4030.204 1659.827
4031.383 968.539
4032.562 918.973
4033.740 944.097
4034.919 904.432
4036.098 963.540
4037.277 955.777
4038.456 897.922
4039.635 984.712
4040.813 1007.689
4041.992 1006.343
4043.171 959.811
4044.350 1006.442
4045.529 895.655
4046.707 890.484
4047.886 924.024
4049.065 968.188
4050.244 1005.688
4051.423 936.654
4052.602 859.436
4053.780 901.090
4054.959 867.930
4056.138 787.733
4057.317 953.284
4058.496 917.866
4059.674 938.935
4060.853 918.511
4062.032 920.169
4063.211 967.910
4064.390 940.851
4065.569 967.837
4066.747 884.799
4067.926 920.633
4069.105 1008.065
4070.284 1105.113
4071.463 1162.504
4072.641 1049.515
4073.820 899.024
4074.999 914.939
4076.178 983.588
4077.357 933.497
4078.536 932.005
4079.714 960.086
4080.893 937.528
4082.072 905.917
4083.251 809.877
4084.430 906.539
4085.608 853.626
4086.787 889.134
4087.966 840.227
4089.145 777.813
4090.324 871.583
4091.503 778.155
4092.681 856.110
4093.860 719.904
4095.039 828.598
4096.218 778.345
4097.397 716.377
4098.575 660.689
4099.754 754.288
4100.933 770.155
4102.112 2764.871
4103.291 10498.356
4104.470 15090.561
4105.648 8727.690
4106.827 1689.108
4108.006 563.145
4109.185 702.745
4110.364 708.900
4111.542 757.350
4112.721 700.187
4113.900 812.038
4115.079 769.231
4116.258 799.910
4117.437 758.056
4118.615 744.699
4119.794 762.746
4120.973 759.344
4122.152 822.644
4123.331 949.259
4124.509 887.010
4125.688 867.332
4126.867 773.357
4128.046 821.160
4129.225 813.163
4130.404 831.564
4131.582 816.885
4132.761 779.413
4133.940 782.898
4135.119 823.224
4136.298 823.705
4137.476 858.193
4138.655 853.834
4139.834 845.594
4141.013 840.551
4142.192 795.389
4143.371 763.120
4144.549 837.565
4145.728 862.196
4146.907 868.796
4148.086 789.084
4149.265 696.375
4150.443 720.026
4151.622 771.316
4152.801 772.079
4153.980 784.009
4155.159 803.523
4156.338 732.567
4157.516 797.907
4158.695 780.981
4159.874 825.113
4161.053 820.343
4162.232 789.695
4163.410 789.297
4164.589 823.915
4165.768 911.808
4166.947 842.795
4168.126 793.422
4169.305 817.423
4170.483 808.575
4171.662 812.665
4172.841 801.244
4174.020 734.643
4175.199 750.153
4176.377 781.946
4177.556 769.431
4178.735 738.013
4179.914 727.467
4181.093 744.070
4182.271 720.269
4183.450 734.204
4184.629 703.542
4185.808 735.748
4186.987 690.870
4188.166 733.762
4189.344 691.837
4190.523 643.507
4191.702 713.292
4192.881 699.274
4194.060 685.730
4195.238 744.049
4196.417 722.874
4197.596 691.402
4198.775 709.123
4199.954 675.567
4201.133 695.890
4202.311 663.583
4203.490 645.804
4204.669 642.476
4205.848 687.121
4207.027 722.520
4208.205 689.297
4209.384 708.647
4210.563 719.854
4211.742 652.989
4212.921 666.075
4214.100 648.186
4215.278 699.394
4216.457 688.792
4217.636 651.903
4218.815 695.593
4219.994 668.215
4221.172 657.242
4222.351 676.886
4223.530 688.182
4224.709 704.995
4225.888 635.745
4227.067 595.258
4228.245 612.168
4229.424 646.016
4230.603 657.557
4231.782 653.661
4232.961 642.244
4234.139 678.405
4235.318 711.292
4236.497 625.058
4237.676 600.793
4238.855 638.260
4240.034 659.410
4241.212 658.826
4242.391 691.118
4243.570 652.436
4244.749 644.137
4245.928 688.307
4247.106 636.511
4248.285 648.256
4249.464 630.981
4250.643 657.148
4251.822 596.958
4253.001 597.767
4254.179 594.293
4255.358 704.383
4256.537 650.847
4257.716 686.742
4258.895 601.035
4260.073 625.541
4261.252 601.331
4262.431 631.251
4263.610 611.935
4264.789 606.429
4265.968 632.700
4267.146 618.014
4268.325 599.243
4269.504 664.034
4270.683 653.696
4271.862 601.318
4273.040 587.896
4274.219 602.922
4275.398 582.644
4276.577 578.096
4277.756 640.298
4278.935 629.855
4280.113 593.805
4281.292 654.388
4282.471 610.211
4283.650 598.181
4284.829 642.570
4286.007 630.617
4287.186 599.062
4288.365 594.630
4289.544 571.682
4290.723 586.988
4291.902 551.944
4293.080 557.174
4294.259 595.923
4295.438 563.225
4296.617 554.845
4297.796 537.368
4298.974 573.532
4300.153 585.489
4301.332 545.251
4302.511 499.199
4303.690 532.045
4304.869 593.177
4306.047 586.428
4307.226 551.464
4308.405 560.795
4309.584 592.088
4310.763 533.972
4311.941 563.147
4313.120 597.630
4314.299 545.359
4315.478 562.296
4316.657 655.766
4317.836 626.004
4319.014 598.497
4320.193 592.886
4321.372 561.005
4322.551 570.216
4323.730 551.745
4324.908 560.187
4326.087 572.263
4327.266 539.843
4328.445 557.992
4329.624 521.795
4330.803 595.001
4331.981 537.701
4333.160 564.789
4334.339 546.066
4335.518 540.811
4336.697 566.855
4337.875 494.126
4339.054 548.240
4340.233 902.225
4341.412 5825.404
4342.591 17786.863
4343.769 17767.598
4344.948 7967.717
4346.127 431.945
4347.306 687.196
4348.485 529.673
4349.664 558.084
4350.842 520.990
4352.021 527.732
4353.200 505.633
4354.379 496.581
4355.558 588.199
4356.736 579.670
4357.915 533.803
4359.094 493.627
4360.273 555.769
4361.452 597.718
4362.631 534.755
4363.809 1092.969
4364.988 2471.150
4366.167 3199.925
4367.346 2131.235
4368.525 769.058
4369.703 618.163
4370.882 560.620
4372.061 547.127
4373.240 566.491
4374.419 538.030
4375.598 528.725
4376.776 535.484
4377.955 527.599
4379.134 569.461
4380.313 590.070
4381.492 556.164
4382.670 498.884
4383.849 502.705
4385.028 500.617
4386.207 473.089
4387.386 475.474
4388.565 558.986
4389.743 638.518
4390.922 701.096
4392.101 642.722
4393.280 508.527
4394.459 547.927
4395.637 538.974
4396.816 518.690
4397.995 550.794
4399.174 514.965
4400.353 542.533
4401.532 510.447
4402.710 512.009
4403.889 556.840
4405.068 532.302
4406.247 541.146
4407.426 572.645
4408.604 594.437
4409.783 532.557
4410.962 497.084
4412.141 550.645
4413.320 564.195
4414.499 563.851
4415.677 560.924
4416.856 554.646
4418.035 544.166
4419.214 556.460
4420.393 555.573
4421.571 546.877
4422.750 543.254
4423.929 566.506
4425.108 538.547
4426.287 530.270
4427.466 528.925
4428.644 543.703
4429.823 540.455
4431.002 499.349
4432.181 559.363
4433.360 545.861
4434.538 499.685
4435.717 488.325
4436.896 531.085
4438.075 536.139
4439.254 538.466
4440.433 574.967
4441.611 551.037
4442.790 516.895
4443.969 491.955
4445.148 486.214
4446.327 483.957
4447.505 507.827
4448.684 508.571
4449.863 521.902
4451.042 519.479
4452.221 500.081
4453.400 495.119
4454.578 500.791
4455.757 515.725
4456.936 500.313
4458.115 489.254
4459.294 510.076
4460.472 494.235
4461.651 485.377
4462.830 487.303
4464.009 489.499
4465.188 479.438
4466.367 458.503
4467.545 491.118
4468.724 499.308
4469.903 453.873
4471.082 482.823
4472.261 726.556
4473.439 1676.110
4474.618 1990.894
4475.797 1256.040
4476.976 594.484
4478.155 480.386
4479.334 474.454
4480.512 497.028
4481.691 477.175
4482.870 462.418
4484.049 495.699
4485.228 497.762
4486.406 532.013
4487.585 505.641
4488.764 497.590
4489.943 498.472
4491.122 487.304
4492.301 485.416
4493.479 486.008
4494.658 500.333
4495.837 508.146
4497.016 482.899
4498.195 453.365
4499.373 485.681
4500.552 505.669
4501.731 517.245
4502.910 497.187
4504.089 472.024
4505.267 483.577
4506.446 469.856
4507.625 533.556
4508.804 487.452
4509.983 486.155
4511.162 507.591
4512.340 500.902
4513.519 480.264
4514.698 513.361
4515.877 477.724
4517.056 471.138
4518.234 514.845
4519.413 492.556
4520.592 482.188
4521.771 509.254
4522.950 513.974
4524.129 484.442
4525.307 518.788
4526.486 503.706
4527.665 485.373
4528.844 491.420
4530.023 500.452
4531.201 514.439
4532.380 499.986
4533.559 511.864
4534.738 488.155
4535.917 486.220
4537.096 506.332
4538.274 508.288
4539.453 492.748
4540.632 498.577
4541.811 497.064
4542.990 449.985
4544.168 482.416
4545.347 504.126
4546.526 521.328
4547.705 494.049
4548.884 471.678
4550.063 479.554
4551.241 494.105
4552.420 483.281
4553.599 452.083
4554.778 453.407
4555.957 469.768
4557.135 475.487
4558.314 485.141
4559.493 498.534
4560.672 486.465
4561.851 478.948
4563.030 490.527
4564.208 492.118
4565.387 521.195
4566.566 523.290
4567.745 446.234
4568.924 465.937
4570.102 521.885
4571.281 491.974
4572.460 462.037
4573.639 479.434
4574.818 486.369
4575.997 489.849
4577.175 540.580
4578.354 538.915
4579.533 510.490
4580.712 482.173
4581.891 501.281
4583.069 474.854
4584.248 455.642
4585.427 502.590
4586.606 446.241
4587.785 459.534
4588.964 475.602
4590.142 477.566
4591.321 472.996
4592.500 481.813
4593.679 453.323
4594.858 477.003
4596.036 445.827
4597.215 478.348
4598.394 482.906
4599.573 506.554
4600.752 476.366
4601.931 455.365
4603.109 479.574
4604.288 459.580
4605.467 445.911
4606.646 483.926
4607.825 488.895
4609.003 465.030
4610.182 468.093
4611.361 487.468
4612.540 472.977
4613.719 456.272
4614.898 464.363
4616.076 470.175
4617.255 460.540
4618.434 489.801
4619.613 461.218
4620.792 465.609
4621.970 458.110
4623.149 459.504
4624.328 479.291
4625.507 463.773
4626.686 468.680
4627.865 473.404
4629.043 503.083
4630.222 450.235
4631.401 480.611
4632.580 425.217
4633.759 422.922
4634.937 463.745
4636.116 452.308
4637.295 455.929
4638.474 480.427
4639.653 528.927
4640.832 481.105
4642.010 471.757
4643.189 464.078
4644.368 526.874
4645.547 438.560
4646.726 455.790
4647.904 460.718
4649.083 457.304
4650.262 436.777
4651.441 461.467
4652.620 486.574
4653.799 521.847
4654.977 526.874
4656.156 479.637
4657.335 515.080
4658.514 507.452
4659.693 524.274
4660.871 557.466
4662.050 527.195
4663.229 502.112
4664.408 491.453
4665.587 477.768
4666.765 491.315
4667.944 459.825
4669.123 474.383
4670.302 490.042
4671.481 476.014
4672.660 491.846
4673.838 490.331
4675.017 496.884
4676.196 502.058
4677.375 482.170
4678.554 488.322
4679.732 455.666
4680.911 452.422
4682.090 484.962
4683.269 493.860
4684.448 490.176
4685.627 440.819
4686.805 468.924
4687.984 472.365
4689.163 455.448
4690.342 461.953
4691.521 491.856
4692.699 487.128
4693.878 457.000
4695.057 471.299
4696.236 473.768
4697.415 435.529
4698.594 437.863
4699.772 460.314
4700.951 495.514
4702.130 479.527
4703.309 476.031
4704.488 492.996
4705.666 462.869
4706.845 458.562
4708.024 422.079
4709.203 453.850
4710.382 465.863
4711.561 483.838
4712.739 591.897
4713.918 673.091
4715.097 787.450
4716.276 696.759
4717.455 561.647
4718.633 493.942
4719.812 515.207
4720.991 484.990
4722.170 444.753
4723.349 502.405
4724.528 467.011
4725.706 447.426
4726.885 503.197
4728.064 452.474
4729.243 426.172
4730.422 457.049
4731.600 461.050
4732.779 464.932
4733.958 458.647
4735.137 451.812
4736.316 470.938
4737.495 474.162
4738.673 463.170
4739.852 454.457
4741.031 499.810
4742.210 576.071
4743.389 620.017
4744.567 572.556
4745.746 461.303
4746.925 467.152
4748.104 495.132
4749.283 454.435
4750.462 472.056
4751.640 475.932
4752.819 469.411
4753.998 467.256
4755.177 468.598
4756.356 454.206
4757.534 468.649
4758.713 460.715
4759.892 449.467
4761.071 446.025
4762.250 472.908
4763.429 477.718
4764.607 454.819
4765.786 464.895
4766.965 474.386
4768.144 443.794
4769.323 455.481
4770.501 465.591
4771.680 489.748
4772.859 505.597
4774.038 497.596
4775.217 521.476
4776.396 443.202
4777.574 468.099
4778.753 452.970
4779.932 464.463
4781.111 457.103
4782.290 461.303
4783.468 431.035
4784.647 430.952
4785.826 462.205
4787.005 456.931
4788.184 429.115
4789.363 461.634
4790.541 453.526
4791.720 468.625
4792.899 424.425
4794.078 440.912
4795.257 445.893
4796.435 441.340
4797.614 464.619
4798.793 463.761
4799.972 449.305
4801.151 437.668
4802.330 472.689
4803.508 493.730
4804.687 479.259
4805.866 473.180
4807.045 462.995
4808.224 462.895
4809.402 447.274
4810.581 498.271
4811.760 470.783
4812.939 477.707
4814.118 486.894
4815.296 477.145
4816.475 491.886
4817.654 469.559
4818.833 497.652
4820.012 497.528
4821.191 481.040
4822.369 492.651
4823.548 491.795
4824.727 476.072
4825.906 480.209
4827.085 476.339
4828.263 478.106
4829.442 456.967
4830.621 455.994
4831.800 478.608
4832.979 519.262
4834.158 479.957
4835.336 478.866
4836.515 459.913
4837.694 496.184
4838.873 506.257
4840.052 469.230
4841.230 473.835
4842.409 452.495
4843.588 460.558
4844.767 500.693
4845.946 488.232
4847.125 470.333
4848.303 461.717
4849.482 436.036
4850.661 434.225
4851.840 454.164
4853.019 476.157
4854.197 494.426
4855.376 448.194
4856.555 415.430
4857.734 464.250
4858.913 441.433
4860.092 513.193
4861.270 565.308
4862.449 9598.103
4863.628 32892.885
4864.807 33659.777
4865.986 15615.726
4867.164 676.435
4868.343 547.239
4869.522 424.862
4870.701 451.110
4871.880 476.665
4873.059 429.566
4874.237 424.175
4875.416 427.732
4876.595 447.860
4877.774 441.138
4878.953 480.483
4880.131 478.604
4881.310 473.164
4882.489 465.680
4883.668 477.457
4884.847 467.013
4886.026 468.686
4887.204 461.298
4888.383 437.381
4889.562 442.267
4890.741 440.777
4891.920 439.453
4893.098 466.455
4894.277 451.523
4895.456 447.606
4896.635 472.596
4897.814 470.025
4898.993 494.347
4900.171 473.016
4901.350 445.325
4902.529 456.468
4903.708 492.184
4904.887 508.972
4906.065 476.873
4907.244 474.983
4908.423 482.367
4909.602 463.396
4910.781 459.028
4911.960 482.355
4913.138 476.400
4914.317 458.259
4915.496 469.108
4916.675 520.173
4917.854 441.814
4919.032 446.942
4920.211 464.545
4921.390 439.805
4922.569 464.379
4923.748 710.221
4924.927 842.709
4926.105 724.679
4927.284 498.486
4928.463 473.212
4929.642 488.186
4930.821 453.030
4931.999 463.214
4933.178 486.091
4934.357 498.615
4935.536 486.727
4936.715 498.272
4937.894 499.174
4939.072 438.619
4940.251 439.177
4941.430 517.746
4942.609 483.494
4943.788 519.878
4944.966 467.878
4946.145 458.399
4947.324 486.857
4948.503 478.710
4949.682 513.868
4950.861 510.584
4952.039 520.789
4953.218 494.180
4954.397 506.886
4955.576 514.926
4956.755 416.244
4957.933 989.338
4959.112 -123.355
4960.291 26619.206
4961.470 60063.108
4962.649 60420.227
4963.828 19929.448
4965.006 -320.956
4966.185 980.922
4967.364 507.806
4968.543 635.238
4969.722 570.183
4970.900 544.126
4972.079 509.121
4973.258 499.269
4974.437 506.494
4975.616 477.833
4976.794 472.729
4977.973 484.398
4979.152 519.237
4980.331 505.624
4981.510 520.441
4982.689 504.005
4983.867 516.051
4985.046 479.611
4986.225 477.343
4987.404 542.758
4988.583 580.674
4989.761 571.401
4990.940 534.252
4992.119 525.661
4993.298 511.335
4994.477 516.254
4995.656 521.281
4996.834 547.229
4998.013 574.528
4999.192 533.897
5000.371 550.411
5001.550 547.108
5002.728 612.275
5003.907 481.030
5005.086 1103.213
5006.265 -754.959
5007.444 13838.572
5008.623 106888.403
5009.801 201561.242
5010.980 141165.517
5012.159 26771.896
5013.338 -433.818
5014.517 1010.205
5015.695 487.522
5016.874 764.378
5018.053 1214.262
5019.232 1244.127
5020.411 845.732
5021.590 533.058
5022.768 484.174
5023.947 515.692
5025.126 497.232
5026.305 480.067
5027.484 479.184
5028.662 486.476
5029.841 501.426
5031.020 488.228
5032.199 467.560
5033.378 469.587
5034.557 476.679
5035.735 440.630
5036.914 452.619
5038.093 491.240
5039.272 479.771
5040.451 451.017
5041.629 437.138
5042.808 456.993
5043.987 487.077
5045.166 477.668
5046.345 468.842
5047.524 446.391
5048.702 425.156
5049.881 490.716
5051.060 462.294
5052.239 497.437
5053.418 454.537
5054.596 465.020
5055.775 455.293
5056.954 429.137
5058.133 446.426
5059.312 451.746
5060.491 455.389
5061.669 430.524
5062.848 418.937
5064.027 425.046
5065.206 429.672
5066.385 419.219
5067.563 429.203
5068.742 436.284
5069.921 398.559
5071.100 393.610
5072.279 433.762
5073.458 424.639
5074.636 395.834
5075.815 390.862
5076.994 422.924
5078.173 445.335
5079.352 389.858
5080.530 418.588
5081.709 405.192
5082.888 382.743
5084.067 386.348
5085.246 381.085
5086.425 395.556
5087.603 418.346
5088.782 453.940
5089.961 404.249
5091.140 395.750
5092.319 421.325
5093.497 418.156
5094.676 395.546
5095.855 409.244
5097.034 406.688
5098.213 392.706
5099.392 390.591
5100.570 378.555
5101.749 384.791
5102.928 405.317
5104.107 412.648
5105.286 420.508
5106.464 412.412
5107.643 380.121
5108.822 384.988
5110.001 394.132
5111.180 379.251
5112.359 400.228
5113.537 382.782
5114.716 402.337
5115.895 422.004
5117.074 399.421
5118.253 427.350
5119.431 418.562
5120.610 409.143
5121.789 418.809
5122.968 423.303
5124.147 393.025
5125.326 380.914
5126.504 356.934
5127.683 375.396
5128.862 401.538
5130.041 388.522
5131.220 424.913
5132.398 419.007
5133.577 379.881
5134.756 397.336
5135.935 375.687
5137.114 374.284
5138.292 398.075
5139.471 376.914
5140.650 360.238
5141.829 373.170
5143.008 399.038
5144.187 415.179
5145.365 398.256
5146.544 370.810
5147.723 405.167
5148.902 372.118
5150.081 405.101
5151.259 412.495
5152.438 393.056
5153.617 396.320
5154.796 389.064
5155.975 402.659
5157.154 411.764
5158.332 414.548
5159.511 418.927
5160.690 408.856
5161.869 391.002
5163.048 377.432
5164.226 390.407
5165.405 383.327
5166.584 363.917
5167.763 376.336
5168.942 368.601
5170.121 370.052
5171.299 346.258
5172.478 354.321
5173.657 394.410
5174.836 366.550
5176.015 349.526
5177.193 382.314
5178.372 417.299
5179.551 380.277
5180.730 364.753
5181.909 375.181
5183.088 375.956
5184.266 344.411
5185.445 352.966
5186.624 379.017
5187.803 376.954
5188.982 389.841
5190.160 402.413
5191.339 404.315
5192.518 397.270
5193.697 396.733
5194.876 408.485
5196.055 492.045
5197.233 770.766
5198.412 894.893
5199.591 934.950
5200.770 692.350
5201.949 616.426
5203.127 473.049
5204.306 430.757
5205.485 375.906
5206.664 363.924
5207.843 363.058
5209.022 368.640
5210.200 369.529
5211.379 360.030
5212.558 376.764
5213.737 376.021
5214.916 363.614
5216.094 372.270
5217.273 379.905
5218.452 380.659
5219.631 393.062
5220.810 407.373
5221.989 384.135
5223.167 383.621
5224.346 421.633
5225.525 385.457
5226.704 387.768
5227.883 371.638
5229.061 360.588
5230.240 364.174
5231.419 390.160
5232.598 405.023
5233.777 361.928
5234.956 375.794
5236.134 373.857
5237.313 402.938
5238.492 427.984
5239.671 395.339
5240.850 385.074
5242.028 375.118
5243.207 386.040
5244.386 381.318
5245.565 346.861
5246.744 358.504
5247.923 361.893
5249.101 395.221
5250.280 363.869
5251.459 388.283
5252.638 369.890
5253.817 356.121
5254.995 374.703
5256.174 425.947
5257.353 420.869
5258.532 396.035
5259.711 371.753
5260.890 356.101
5262.068 347.687
5263.247 338.921
5264.426 331.586
5265.605 353.311
5266.784 359.297
5267.962 327.282
5269.141 330.477
5270.320 366.614
5271.499 343.738
5272.678 340.784
5273.857 386.667
5275.035 386.469
5276.214 401.974
5277.393 401.879
5278.572 367.323
5279.751 348.565
5280.929 385.887
5282.108 344.850
5283.287 334.565
5284.466 335.888
5285.645 374.153
5286.824 356.094
5288.002 389.909
5289.181 380.405
5290.360 387.033
5291.539 376.841
5292.718 364.812
5293.896 372.006
5295.075 355.672
5296.254 354.866
5297.433 358.965
5298.612 364.169
5299.790 386.869
5300.969 363.163
5302.148 335.877
5303.327 353.898
5304.506 353.671
5305.685 368.001
5306.863 356.545
5308.042 359.092
5309.221 360.478
5310.400 357.159
5311.579 353.515
5312.757 374.220
5313.936 373.290
5315.115 350.970
5316.294 354.191
5317.473 354.843
5318.652 346.650
5319.830 352.632
5321.009 366.371
5322.188 364.932
5323.367 359.650
5324.546 350.568
5325.724 350.326
5326.903 337.063
5328.082 366.389
5329.261 463.725
5330.440 490.080
5331.619 456.289
5332.797 390.755
5333.976 353.051
5335.155 341.191
5336.334 352.123
5337.513 368.424
5338.691 367.291
5339.870 328.641
5341.049 347.443
5342.228 358.977
5343.407 336.090
5344.586 348.468
5345.764 344.872
5346.943 344.564
5348.122 354.029
5349.301 343.013
5350.480 362.584
5351.658 351.518
5352.837 354.170
5354.016 344.963
5355.195 358.845
5356.374 335.319
5357.553 350.202
5358.731 355.405
5359.910 340.810
5361.089 339.319
5362.268 327.987
5363.447 336.694
5364.625 338.489
5365.804 343.934
5366.983 344.715
5368.162 333.395
5369.341 321.635
5370.520 327.065
5371.698 340.432
5372.877 321.213
5374.056 345.607
5375.235 337.163
5376.414 329.781
5377.592 338.579
5378.771 368.778
5379.950 373.758
5381.129 329.141
5382.308 334.752
5383.487 347.904
5384.665 330.553
5385.844 342.348
5387.023 365.388
5388.202 338.210
5389.381 337.849
5390.559 360.235
5391.738 330.788
5392.917 323.777
5394.096 361.831
5395.275 337.776
5396.454 310.848
5397.632 317.969
5398.811 326.722
5399.990 338.061
5401.169 307.632
5402.348 334.340
5403.526 316.055
5404.705 324.513
5405.884 306.454
5407.063 296.259
5408.242 315.193
5409.421 311.210
5410.599 315.942
5411.778 301.216
5412.957 333.808
5414.136 338.819
5415.315 309.629
5416.493 343.628
5417.672 322.891
5418.851 316.212
5420.030 332.243
5421.209 334.063
5422.388 314.870
5423.566 318.077
5424.745 330.721
5425.924 317.925
5427.103 324.145
5428.282 318.082
5429.460 312.416
5430.639 285.001
5431.818 308.424
5432.997 307.433
5434.176 310.805
5435.355 339.797
5436.533 359.085
5437.712 346.624
5438.891 312.941
5440.070 318.463
5441.249 322.767
5442.427 312.569
5443.606 293.548
5444.785 310.981
5445.964 313.677
5447.143 362.640
5448.322 307.304
5449.500 317.931
5450.679 316.081
5451.858 303.852
5453.037 321.108
5454.216 312.405
5455.394 333.434
5456.573 299.504
5457.752 281.772
5458.931 324.329
5460.110 324.789
5461.288 325.314
5462.467 321.268
5463.646 302.258
5464.825 309.127
5466.004 318.437
5467.183 316.485
5468.361 303.704
5469.540 346.921
5470.719 322.094
5471.898 307.084
5473.077 298.134
5474.255 315.133
5475.434 288.183
5476.613 317.016
5477.792 340.692
5478.971 311.421
5480.150 301.985
5481.328 317.107
5482.507 306.820
5483.686 311.864
5484.865 327.650
5486.044 300.777
5487.222 283.566
5488.401 283.442
5489.580 318.238
5490.759 323.775
5491.938 303.882
5493.117 296.484
5494.295 309.674
5495.474 297.707
5496.653 298.580
5497.832 310.258
5499.011 323.560
5500.189 307.763
5501.368 318.103
5502.547 321.053
5503.726 294.556
5504.905 304.161
5506.084 315.224
5507.262 314.442
5508.441 317.899
5509.620 322.974
5510.799 304.190
5511.978 307.016
5513.156 297.854
5514.335 315.290
5515.514 317.696
5516.693 318.239
5517.872 300.078
5519.051 329.421
5520.229 398.183
5521.408 431.287
5522.587 377.734
5523.766 296.879
5524.945 311.015
5526.123 320.464
5527.302 280.566
5528.481 310.007
5529.660 299.571
5530.839 281.349
5532.018 305.290
5533.196 291.800
5534.375 307.346
5535.554 300.435
5536.733 294.567
5537.912 338.501
5539.090 319.450
5540.269 362.157
5541.448 389.673
5542.627 380.768
5543.806 369.029
5544.985 345.989
5546.163 315.418
5547.342 317.057
5548.521 326.230
5549.700 312.538
5550.879 319.131
5552.057 290.869
5553.236 302.882
5554.415 314.491
5555.594 327.947
5556.773 313.527
5557.952 328.410
5559.130 286.101
5560.309 296.303
5561.488 316.205
5562.667 361.585
5563.846 361.402
5565.024 348.904
5566.203 320.755
5567.382 301.130
5568.561 334.950
5569.740 335.878
5570.919 319.076
5572.097 322.858
5573.276 291.640
5574.455 381.505
5575.634 2759.887
5576.813 9352.430
5577.991 10739.093
5579.170 5199.842
5580.349 918.117
5581.528 247.487
5582.707 342.265
5583.886 296.984
5585.064 293.555
5586.243 299.839
5587.422 334.729
5588.601 344.581
5589.780 331.033
5590.958 319.901
5592.137 283.333
5593.316 281.416
5594.495 299.813
5595.674 308.623
5596.853 332.727
5598.031 308.945
5599.210 328.589
5600.389 305.283
5601.568 281.053
5602.747 309.494
5603.925 323.689
5605.104 351.272
5606.283 350.331
5607.462 307.372
5608.641 310.336
5609.820 320.616
5610.998 310.319
5612.177 311.050
5613.356 300.546
5614.535 277.065
5615.714 269.621
5616.892 293.236
5618.071 321.045
5619.250 280.906
5620.429 282.434
5621.608 291.442
5622.786 327.231
5623.965 326.250
5625.144 330.932
5626.323 309.884
5627.502 271.077
5628.681 295.963
5629.859 299.967
5631.038 279.625
5632.217 303.747
5633.396 296.830
5634.575 296.158
5635.753 298.988
5636.932 296.112
5638.111 293.358
5639.290 313.645
5640.469 292.891
5641.648 279.331
5642.826 273.095
5644.005 313.545
5645.184 312.810
5646.363 286.905
5647.542 294.433
5648.720 279.734
5649.899 257.883
5651.078 284.388
5652.257 308.799
5653.436 311.112
5654.615 291.394
5655.793 295.141
5656.972 311.353
5658.151 297.852
5659.330 302.349
5660.509 315.369
5661.687 292.058
5662.866 270.372
5664.045 296.453
5665.224 309.568
5666.403 309.012
5667.582 301.234
5668.760 289.594
5669.939 288.646
5671.118 290.199
5672.297 309.010
5673.476 319.267
5674.654 298.715
5675.833 322.847
5677.012 297.703
5678.191 300.687
5679.370 314.404
5680.549 321.206
5681.727 306.039
5682.906 313.427
5684.085 306.113
5685.264 298.062
5686.443 278.966
5687.621 294.121
5688.800 336.346
5689.979 329.659
5691.158 311.105
5692.337 331.258
5693.516 339.552
5694.694 310.696
5695.873 314.345
5697.052 315.260
5698.231 312.159
5699.410 328.809
5700.588 299.476
5701.767 288.960
5702.946 292.218
5704.125 303.728
5705.304 286.118
5706.483 286.664
5707.661 298.976
5708.840 301.177
5710.019 308.033
5711.198 289.940
5712.377 286.828
5713.555 314.861
5714.734 303.067
5715.913 286.783
5717.092 305.169
5718.271 296.834
5719.450 295.847
5720.628 302.487
5721.807 310.272
5722.986 279.150
5724.165 304.238
5725.344 309.126
5726.522 287.092
5727.701 299.158
5728.880 311.401
5730.059 300.488
5731.238 295.778
5732.417 303.700
5733.595 297.774
5734.774 309.702
5735.953 321.722
5737.132 293.446
5738.311 283.041
5739.489 286.266
5740.668 294.624
5741.847 298.996
5743.026 310.153
5744.205 302.125
5745.384 294.956
5746.562 285.373
5747.741 288.254
5748.920 306.059
5750.099 296.037
5751.278 282.590
5752.456 283.263
5753.635 280.368
5754.814 293.760
5755.993 272.904
5757.172 300.379
5758.351 313.041
5759.529 288.126
5760.708 300.542
5761.887 284.210
5763.066 274.541
5764.245 300.720
5765.423 305.135
5766.602 303.187
5767.781 304.573
5768.960 300.759
5770.139 298.782
5771.318 277.480
5772.496 280.951
5773.675 284.183
5774.854 286.706
5776.033 264.281
5777.212 294.482
5778.390 311.276
5779.569 292.408
5780.748 285.359
5781.927 280.458
5783.106 260.724
5784.284 267.913
5785.463 279.038
5786.642 280.246
5787.821 298.958
5789.000 297.607
5790.179 294.003
5791.357 296.672
5792.536 280.288
5793.715 295.350
5794.894 257.839
5796.073 269.103
5797.251 271.230
5798.430 288.111
5799.609 289.988
5800.788 256.027
5801.967 242.038
5803.146 279.676
5804.324 296.775
5805.503 274.092
5806.682 281.806
5807.861 296.708
5809.040 277.877
5810.218 279.883
5811.397 299.260
5812.576 282.962
5813.755 278.046
5814.934 280.990
5816.113 294.530
5817.291 286.077
5818.470 275.619
5819.649 260.998
5820.828 294.195
5822.007 296.869
5823.185 285.991
5824.364 292.901
5825.543 292.518
5826.722 292.746
5827.901 278.963
5829.080 264.533
5830.258 289.148
5831.437 280.836
5832.616 285.342
5833.795 302.630
5834.974 279.704
5836.152 274.409
5837.331 276.979
5838.510 288.982
5839.689 275.438
5840.868 281.425
5842.047 300.795
5843.225 280.852
5844.404 273.298
5845.583 276.099
5846.762 260.044
5847.941 276.293
5849.119 285.754
5850.298 280.546
5851.477 288.097
5852.656 279.052
5853.835 282.274
5855.014 289.429
5856.192 280.728
5857.371 271.910
5858.550 275.802
5859.729 271.710
5860.908 275.680
5862.086 278.794
5863.265 275.107
5864.444 307.423
5865.623 365.418
5866.802 408.285
5867.981 405.630
5869.159 353.419
5870.338 341.505
5871.517 283.414
5872.696 309.037
5873.875 300.561
5875.053 326.464
5876.232 304.513
5877.411 1291.412
5878.590 2566.026
5879.769 2674.621
5880.948 1489.908
5882.126 481.846
5883.305 325.236
5884.484 285.144
5885.663 308.723
5886.842 365.479
5888.020 632.790
5889.199 1219.635
5890.378 1373.885
5891.557 949.539
5892.736 476.202
5893.915 444.103
5895.093 792.790
5896.272 969.330
5897.451 696.885
5898.630 381.719
5899.809 296.170
5900.987 290.465
5902.166 288.590
5903.345 295.234
5904.524 300.242
5905.703 314.169
5906.882 301.203
5908.060 306.544
5909.239 299.947
5910.418 283.261
5911.597 291.837
5912.776 291.854
5913.954 348.228
5915.133 388.373
5916.312 370.176
5917.491 340.907
5918.670 312.485
5919.849 301.641
5921.027 286.520
5922.206 277.261
5923.385 322.873
5924.564 336.284
5925.743 337.267
5926.921 292.005
5928.100 280.012
5929.279 273.250
5930.458 289.317
5931.637 346.884
5932.815 423.120
5933.994 415.179
5935.173 356.588
5936.352 304.194
5937.531 271.796
5938.710 274.531
5939.888 265.554
5941.067 265.946
5942.246 278.278
5943.425 257.836
5944.604 282.833
5945.782 292.948
5946.961 321.240
5948.140 315.080
5949.319 285.066
5950.498 270.315
5951.677 292.124
5952.855 363.486
5954.034 389.847
5955.213 328.793
5956.392 287.209
5957.571 284.861
5958.749 290.775
5959.928 273.703
5961.107 282.929
5962.286 251.798
5963.465 274.580
5964.644 275.200
5965.822 262.529
5967.001 264.148
5968.180 264.959
5969.359 272.203
5970.538 290.213
5971.716 303.861
5972.895 303.859
5974.074 303.859
