3561.035 3852.510
3562.213 3523.939
3563.392 3468.266
3564.571 3370.187
3565.750 2773.925
3566.929 3358.203
3568.108 4081.410
3569.286 3712.801
3570.465 3127.984
3571.644 3426.787
3572.823 3351.389
3574.002 2906.005
3575.180 3059.292
3576.359 3052.698
3577.538 3365.728
3578.717 3660.566
3579.896 3425.591
3581.075 3194.623
3582.253 3364.799
3583.432 3505.223
3584.611 3246.651
3585.790 2764.311
3586.969 2627.859
3588.147 3007.281
3589.326 3086.604
3590.505 3548.787
3591.684 3144.224
3592.863 3447.819
3594.042 3020.431
3595.220 3309.763
3596.399 3161.441
3597.578 2755.359
3598.757 3448.319
3599.936 3250.356
3601.114 3343.759
3602.293 3596.986
3603.472 3864.704
3604.651 2955.212
3605.830 2970.792
3607.009 3240.800
3608.187 3047.433
3609.366 3286.789
3610.545 3681.578
3611.724 2916.233
3612.903 3345.915
3614.081 3380.719
3615.260 3803.051
3616.439 3889.464
3617.618 3502.348
3618.797 3828.371
3619.976 3348.922
3621.154 3476.057
3622.333 3851.380
3623.512 3907.651
3624.691 3212.088
3625.870 3322.757
3627.048 3361.916
3628.227 3427.494
3629.406 3633.023
3630.585 3851.515
3631.764 3890.571
3632.943 3798.922
3634.121 3488.257
3635.300 4056.370
3636.479 4224.893
3637.658 4240.641
3638.837 3937.325
3640.015 4042.349
3641.194 3841.786
3642.373 3444.723
3643.552 3802.934
3644.731 3648.148
3645.910 3656.777
3647.088 3811.525
3648.267 3584.378
3649.446 3697.666
3650.625 3542.777
3651.804 3825.936
3652.982 3321.016
3654.161 3223.510
3655.340 2955.137
3656.519 3626.451
3657.698 3374.395
3658.877 3444.127
3660.055 3282.876
3661.234 3318.671
3662.413 3675.822
3663.592 3364.576
3664.771 3425.655
3665.949 3032.556
3667.128 3501.112
3668.307 3613.737
3669.486 3222.528
3670.665 3048.407
3671.844 3142.983
3673.022 3291.489
3674.201 3347.097
3675.380 3436.759
3676.559 3326.875
3677.738 3253.442
3678.916 3206.357
3680.095 3220.883
3681.274 3204.908
3682.453 3449.670
3683.632 3222.801
3684.811 3390.555
3685.989 3397.450
3687.168 2982.342
3688.347 3389.560
3689.526 3522.571
3690.705 3272.835
3691.883 3012.222
3693.062 3715.310
3694.241 3239.559
3695.420 3691.732
3696.599 2794.981
3697.777 3037.046
3698.956 3728.133
3700.135 3780.883
3701.314 3325.077
3702.493 2825.983
3703.672 2998.959
3704.850 3880.628
3706.029 4164.860
3707.208 3984.151
3708.387 3601.098
3709.566 2654.637
3710.744 2471.511
3711.923 2609.890
3713.102 3211.802
3714.281 3786.683
3715.460 3684.396
3716.639 3163.170
3717.817 2676.980
3718.996 3002.455
3720.175 2595.331
3721.354 2762.342
3722.533 3194.482
3723.711 4691.715
3724.890 5218.351
3726.069 5741.070
3727.248 13915.433
3728.427 21657.510
3729.606 27112.351
3730.784 31103.716
3731.963 27232.090
3733.142 13604.867
3734.321 5651.694
3735.500 3820.742
3736.678 4566.077
3737.857 4085.239
3739.036 3362.955
3740.215 3200.317
3741.394 3173.764
3742.573 2881.178
3743.751 3259.057
3744.930 2983.908
3746.109 3157.596
3747.288 2935.521
3748.467 2763.508
3749.645 2722.470
3750.824 3344.021
3752.003 4418.130
3753.182 4619.910
3754.361 3560.269
3755.540 2887.083
3756.718 2786.294
3757.897 2698.216
3759.076 3082.298
3760.255 2741.377
3761.434 3158.737
3762.612 2910.551
3763.791 2894.141
3764.970 3013.320
3766.149 2724.663
3767.328 2603.928
3768.507 2687.640
3769.685 2206.420
3770.864 2619.601
3772.043 4541.985
3773.222 5519.991
3774.401 4138.592
3775.579 2611.687
3776.758 2445.109
3777.937 2824.491
3779.116 2739.240
3780.295 2640.366
3781.474 2807.815
3782.652 2764.066
3783.831 2450.257
3785.010 2652.297
3786.189 2842.002
3787.368 2790.318
3788.546 2584.218
3789.725 2854.109
3790.904 2582.355
3792.083 2670.791
3793.262 2704.239
3794.441 2563.464
3795.619 2484.551
3796.798 2237.027
3797.977 2443.012
3799.156 4258.775
3800.335 5725.854
3801.513 4923.271
3802.692 2855.406
3803.871 2649.472
3805.050 2220.456
3806.229 2616.808
3807.408 2832.249
3808.586 2689.476
3809.765 2819.570
3810.944 2975.879
3812.123 2763.831
3813.302 2841.428
3814.480 2991.049
3815.659 2784.442
3816.838 2771.650
3818.017 2687.590
3819.196 2839.350
3820.375 2920.940
3821.553 3126.194
3822.732 3081.379
3823.911 2752.417
3825.090 2432.733
3826.269 2415.393
3827.447 2574.770
3828.626 2730.522
3829.805 2792.630
3830.984 2798.011
3832.163 2527.035
3833.342 2256.809
3834.520 2489.352
3835.699 2941.210
3836.878 6026.100
3838.057 7775.890
3839.236 5306.867
3840.414 2509.897
3841.593 2383.786
3842.772 2411.331
3843.951 2516.903
3845.130 2334.763
3846.309 2704.845
3847.487 2632.901
3848.666 2737.033
3849.845 2526.773
3851.024 2570.917
3852.203 2669.714
3853.381 2517.678
3854.560 2565.470
3855.739 2566.891
3856.918 2528.009
3858.097 2364.955
3859.275 2449.458
3860.454 2674.285
3861.633 2551.336
3862.812 2731.964
3863.991 2694.981
3865.170 2571.915
3866.348 2395.061
3867.527 2659.574
3868.706 4741.284
3869.885 18347.266
3871.064 37066.959
3872.242 29793.696
3873.421 8418.809
3874.600 2521.778
3875.779 2666.472
3876.958 2331.938
3878.137 2351.602
3879.315 2244.268
3880.494 2208.064
3881.673 2289.529
3882.852 2337.369
3884.031 2257.539
3885.209 2118.465
3886.388 1948.259
3887.567 2018.187
3888.746 2552.656
3889.925 7445.058
3891.104 14960.050
3892.282 12253.396
3893.461 5051.578
3894.640 1761.266
3895.819 1994.649
3896.998 1952.050
3898.176 1980.186
3899.355 2156.472
3900.534 2329.808
3901.713 2030.057
3902.892 2285.270
3904.071 2293.894
3905.249 2375.673
3906.428 2571.626
3907.607 2439.462
3908.786 2525.500
3909.965 2564.483
3911.143 2302.540
3912.322 2418.092
3913.501 2508.832
3914.680 2434.140
3915.859 2323.067
3917.038 2284.343
3918.216 2417.203
3919.395 2396.914
3920.574 2253.469
3921.753 2187.486
3922.932 1958.323
3924.110 2249.580
3925.289 2184.589
3926.468 2275.645
3927.647 2192.556
3928.826 2097.245
3930.005 2261.218
3931.183 1989.543
3932.362 1909.129
3933.541 1935.942
3934.720 1875.499
3935.899 1910.697
3937.077 2014.138
3938.256 2256.530
3939.435 2265.598
3940.614 2218.290
3941.793 2187.608
3942.972 2306.501
3944.150 2242.314
3945.329 2111.679
3946.508 2373.226
3947.687 2265.201
3948.866 2352.793
3950.044 2248.661
3951.223 2154.645
3952.402 2135.809
3953.581 2077.710
3954.760 2031.561
3955.939 2200.306
3957.117 2068.716
3958.296 2017.463
3959.475 2043.774
3960.654 1978.754
3961.833 1922.544
3963.011 1857.526
3964.190 1980.624
3965.369 1918.493
3966.548 2207.441
3967.727 2770.311
3968.906 7050.962
3970.084 9922.660
3971.263 11561.455
3972.442 11100.367
3973.621 8723.074
3974.800 3226.836
3975.978 1619.087
3977.157 1838.128
3978.336 1732.062
3979.515 1928.836
3980.694 1877.106
3981.873 1969.004
3983.051 1892.351
3984.230 1893.577
3985.409 1972.387
3986.588 1860.449
3987.767 1900.843
3988.945 1966.004
3990.124 1901.393
3991.303 1988.599
3992.482 1949.261
3993.661 1917.570
3994.840 1993.142
3996.018 1935.354
3997.197 1799.628
3998.376 1965.035
3999.555 1895.954
4000.734 1936.377
4001.912 2017.156
4003.091 1945.106
4004.270 1916.820
4005.449 1969.578
4006.628 1828.740
4007.807 1821.745
4008.985 1924.650
4010.164 1930.232
4011.343 1916.558
4012.522 1946.419
4013.701 1800.751
4014.879 1767.292
4016.058 1885.696
4017.237 1932.634
4018.416 1886.028
4019.595 1896.266
4020.773 1905.913
4021.952 1932.951
4023.131 1828.724
4024.310 1831.820
4025.489 1736.758
4026.668 1942.800
4027.846 2290.446
4029.025 2631.971
4030.204 2204.883
4031.383 1870.726
4032.562 1715.326
4033.740 1794.254
4034.919 1823.061
4036.098 1805.916
4037.277 1877.370
4038.456 1877.574
4039.635 1908.451
4040.813 1875.544
4041.992 1872.584
4043.171 2020.202
4044.350 1946.654
4045.529 1843.904
4046.707 1855.485
4047.886 1758.166
4049.065 1798.431
4050.244 1756.336
4051.423 1842.294
4052.602 1828.991
4053.780 1749.630
4054.959 1840.479
4056.138 1717.247
4057.317 1828.914
4058.496 1707.383
4059.674 1789.128
4060.853 1820.164
4062.032 1810.939
4063.211 1812.620
4064.390 1833.427
4065.569 1832.376
4066.747 1863.755
4067.926 1731.966
4069.105 1802.823
4070.284 2050.086
4071.463 2082.999
4072.641 1903.149
4073.820 1762.562
4074.999 1711.119
4076.178 1670.200
4077.357 1874.187
4078.536 1827.742
4079.714 1811.691
4080.893 1699.619
4082.072 1692.843
4083.251 1668.322
4084.430 1655.459
4085.608 1630.092
4086.787 1665.292
4087.966 1583.370
4089.145 1613.924
4090.324 1511.543
4091.503 1619.572
4092.681 1594.183
4093.860 1509.194
4095.039 1533.293
4096.218 1526.694
4097.397 1488.744
4098.575 1398.194
4099.754 1287.681
4100.933 1474.795
4102.112 2659.541
4103.291 9515.050
4104.470 13422.187
4105.648 9491.143
4106.827 2405.990
4108.006 1440.240
4109.185 1377.634
4110.364 1326.679
4111.542 1373.215
4112.721 1510.107
4113.900 1459.779
4115.079 1371.883
4116.258 1357.452
4117.437 1460.380
4118.615 1536.021
4119.794 1427.241
4120.973 1467.702
4122.152 1538.127
4123.331 1581.257
4124.509 1540.436
4125.688 1523.041
4126.867 1474.621
4128.046 1553.406
4129.225 1576.158
4130.404 1526.788
4131.582 1548.660
4132.761 1488.743
4133.940 1538.045
4135.119 1565.833
4136.298 1492.487
4137.476 1541.015
4138.655 1403.409
4139.834 1506.460
4141.013 1531.069
4142.192 1416.486
4143.371 1369.599
4144.549 1380.797
4145.728 1448.935
4146.907 1572.991
4148.086 1339.698
4149.265 1470.155
4150.443 1259.903
4151.622 1400.611
4152.801 1525.156
4153.980 1400.128
4155.159 1462.346
4156.338 1501.711
4157.516 1534.895
4158.695 1427.269
4159.874 1351.822
4161.053 1457.210
4162.232 1504.571
4163.410 1611.173
4164.589 1583.102
4165.768 1523.453
4166.947 1582.849
4168.126 1511.253
4169.305 1445.886
4170.483 1515.299
4171.662 1447.056
4172.841 1460.902
4174.020 1463.787
4175.199 1394.444
4176.377 1365.881
4177.556 1401.742
4178.735 1474.481
4179.914 1435.053
4181.093 1394.026
4182.271 1389.981
4183.450 1340.252
4184.629 1422.233
4185.808 1435.801
4186.987 1354.452
4188.166 1365.052
4189.344 1352.868
4190.523 1383.237
4191.702 1383.107
4192.881 1353.404
4194.060 1359.959
4195.238 1371.959
4196.417 1310.302
4197.596 1339.057
4198.775 1333.492
4199.954 1257.345
4201.133 1333.738
4202.311 1329.629
4203.490 1356.332
4204.669 1281.665
4205.848 1316.255
4207.027 1378.840
4208.205 1314.733
4209.384 1342.939
4210.563 1368.088
4211.742 1325.366
4212.921 1278.516
4214.100 1311.001
4215.278 1249.621
4216.457 1270.303
4217.636 1247.499
4218.815 1241.048
4219.994 1275.982
4221.172 1298.293
4222.351 1306.225
4223.530 1288.948
4224.709 1303.498
4225.888 1207.958
4227.067 1181.126
4228.245 1177.544
4229.424 1206.259
4230.603 1194.776
4231.782 1301.533
4232.961 1204.976
4234.139 1257.346
4235.318 1240.014
4236.497 1225.464
4237.676 1278.082
4238.855 1256.263
4240.034 1226.603
4241.212 1290.068
4242.391 1169.813
4243.570 1273.757
4244.749 1242.259
4245.928 1219.041
4247.106 1264.888
4248.285 1256.831
4249.464 1206.779
4250.643 1215.651
4251.822 1229.612
4253.001 1318.579
4254.179 1243.770
4255.358 1193.060
4256.537 1199.609
4257.716 1176.136
4258.895 1204.661
4260.073 1164.745
4261.252 1099.801
4262.431 1170.486
4263.610 1213.165
4264.789 1192.409
4265.968 1182.547
4267.146 1221.922
4268.325 1214.616
4269.504 1226.713
4270.683 1163.168
4271.862 1182.986
4273.040 1175.370
4274.219 1142.117
4275.398 1134.280
4276.577 1118.239
4277.756 1113.753
4278.935 1121.129
4280.113 1170.428
4281.292 1079.903
4282.471 1087.047
4283.650 1172.053
4284.829 1129.822
4286.007 1102.895
4287.186 1129.984
4288.365 1027.867
4289.544 1082.022
4290.723 1168.704
4291.902 1170.957
4293.080 1131.024
4294.259 1110.366
4295.438 1069.451
4296.617 1091.509
4297.796 1086.116
4298.974 1101.308
4300.153 1019.259
4301.332 1073.988
4302.511 1048.697
4303.690 1044.270
4304.869 1095.504
4306.047 1104.578
4307.226 1127.717
4308.405 1057.894
4309.584 1111.711
4310.763 1050.382
4311.941 1107.983
4313.120 1034.249
4314.299 1111.187
4315.478 1084.237
4316.657 1049.432
4317.836 1074.466
4319.014 1122.940
4320.193 1078.036
4321.372 1071.221
4322.551 1058.870
4323.730 1093.131
4324.908 1058.711
4326.087 990.981
4327.266 1007.624
4328.445 1029.200
4329.624 991.566
4330.803 984.162
4331.981 989.353
4333.160 1004.031
4334.339 952.687
4335.518 961.802
4336.697 919.525
4337.875 847.850
4339.054 1024.714
4340.233 1154.911
4341.412 5501.174
4342.591 14395.170
4343.769 16495.742
4344.948 8484.854
4346.127 1224.314
4347.306 1112.502
4348.485 878.966
4349.664 939.231
4350.842 912.187
4352.021 913.074
4353.200 912.384
4354.379 933.914
4355.558 988.676
4356.736 953.238
4357.915 996.302
4359.094 1000.528
4360.273 1002.146
4361.452 1055.121
4362.631 1084.862
4363.809 1466.151
4364.988 3302.431
4366.167 4473.603
4367.346 3191.291
4368.525 1614.922
4369.703 1111.643
4370.882 1021.588
4372.061 959.376
4373.240 996.281
4374.419 1005.785
4375.598 986.591
4376.776 935.525
4377.955 965.593
4379.134 971.143
4380.313 945.232
4381.492 1022.295
4382.670 967.718
4383.849 895.474
4385.028 930.158
4386.207 894.128
4387.386 947.924
4388.565 927.291
4389.743 993.514
4390.922 1088.115
4392.101 1029.595
4393.280 962.996
4394.459 897.766
4395.637 938.725
4396.816 974.216
4397.995 941.104
4399.174 985.433
4400.353 922.230
4401.532 1007.681
4402.710 941.909
4403.889 933.093
4405.068 987.083
4406.247 933.296
4407.426 974.511
4408.604 993.087
4409.783 980.218
4410.962 956.407
4412.141 1004.519
4413.320 1017.299
4414.499 970.623
4415.677 1005.335
4416.856 980.437
4418.035 1072.570
4419.214 975.793
4420.393 1017.480
4421.571 968.935
4422.750 947.119
4423.929 925.733
4425.108 963.076
4426.287 978.638
4427.466 1096.025
4428.644 1124.515
4429.823 926.155
4431.002 912.986
4432.181 906.250
4433.360 945.327
4434.538 855.823
4435.717 915.497
4436.896 913.933
4438.075 896.119
4439.254 927.707
4440.433 983.532
4441.611 890.656
4442.790 824.300
4443.969 940.880
4445.148 885.969
4446.327 943.976
4447.505 920.709
4448.684 924.742
4449.863 895.281
4451.042 882.768
4452.221 883.027
4453.400 893.626
4454.578 895.237
4455.757 885.772
4456.936 890.956
4458.115 921.986
4459.294 907.787
4460.472 873.366
4461.651 839.034
4462.830 885.023
4464.009 848.468
4465.188 906.004
4466.367 839.151
4467.545 866.040
4468.724 875.523
4469.903 825.596
4471.082 829.679
4472.261 992.372
4473.439 1775.232
4474.618 2059.659
4475.797 1500.278
4476.976 948.900
4478.155 842.340
4479.334 840.096
4480.512 856.966
4481.691 841.436
4482.870 854.207
4484.049 811.375
4485.228 902.832
4486.406 848.280
4487.585 889.173
4488.764 854.813
4489.943 812.714
4491.122 845.394
4492.301 831.427
4493.479 893.042
4494.658 844.526
4495.837 849.391
4497.016 895.661
4498.195 845.316
4499.373 726.723
4500.552 855.685
4501.731 881.549
4502.910 869.089
4504.089 941.343
4505.267 884.131
4506.446 848.672
4507.625 876.101
4508.804 900.447
4509.983 861.638
4511.162 802.270
4512.340 846.902
4513.519 847.151
4514.698 827.290
4515.877 854.814
4517.056 858.606
4518.234 857.137
4519.413 794.694
4520.592 911.373
4521.771 863.462
4522.950 850.561
4524.129 870.716
4525.307 830.899
4526.486 846.392
4527.665 840.793
4528.844 835.110
4530.023 857.491
4531.201 812.974
4532.380 861.660
4533.559 866.152
4534.738 851.809
4535.917 844.728
4537.096 816.756
4538.274 816.973
4539.453 838.918
4540.632 885.427
4541.811 865.333
4542.990 845.074
4544.168 848.419
4545.347 861.409
4546.526 852.673
4547.705 859.514
4548.884 894.472
4550.063 845.006
4551.241 859.005
4552.420 862.307
4553.599 795.502
4554.778 797.093
4555.957 809.580
4557.135 797.652
4558.314 793.014
4559.493 817.468
4560.672 851.558
4561.851 834.756
4563.030 876.120
4564.208 843.766
4565.387 831.209
4566.566 831.747
4567.745 879.438
4568.924 823.640
4570.102 818.146
4571.281 810.630
4572.460 781.100
4573.639 861.453
4574.818 870.871
4575.997 837.223
4577.175 837.851
4578.354 871.308
4579.533 863.014
4580.712 817.927
4581.891 827.035
4583.069 827.892
4584.248 811.005
4585.427 809.769
4586.606 836.053
4587.785 857.190
4588.964 851.555
4590.142 859.692
4591.321 801.561
4592.500 811.769
4593.679 810.306
4594.858 814.603
4596.036 807.622
4597.215 792.417
4598.394 842.298
4599.573 822.466
4600.752 771.042
4601.931 786.227
4603.109 818.608
4604.288 798.190
4605.467 797.454
4606.646 796.483
4607.825 800.715
4609.003 837.280
4610.182 811.504
4611.361 801.585
4612.540 816.949
4613.719 826.139
4614.898 817.656
4616.076 852.099
4617.255 794.858
4618.434 785.738
4619.613 826.472
4620.792 789.372
4621.970 817.031
4623.149 832.743
4624.328 784.835
4625.507 774.148
4626.686 780.725
4627.865 779.598
4629.043 737.904
4630.222 783.054
4631.401 763.188
4632.580 839.837
4633.759 801.118
4634.937 791.471
4636.116 821.679
4637.295 789.380
4638.474 776.781
4639.653 801.533
4640.832 767.765
4642.010 813.341
4643.189 805.729
4644.368 790.053
4645.547 849.458
4646.726 844.045
4647.904 789.482
4649.083 807.689
4650.262 778.157
4651.441 772.942
4652.620 867.061
4653.799 842.547
4654.977 847.439
4656.156 823.513
4657.335 805.615
4658.514 790.085
4659.693 878.860
4660.871 912.832
4662.050 897.346
4663.229 898.360
4664.408 830.597
4665.587 809.778
4666.765 778.300
4667.944 787.843
4669.123 829.782
4670.302 780.579
4671.481 800.838
4672.660 786.601
4673.838 785.216
4675.017 810.650
4676.196 798.069
4677.375 821.905
4678.554 844.501
4679.732 836.978
4680.911 785.264
4682.090 805.934
4683.269 842.224
4684.448 881.494
4685.627 905.147
4686.805 904.143
4687.984 936.375
4689.163 960.215
4690.342 963.419
4691.521 869.291
4692.699 845.642
4693.878 824.156
4695.057 832.489
4696.236 835.892
4697.415 831.289
4698.594 793.174
4699.772 818.583
4700.951 778.491
4702.130 833.666
4703.309 825.084
4704.488 794.892
4705.666 814.036
4706.845 795.703
4708.024 787.458
4709.203 765.467
4710.382 816.404
4711.561 803.693
4712.739 1033.770
4713.918 1392.895
4715.097 1530.346
4716.276 1097.392
4717.455 876.969
4718.633 803.601
4719.812 783.610
4720.991 775.097
4722.170 782.744
4723.349 796.656
4724.528 828.817
4725.706 808.760
4726.885 777.326
4728.064 778.991
4729.243 801.209
4730.422 795.285
4731.600 720.548
4732.779 696.912
4733.958 768.608
4735.137 789.514
4736.316 750.479
4737.495 762.220
4738.673 789.480
4739.852 747.850
4741.031 832.222
4742.210 1130.458
4743.389 1291.520
4744.567 1079.335
4745.746 801.393
4746.925 739.323
4748.104 746.079
4749.283 733.047
4750.462 752.352
4751.640 795.665
4752.819 751.705
4753.998 743.178
4755.177 795.382
4756.356 786.320
4757.534 742.144
4758.713 748.470
4759.892 769.317
4761.071 735.202
4762.250 759.806
4763.429 772.438
4764.607 804.090
4765.786 721.190
4766.965 737.235
4768.144 751.598
4769.323 714.792
4770.501 767.002
4771.680 757.618
4772.859 813.412
4774.038 774.544
4775.217 805.226
4776.396 778.506
4777.574 762.317
4778.753 720.469
4779.932 765.094
4781.111 745.697
4782.290 751.547
4783.468 768.420
4784.647 738.380
4785.826 770.211
4787.005 728.876
4788.184 720.358
4789.363 726.459
4790.541 770.818
4791.720 818.667
4792.899 770.465
4794.078 715.629
4795.257 729.447
4796.435 739.000
4797.614 729.392
4798.793 753.451
4799.972 768.071
4801.151 755.177
4802.330 767.544
4803.508 769.225
4804.687 741.209
4805.866 727.380
4807.045 710.247
4808.224 736.112
4809.402 700.213
4810.581 757.992
4811.760 781.610
4812.939 771.342
4814.118 712.918
4815.296 755.046
4816.475 793.050
4817.654 746.970
4818.833 775.180
4820.012 837.471
4821.191 766.025
4822.369 739.359
4823.548 763.983
4824.727 732.696
4825.906 717.790
4827.085 794.477
4828.263 770.617
4829.442 749.619
4830.621 780.722
4831.800 770.069
4832.979 747.387
4834.158 789.565
4835.336 792.533
4836.515 747.110
4837.694 717.170
4838.873 721.706
4840.052 738.937
4841.230 735.868
4842.409 737.789
4843.588 739.042
4844.767 721.477
4845.946 735.567
4847.125 720.236
4848.303 711.429
4849.482 772.115
4850.661 746.579
4851.840 712.278
4853.019 688.308
4854.197 662.060
4855.376 677.742
4856.555 650.228
4857.734 647.677
4858.913 669.727
4860.092 697.090
4861.270 1147.838
4862.449 7844.229
4863.628 27264.456
4864.807 29881.744
4865.986 14629.962
4867.164 2167.610
4868.343 801.588
4869.522 718.351
4870.701 671.518
4871.880 690.904
4873.059 644.163
4874.237 704.330
4875.416 716.342
4876.595 694.945
4877.774 700.210
4878.953 734.331
4880.131 745.150
4881.310 704.244
4882.489 738.477
4883.668 767.611
4884.847 724.516
4886.026 711.721
4887.204 701.542
4888.383 698.220
4889.562 709.364
4890.741 715.039
4891.920 750.187
4893.098 731.007
4894.277 684.188
4895.456 702.546
4896.635 736.925
4897.814 707.928
4898.993 674.175
4900.171 738.461
4901.350 737.359
4902.529 720.152
4903.708 739.226
4904.887 724.230
4906.065 767.416
4907.244 758.311
4908.423 723.508
4909.602 743.768
4910.781 715.148
4911.960 691.191
4913.138 707.544
4914.317 730.070
4915.496 665.015
4916.675 726.550
4917.854 716.778
4919.032 696.673
4920.211 691.726
4921.390 691.348
4922.569 707.405
4923.748 869.654
4924.927 1005.119
4926.105 910.794
4927.284 743.771
4928.463 682.851
4929.642 724.128
4930.821 724.406
4931.999 718.255
4933.178 746.028
4934.357 729.447
4935.536 713.002
4936.715 707.193
4937.894 725.566
4939.072 691.234
4940.251 743.521
4941.430 693.004
4942.609 732.416
4943.788 715.192
4944.966 747.054
4946.145 726.811
4947.324 726.312
4948.503 693.122
4949.682 733.190
4950.861 752.762
4952.039 736.538
4953.218 750.626
4954.397 736.698
4955.576 777.158
4956.755 586.221
4957.933 1313.929
4959.112 -210.098
4960.291 23690.338
4961.470 59795.238
4962.649 62257.623
4963.828 25834.579
4965.006 444.235
4966.185 1573.996
4967.364 657.395
4968.543 855.793
4969.722 789.378
4970.900 764.173
4972.079 722.514
4973.258 711.765
4974.437 787.281
4975.616 783.747
4976.794 818.221
4977.973 814.255
4979.152 749.502
4980.331 727.632
4981.510 730.646
4982.689 725.845
4983.867 726.656
4985.046 720.295
4986.225 764.758
4987.404 850.423
4988.583 902.340
4989.761 879.987
4990.940 850.228
4992.119 800.125
4993.298 762.077
4994.477 773.181
4995.656 755.540
4996.834 741.085
4998.013 745.398
4999.192 777.175
5000.371 800.939
5001.550 768.770
5002.728 857.629
5003.907 678.134
5005.086 1358.079
5006.265 -614.589
5007.444 11907.357
5008.623 97269.885
5009.801 199674.604
5010.980 159301.504
5012.159 31911.666
5013.338 3294.056
5014.517 1042.980
5015.695 862.154
5016.874 895.732
5018.053 1254.750
5019.232 1273.937
5020.411 981.550
5021.590 758.709
5022.768 746.233
5023.947 719.855
5025.126 733.759
5026.305 720.282
5027.484 716.081
5028.662 722.949
5029.841 699.450
5031.020 697.145
5032.199 691.463
5033.378 676.194
5034.557 678.604
5035.735 674.747
5036.914 678.437
5038.093 695.908
5039.272 678.730
5040.451 628.228
5041.629 642.933
5042.808 667.129
5043.987 663.807
5045.166 687.512
5046.345 681.911
5047.524 671.928
5048.702 617.495
5049.881 679.230
5051.060 700.523
5052.239 699.535
5053.418 632.493
5054.596 624.262
5055.775 635.813
5056.954 621.902
5058.133 671.309
5059.312 647.100
5060.491 629.154
5061.669 635.150
5062.848 618.823
5064.027 621.798
5065.206 646.995
5066.385 649.895
5067.563 628.817
5068.742 640.337
5069.921 648.635
5071.100 634.387
5072.279 571.253
5073.458 610.097
5074.636 617.086
5075.815 610.062
5076.994 603.153
5078.173 644.408
5079.352 607.125
5080.530 602.888
5081.709 600.863
5082.888 633.066
5084.067 643.817
5085.246 643.596
5086.425 578.804
5087.603 612.804
5088.782 552.484
5089.961 569.469
5091.140 698.815
5092.319 694.209
5093.497 618.759
5094.676 626.709
5095.855 641.335
5097.034 612.924
5098.213 621.491
5099.392 601.969
5100.570 554.504
5101.749 589.857
5102.928 627.720
5104.107 622.052
5105.286 600.514
5106.464 601.626
5107.643 591.432
5108.822 613.472
5110.001 601.324
5111.180 588.905
5112.359 587.814
5113.537 614.939
5114.716 593.442
5115.895 602.420
5117.074 617.433
5118.253 586.056
5119.431 600.721
5120.610 591.353
5121.789 598.982
5122.968 591.238
5124.147 567.397
5125.326 570.065
5126.504 584.888
5127.683 605.041
5128.862 588.905
5130.041 610.583
5131.220 599.892
5132.398 591.903
5133.577 599.905
5134.756 613.706
5135.935 606.239
5137.114 597.237
5138.292 569.863
5139.471 603.693
5140.650 601.980
5141.829 561.092
5143.008 573.527
5144.187 595.507
5145.365 581.263
5146.544 591.701
5147.723 583.677
5148.902 596.434
5150.081 589.632
5151.259 602.858
5152.438 610.072
5153.617 587.006
5154.796 584.636
5155.975 583.687
5157.154 603.670
5158.332 587.192
5159.511 592.101
5160.690 618.665
5161.869 646.908
5163.048 607.322
5164.226 602.187
5165.405 613.990
5166.584 581.595
5167.763 522.304
5168.942 571.103
5170.121 576.986
5171.299 575.562
5172.478 553.156
5173.657 552.771
5174.836 570.713
5176.015 549.631
5177.193 543.738
5178.372 589.248
5179.551 604.236
5180.730 606.925
5181.909 608.589
5183.088 585.675
5184.266 564.096
5185.445 534.310
5186.624 584.087
5187.803 627.096
5188.982 569.142
5190.160 550.888
5191.339 560.047
5192.518 566.394
5193.697 598.493
5194.876 591.868
5196.055 643.254
5197.233 987.627
5198.412 1121.234
5199.591 1030.337
5200.770 936.401
5201.949 792.660
5203.127 622.607
5204.306 589.982
5205.485 560.754
5206.664 556.186
5207.843 569.384
5209.022 564.206
5210.200 585.787
5211.379 550.585
5212.558 566.222
5213.737 558.226
5214.916 556.520
5216.094 569.788
5217.273 568.420
5218.452 558.602
5219.631 577.096
5220.810 586.819
5221.989 567.428
5223.167 610.944
5224.346 568.509
5225.525 563.313
5226.704 558.753
5227.883 556.300
5229.061 560.334
5230.240 572.349
5231.419 555.905
5232.598 531.685
5233.777 538.556
5234.956 555.393
5236.134 563.130
5237.313 574.913
5238.492 608.701
5239.671 577.865
5240.850 507.839
5242.028 535.421
5243.207 566.581
5244.386 536.721
5245.565 520.862
5246.744 540.198
5247.923 557.210
5249.101 574.970
5250.280 564.174
5251.459 544.958
5252.638 505.987
5253.817 537.302
5254.995 562.626
5256.174 580.906
5257.353 566.099
5258.532 572.075
5259.711 542.193
5260.890 506.749
5262.068 559.752
5263.247 518.334
5264.426 500.648
5265.605 539.449
5266.784 531.641
5267.962 529.770
5269.141 481.128
5270.320 578.708
5271.499 513.527
5272.678 594.854
5273.857 575.876
5275.035 609.829
5276.214 559.926
5277.393 549.469
5278.572 552.560
5279.751 535.395
5280.929 521.961
5282.108 515.374
5283.287 543.084
5284.466 572.613
5285.645 571.665
5286.824 537.958
5288.002 523.697
5289.181 537.323
5290.360 501.253
5291.539 539.501
5292.718 531.994
5293.896 540.528
5295.075 508.824
5296.254 503.637
5297.433 478.866
5298.612 539.598
5299.790 568.702
5300.969 524.466
5302.148 516.622
5303.327 536.103
5304.506 527.658
5305.685 512.300
5306.863 507.766
5308.042 520.589
5309.221 555.096
5310.400 545.152
5311.579 501.969
5312.757 509.447
5313.936 515.061
5315.115 504.336
5316.294 511.554
5317.473 504.910
5318.652 541.480
5319.830 552.812
5321.009 555.337
5322.188 527.160
5323.367 527.843
5324.546 536.172
5325.724 561.725
5326.903 548.015
5328.082 583.999
5329.261 653.161
5330.440 671.415
5331.619 601.183
5332.797 544.165
5333.976 535.541
5335.155 519.354
5336.334 541.996
5337.513 549.676
5338.691 502.709
5339.870 497.961
5341.049 511.358
5342.228 503.554
5343.407 505.326
5344.586 539.869
5345.764 495.501
5346.943 486.157
5348.122 527.977
5349.301 512.851
5350.480 541.672
5351.658 531.670
5352.837 496.785
5354.016 468.425
5355.195 479.609
5356.374 492.535
5357.553 482.688
5358.731 512.207
5359.910 522.322
5361.089 496.198
5362.268 503.562
5363.447 503.834
5364.625 494.523
5365.804 455.080
5366.983 506.959
5368.162 486.512
5369.341 508.441
5370.520 483.274
5371.698 497.310
5372.877 523.491
5374.056 500.940
5375.235 502.096
5376.414 504.505
5377.592 482.100
5378.771 468.948
5379.950 512.130
5381.129 510.511
5382.308 473.663
5383.487 497.164
5384.665 485.345
5385.844 507.678
5387.023 508.665
5388.202 487.611
5389.381 487.033
5390.559 482.668
5391.738 471.335
5392.917 495.896
5394.096 493.139
5395.275 473.481
5396.454 465.899
5397.632 454.278
5398.811 483.206
5399.990 492.405
5401.169 498.724
5402.348 473.581
5403.526 462.212
5404.705 470.993
5405.884 455.288
5407.063 468.922
5408.242 442.512
5409.421 462.722
5410.599 439.600
5411.778 462.989
5412.957 448.203
5414.136 447.703
5415.315 496.785
5416.493 481.087
5417.672 481.288
5418.851 464.452
5420.030 454.476
5421.209 488.606
5422.388 451.563
5423.566 446.009
5424.745 468.967
5425.924 480.365
5427.103 481.157
5428.282 455.112
5429.460 469.983
5430.639 467.719
5431.818 442.496
5432.997 423.080
5434.176 483.433
5435.355 479.091
5436.533 496.392
5437.712 491.299
5438.891 484.138
5440.070 483.428
5441.249 447.430
5442.427 428.969
5443.606 461.176
5444.785 457.875
5445.964 441.123
5447.143 467.625
5448.322 456.541
5449.500 427.683
5450.679 451.084
5451.858 463.089
5453.037 443.617
5454.216 426.744
5455.394 477.989
5456.573 476.163
5457.752 448.525
5458.931 448.485
5460.110 440.695
5461.288 465.063
5462.467 422.860
5463.646 450.154
5464.825 447.615
5466.004 439.944
5467.183 465.688
5468.361 455.534
5469.540 430.902
5470.719 435.924
5471.898 438.169
5473.077 440.418
5474.255 451.856
5475.434 431.384
5476.613 420.759
5477.792 423.233
5478.971 432.647
5480.150 417.116
5481.328 427.011
5482.507 443.750
5483.686 441.907
5484.865 444.820
5486.044 453.478
5487.222 430.152
5488.401 425.802
5489.580 437.193
5490.759 441.827
5491.938 446.760
5493.117 465.086
5494.295 472.524
5495.474 446.992
5496.653 437.077
5497.832 432.296
5499.011 453.501
5500.189 444.898
5501.368 440.181
5502.547 444.581
5503.726 439.119
5504.905 435.241
5506.084 442.048
5507.262 423.520
5508.441 459.160
5509.620 450.978
5510.799 428.971
5511.978 419.729
5513.156 426.402
5514.335 444.863
5515.514 425.314
5516.693 418.521
5517.872 445.581
5519.051 476.884
5520.229 462.476
5521.408 484.771
5522.587 490.719
5523.766 437.463
5524.945 434.776
5526.123 436.228
5527.302 408.708
5528.481 422.424
5529.660 432.735
5530.839 425.181
5532.018 434.933
5533.196 430.687
5534.375 423.226
5535.554 426.389
5536.733 425.403
5537.912 431.935
5539.090 447.129
5540.269 493.007
5541.448 498.667
5542.627 496.457
5543.806 473.114
5544.985 452.549
5546.163 453.389
5547.342 452.810
5548.521 436.701
5549.700 415.026
5550.879 436.578
5552.057 440.927
5553.236 446.051
5554.415 432.229
5555.594 422.278
5556.773 422.316
5557.952 404.993
5559.130 434.077
5560.309 434.547
5561.488 425.221
5562.667 453.561
5563.846 498.383
5565.024 495.161
5566.203 445.629
5567.382 405.265
5568.561 423.825
5569.740 416.610
5570.919 444.512
5572.097 408.618
5573.276 525.591
5574.455 100.589
5575.634 3053.961
5576.813 9265.859
5577.991 11266.897
5579.170 6286.854
5580.349 597.572
5581.528 512.882
5582.707 430.399
5583.886 420.172
5585.064 422.081
5586.243 400.573
5587.422 409.718
5588.601 464.206
5589.780 464.961
5590.958 411.686
5592.137 423.969
5593.316 439.964
5594.495 403.302
5595.674 408.091
5596.853 446.226
5598.031 450.527
5599.210 432.574
5600.389 417.129
5601.568 410.356
5602.747 400.885
5603.925 459.783
5605.104 480.071
5606.283 434.578
5607.462 429.027
5608.641 486.799
5609.820 471.380
5610.998 440.491
5612.177 469.764
5613.356 452.477
5614.535 422.097
5615.714 423.647
5616.892 429.095
5618.071 412.307
5619.250 395.215
5620.429 385.598
5621.608 395.078
5622.786 457.214
5623.965 408.980
5625.144 470.637
5626.323 422.452
5627.502 399.124
5628.681 386.657
5629.859 396.276
5631.038 419.463
5632.217 402.825
5633.396 415.853
5634.575 400.831
5635.753 384.969
5636.932 397.194
5638.111 421.902
5639.290 423.084
5640.469 381.484
5641.648 396.005
5642.826 408.264
5644.005 424.881
5645.184 421.541
5646.363 438.322
5647.542 411.631
5648.720 405.420
5649.899 410.280
5651.078 437.272
5652.257 416.792
5653.436 397.066
5654.615 413.947
5655.793 397.444
5656.972 396.837
5658.151 410.803
5659.330 400.736
5660.509 412.930
5661.687 381.966
5662.866 364.110
5664.045 408.640
5665.224 384.373
5666.403 393.882
5667.582 419.007
5668.760 415.864
5669.939 417.164
5671.118 433.689
5672.297 451.472
5673.476 471.300
5674.654 416.882
5675.833 396.482
5677.012 435.523
5678.191 418.951
5679.370 411.784
5680.549 429.441
5681.727 414.516
5682.906 437.590
5684.085 439.454
5685.264 416.455
5686.443 403.317
5687.621 398.078
5688.800 408.629
5689.979 464.053
5691.158 407.768
5692.337 416.553
5693.516 442.620
5694.694 400.582
5695.873 409.724
5697.052 432.820
5698.231 407.049
5699.410 399.786
5700.588 416.911
5701.767 433.235
5702.946 402.758
5704.125 398.383
5705.304 402.523
5706.483 377.694
5707.661 367.091
5708.840 416.610
5710.019 367.177
5711.198 364.821
5712.377 379.436
5713.555 407.681
5714.734 427.867
5715.913 398.257
5717.092 406.339
5718.271 412.611
5719.450 402.975
5720.628 439.607
5721.807 400.230
5722.986 410.806
5724.165 379.955
5725.344 413.716
5726.522 376.365
5727.701 368.344
5728.880 390.928
5730.059 397.720
5731.238 396.051
5732.417 397.796
5733.595 386.793
5734.774 387.373
5735.953 403.909
5737.132 402.416
5738.311 396.812
5739.489 387.594
5740.668 371.996
5741.847 389.006
5743.026 376.766
5744.205 392.531
5745.384 407.436
5746.562 376.208
5747.741 400.040
5748.920 392.426
5750.099 374.238
5751.278 387.667
5752.456 372.427
5753.635 374.867
5754.814 376.908
5755.993 377.449
5757.172 406.906
5758.351 389.969
5759.529 377.457
5760.708 394.780
5761.887 382.554
5763.066 396.892
5764.245 369.701
5765.423 380.188
5766.602 388.618
5767.781 410.597
5768.960 381.647
5770.139 362.311
5771.318 382.980
5772.496 385.176
5773.675 392.180
5774.854 389.484
5776.033 358.297
5777.212 371.141
5778.390 390.396
5779.569 366.404
5780.748 375.602
5781.927 376.825
5783.106 330.490
5784.284 371.368
5785.463 343.639
5786.642 362.784
5787.821 381.121
5789.000 346.413
5790.179 366.768
5791.357 396.144
5792.536 374.579
5793.715 365.974
5794.894 385.853
5796.073 380.810
5797.251 360.389
5798.430 379.179
5799.609 393.178
5800.788 383.796
5801.967 400.003
5803.146 376.672
5804.324 361.622
5805.503 391.253
5806.682 395.998
5807.861 370.454
5809.040 395.345
5810.218 393.909
5811.397 372.535
5812.576 383.264
5813.755 377.754
5814.934 380.169
5816.113 403.842
5817.291 389.095
5818.470 381.091
5819.649 389.767
5820.828 408.453
5822.007 397.430
5823.185 387.483
5824.364 394.937
5825.543 417.762
5826.722 421.781
5827.901 383.099
5829.080 371.336
5830.258 391.976
5831.437 397.767
5832.616 381.527
5833.795 379.125
5834.974 391.934
5836.152 363.001
5837.331 356.619
5838.510 370.781
5839.689 361.742
5840.868 368.793
5842.047 386.760
5843.225 397.691
5844.404 382.987
5845.583 386.271
5846.762 398.459
5847.941 367.648
5849.119 361.699
5850.298 371.957
5851.477 363.962
5852.656 380.143
5853.835 386.103
5855.014 367.988
5856.192 350.667
5857.371 377.521
5858.550 374.100
5859.729 369.568
5860.908 376.178
5862.086 388.124
5863.265 369.507
5864.444 412.495
5865.623 467.410
5866.802 501.929
5867.981 517.357
5869.159 479.449
5870.338 399.754
5871.517 370.575
5872.696 391.123
5873.875 382.208
5875.053 401.547
5876.232 426.299
5877.411 1051.546
5878.590 2233.638
5879.769 2502.869
5880.948 1346.376
5882.126 600.331
5883.305 411.130
5884.484 373.965
5885.663 403.244
5886.842 437.134
5888.020 792.227
5889.199 1348.191
5890.378 1473.522
5891.557 1075.596
5892.736 517.974
5893.915 538.034
5895.093 937.791
5896.272 1036.835
5897.451 801.963
5898.630 465.529
5899.809 369.803
5900.987 359.132
5902.166 380.708
5903.345 369.860
5904.524 381.793
5905.703 390.046
5906.882 391.061
5908.060 406.315
5909.239 362.731
5910.418 365.838
5911.597 371.799
5912.776 367.927
5913.954 450.503
5915.133 488.113
5916.312 506.163
5917.491 397.921
5918.670 371.707
5919.849 361.837
5921.027 359.302
5922.206 358.574
5923.385 386.244
5924.564 420.859
5925.743 406.390
5926.921 379.908
5928.100 362.558
5929.279 351.121
5930.458 366.782
5931.637 440.851
5932.815 509.104
5933.994 496.951
5935.173 418.476
5936.352 368.991
5937.531 364.244
5938.710 363.136
5939.888 359.698
5941.067 368.720
5942.246 369.364
5943.425 356.639
5944.604 378.438
5945.782 410.924
5946.961 403.063
5948.140 379.100
5949.319 335.900
5950.498 366.443
5951.677 368.333
5952.855 452.466
5954.034 510.238
5955.213 448.856
5956.392 373.171
5957.571 360.027
5958.749 379.769
5959.928 393.350
5961.107 363.351
5962.286 332.317
5963.465 362.320
5964.644 347.594
5965.822 349.747
5967.001 356.782
5968.180 352.902
5969.359 377.113
5970.538 380.604
5971.716 372.183
5972.895 372.178
5974.074 372.172
