5329.969 2494.385
5331.022 2391.166
5332.075 2078.820
5333.128 1782.240
5334.181 1922.067
5335.234 1851.639
5336.287 1835.203
5337.340 1853.381
5338.393 1881.494
5339.446 1799.369
5340.499 1737.628
5341.552 1952.019
5342.605 1815.377
5343.658 1802.748
5344.711 1843.519
5345.764 1847.384
5346.817 1806.997
5347.870 1751.279
5348.923 1786.715
5349.976 1820.270
5351.029 1724.659
5352.082 1734.782
5353.135 1717.542
5354.188 1794.407
5355.241 1944.652
5356.294 1856.743
5357.347 1682.467
5358.400 1728.236
5359.453 1811.780
5360.506 1669.603
5361.559 1697.784
5362.612 1793.668
5363.665 1701.391
5364.718 1743.569
5365.771 1574.751
5366.824 1756.907
5367.877 1762.407
5368.930 1715.546
5369.983 1622.234
5371.036 1700.083
5372.089 1807.186
5373.142 1635.324
5374.195 1713.244
5375.248 1735.505
5376.301 1733.009
5377.354 1688.403
5378.407 1755.041
5379.460 1697.368
5380.513 1733.030
5381.566 1789.103
5382.619 1810.578
5383.672 1777.383
5384.725 1628.595
5385.778 1709.160
5386.831 1744.268
5387.884 1741.713
5388.937 1781.103
5389.990 1678.038
5391.043 1670.658
5392.097 1673.067
5393.150 1755.149
5394.203 1737.923
5395.256 1704.321
5396.309 1736.207
5397.362 1624.619
5398.415 1600.318
5399.468 1624.090
5400.521 1544.683
5401.574 1699.851
5402.627 1820.541
5403.680 1708.594
5404.733 1605.413
5405.786 1584.295
5406.839 1748.369
5407.892 1699.812
5408.945 1510.994
5409.998 1583.744
5411.051 1671.350
5412.104 1595.247
5413.157 1673.563
5414.210 1658.431
5415.263 1466.589
5416.316 1655.258
5417.369 1705.180
5418.422 1690.542
5419.475 1667.101
5420.528 1609.315
5421.581 1638.725
5422.634 1588.895
5423.687 1743.168
5424.740 1625.340
5425.793 1650.085
5426.846 1719.022
5427.899 1731.292
5428.952 1623.260
5430.005 1583.389
5431.058 1634.404
5432.111 1874.024
5433.164 1636.994
5434.217 1623.109
5435.270 1737.667
5436.323 1703.166
5437.376 1718.168
5438.429 1777.295
5439.482 1633.536
5440.535 1740.895
5441.588 1629.846
5442.641 1572.344
5443.694 1666.266
5444.747 1601.455
5445.800 1455.186
5446.853 1491.053
5447.906 1587.077
5448.959 1616.283
5450.012 1573.458
5451.065 1640.584
5452.118 1532.271
5453.171 1554.732
5454.224 1665.009
5455.277 1590.553
5456.330 1476.609
5457.383 1629.306
5458.436 1597.476
5459.489 1585.985
5460.542 1683.415
5461.595 1565.574
5462.648 1645.733
5463.701 1586.920
5464.754 1604.899
5465.807 1616.052
5466.860 1461.821
5467.913 1540.395
5468.966 1519.444
5470.019 1486.839
5471.072 1502.826
5472.125 1496.565
5473.178 1519.965
5474.231 1619.481
5475.285 1661.406
5476.338 1461.011
5477.391 1513.457
5478.444 1401.110
5479.497 1589.786
5480.550 1572.077
5481.603 1527.020
5482.656 1574.835
5483.709 1598.701
5484.762 1570.672
5485.815 1593.620
5486.868 1455.190
5487.921 1587.563
5488.974 1389.390
5490.027 1577.892
5491.080 1568.958
5492.133 1581.644
5493.186 1580.590
5494.239 1596.839
5495.292 1536.789
5496.345 1511.386
5497.398 1516.211
5498.451 1558.894
5499.504 1579.493
5500.557 1511.051
5501.610 1552.698
5502.663 1522.861
5503.716 1515.051
5504.769 1393.944
5505.822 1566.859
5506.875 1493.175
5507.928 1629.823
5508.981 1430.784
5510.034 1456.426
5511.087 1557.519
5512.140 1534.886
5513.193 1537.416
5514.246 1590.831
5515.299 1521.733
5516.352 1521.884
5517.405 1451.119
5518.458 1472.067
5519.511 1670.971
5520.564 1816.260
5521.617 1774.995
5522.670 1519.275
5523.723 1500.107
5524.776 1445.292
5525.829 1652.006
5526.882 1582.792
5527.935 1530.484
5528.988 1498.657
5530.041 1532.795
5531.094 1528.253
5532.147 1531.806
5533.200 1523.216
5534.253 1524.168
5535.306 1493.209
5536.359 1463.230
5537.412 1480.664
5538.465 1570.584
5539.518 1501.950
5540.571 1653.125
5541.624 1719.601
5542.677 1679.278
5543.730 1735.153
5544.783 1674.463
5545.836 1581.062
5546.889 1496.662
5547.942 1512.822
5548.995 1566.265
5550.048 1505.360
5551.101 1625.606
5552.154 1699.041
5553.207 1592.615
5554.260 1469.832
5555.313 1463.626
5556.366 1490.803
5557.419 1486.004
5558.473 1708.494
5559.526 1447.091
5560.579 1514.577
5561.632 1515.863
5562.685 1698.351
5563.738 1810.735
5564.791 1760.636
5565.844 1690.852
5566.897 1508.330
5567.950 1560.340
5569.003 1581.412
5570.056 1619.203
5571.109 1555.438
5572.162 1509.107
5573.215 1411.084
5574.268 1841.626
5575.321 3440.258
5576.374 27710.726
5577.427 53186.047
5578.480 40993.546
5579.533 6334.674
5580.586 1611.386
5581.639 1533.759
5582.692 1426.756
5583.745 1398.163
5584.798 1368.894
5585.851 1361.751
5586.904 1360.108
5587.957 1477.062
5589.010 1649.801
5590.063 1615.394
5591.116 1417.742
5592.169 1347.304
5593.222 1399.068
5594.275 1369.141
5595.328 1325.437
5596.381 1590.566
5597.434 1565.935
5598.487 1506.699
5599.540 1295.790
5600.593 1361.639
5601.646 1393.840
5602.699 1395.625
5603.752 1481.565
5604.805 1719.010
5605.858 1735.306
5606.911 1490.526
5607.964 1418.517
5609.017 1334.922
5610.070 1457.229
5611.123 1431.985
5612.176 1464.189
5613.229 1423.117
5614.282 1428.438
5615.335 1352.146
5616.388 1328.796
5617.441 1389.300
5618.494 1467.968
5619.547 1351.853
5620.600 1417.396
5621.653 1351.931
5622.706 1556.661
5623.759 1646.140
5624.812 1622.757
5625.865 1246.323
5626.918 1379.634
5627.971 1410.566
5629.024 1411.201
5630.077 1546.853
5631.130 1458.942
5632.183 1412.487
5633.236 1357.192
5634.289 1299.327
5635.342 1374.653
5636.395 1422.804
5637.448 1368.180
5638.501 1491.199
5639.554 1454.103
5640.608 1378.067
5641.661 1441.434
5642.714 1294.224
5643.767 1455.219
5644.820 1575.505
5645.873 1496.871
5646.926 1475.553
5647.979 1371.945
5649.032 1514.421
5650.085 1444.895
5651.138 1334.675
5652.191 1323.897
5653.244 1312.627
5654.297 1353.605
5655.350 1311.868
5656.403 1324.782
5657.456 1356.291
5658.509 1263.695
5659.562 1279.923
5660.615 1349.647
5661.668 1392.548
5662.721 1367.817
5663.774 1523.857
5664.827 1319.651
5665.880 1381.459
5666.933 1383.402
5667.986 1424.964
5669.039 1450.466
5670.092 1298.684
5671.145 1427.571
5672.198 1455.831
5673.251 1399.276
5674.304 1356.610
5675.357 1364.355
5676.410 1453.834
5677.463 1498.442
5678.516 1441.684
5679.569 1298.594
5680.622 1424.652
5681.675 1335.198
5682.728 1499.421
5683.781 1384.046
5684.834 1496.742
5685.887 1438.300
5686.940 1422.781
5687.993 1377.111
5689.046 1365.473
5690.099 1467.051
5691.152 1410.691
5692.205 1401.720
5693.258 1419.464
5694.311 1317.291
5695.364 1460.000
5696.417 1582.948
5697.470 1421.813
5698.523 1382.056
5699.576 1400.992
5700.629 1373.517
5701.682 1316.099
5702.735 1614.549
5703.788 1441.880
5704.841 1430.168
5705.894 1409.139
5706.947 1424.925
5708.000 1306.939
5709.053 1408.868
5710.106 1344.523
5711.159 1468.542
5712.212 1470.194
5713.265 1306.405
5714.318 1377.676
5715.371 1382.474
5716.424 1341.992
5717.477 1393.134
5718.530 1402.091
5719.583 1562.178
5720.636 1420.581
5721.689 1371.759
5722.742 1379.085
5723.796 1421.293
5724.849 1344.605
5725.902 1376.255
5726.955 1309.684
5728.008 1374.327
5729.061 1288.708
5730.114 1258.392
5731.167 1397.355
5732.220 1462.114
5733.273 1373.006
5734.326 1375.121
5735.379 1396.738
5736.432 1362.793
5737.485 1325.297
5738.538 1352.583
5739.591 1349.337
5740.644 1348.895
5741.697 1341.596
5742.750 1374.436
5743.803 1320.803
5744.856 1331.225
5745.909 1362.623
5746.962 1233.793
5748.015 1360.459
5749.068 1222.872
5750.121 1344.526
5751.174 1343.900
5752.227 1370.583
5753.280 1236.299
5754.333 1322.501
5755.386 1342.298
5756.439 1365.821
5757.492 1506.901
5758.545 1350.280
5759.598 1277.491
5760.651 1291.365
5761.704 1241.445
5762.757 1318.608
5763.810 1338.765
5764.863 1288.308
5765.916 1316.950
5766.969 1317.988
5768.022 1238.521
5769.075 1357.357
5770.128 1385.849
5771.181 1302.608
5772.234 1255.736
5773.287 1321.536
5774.340 1309.669
5775.393 1350.682
5776.446 1309.530
5777.499 1331.147
5778.552 1332.342
5779.605 1306.815
5780.658 1260.598
5781.711 1271.558
5782.764 1322.495
5783.817 1246.613
5784.870 1206.434
5785.923 1321.720
5786.976 1215.932
5788.029 1171.914
5789.082 1264.137
5790.135 1343.678
5791.188 1326.922
5792.241 1268.504
5793.294 1256.228
5794.347 1342.923
5795.400 1372.501
5796.453 1240.201
5797.506 1233.933
5798.559 1338.858
5799.612 1238.027
5800.665 1298.486
5801.718 1392.244
5802.771 1288.712
5803.824 1336.388
5804.877 1278.124
5805.931 1234.541
5806.984 1282.611
5808.037 1388.089
5809.090 1297.312
5810.143 1286.094
5811.196 1285.496
5812.249 1208.607
5813.302 1316.503
5814.355 1315.678
5815.408 1271.206
5816.461 1287.505
5817.514 1323.619
5818.567 1252.636
5819.620 1319.107
5820.673 1265.147
5821.726 1306.109
5822.779 1233.937
5823.832 1217.307
5824.885 1324.461
5825.938 1277.346
5826.991 1319.249
5828.044 1292.285
5829.097 1354.592
5830.150 1138.412
5831.203 1213.743
5832.256 1273.372
5833.309 1214.569
5834.362 1330.063
5835.415 1271.340
5836.468 1369.324
5837.521 1333.425
5838.574 1219.494
5839.627 1328.048
5840.680 1233.440
5841.733 1207.932
5842.786 1157.474
5843.839 1290.420
5844.892 1267.694
5845.945 1192.619
5846.998 1245.458
5848.051 1144.787
5849.104 1246.046
5850.157 1341.589
5851.210 1249.300
5852.263 1315.228
5853.316 1173.389
5854.369 1279.101
5855.422 1282.561
5856.475 1209.462
5857.528 1322.529
5858.581 1243.751
5859.634 1365.983
5860.687 1139.807
5861.740 1171.065
5862.793 1274.337
5863.846 1295.248
5864.899 1583.947
5865.952 1746.901
5867.005 1897.090
5868.058 1856.233
5869.111 1639.098
5870.164 1427.506
5871.217 1365.850
5872.270 1358.550
5873.323 1369.290
5874.376 1322.461
5875.429 1334.026
5876.482 1358.621
5877.535 3551.367
5878.588 8662.461
5879.641 10080.580
5880.694 4975.848
5881.747 1751.511
5882.800 1302.157
5883.853 1324.464
5884.906 1261.782
5885.959 1289.837
5887.012 1723.892
5888.065 2427.555
5889.119 5460.260
5890.172 6817.919
5891.225 5131.456
5892.278 1518.209
5893.331 1406.240
5894.384 2102.658
5895.437 4181.420
5896.490 4356.784
5897.543 2780.286
5898.596 1119.715
5899.649 1298.643
5900.702 1267.136
5901.755 1146.389
5902.808 1080.712
5903.861 1250.395
5904.914 1369.433
5905.967 1303.002
5907.020 1378.798
5908.073 1399.229
5909.126 1271.479
5910.179 1292.515
5911.232 1322.065
5912.285 1300.221
5913.338 1337.627
5914.391 1594.280
5915.444 1952.122
5916.497 1718.651
5917.550 1247.992
5918.603 1187.179
5919.656 1223.855
5920.709 1257.242
5921.762 1279.590
5922.815 1268.454
5923.868 1339.566
5924.921 1464.864
5925.974 1423.249
5927.027 1236.173
5928.080 1192.755
5929.133 1227.708
5930.186 1288.451
5931.239 1295.570
5932.292 1899.263
5933.345 2002.360
5934.398 1635.834
5935.451 1203.640
5936.504 1257.809
5937.557 1180.997
5938.610 1306.135
5939.663 1221.403
5940.716 1153.585
5941.769 1144.915
5942.822 1239.681
5943.875 1269.403
5944.928 1390.432
5945.981 1459.262
5947.034 1360.349
5948.087 1257.517
5949.140 1149.331
5950.193 1186.172
5951.246 1248.785
5952.299 1472.070
5953.352 1871.141
5954.405 1771.764
5955.458 1318.436
5956.511 1145.951
5957.564 1320.504
5958.617 1315.240
5959.670 1309.691
5960.723 1184.767
5961.776 1189.060
5962.829 1240.413
5963.882 1207.303
5964.935 1243.078
5965.988 1124.917
5967.041 1198.812
5968.094 1195.062
5969.147 1213.966
5970.200 1309.758
5971.254 1279.965
5972.307 1218.093
5973.360 1095.778
5974.413 1131.668
5975.466 1181.377
5976.519 1424.602
5977.572 1485.010
5978.625 1409.659
5979.678 1230.331
5980.731 1149.005
5981.784 1192.453
5982.837 1154.381
5983.890 1161.533
5984.943 1158.925
5985.996 1158.429
5987.049 1091.547
5988.102 1111.844
5989.155 1132.023
5990.208 1121.180
5991.261 1226.774
5992.314 1142.560
5993.367 1056.473
5994.420 1100.580
5995.473 1051.515
5996.526 1096.306
5997.579 1122.463
5998.632 1172.910
5999.685 1177.632
6000.738 1075.224
6001.791 1113.498
6002.844 1264.574
6003.897 1360.633
6004.950 1322.743
6006.003 1160.233
6007.056 1084.636
6008.109 1021.452
6009.162 1052.023
6010.215 1077.361
6011.268 1095.184
6012.321 1099.357
6013.374 1120.662
6014.427 1103.792
6015.480 1066.109
6016.533 1028.263
6017.586 1085.449
6018.639 1045.799
6019.692 1076.618
6020.745 1027.533
6021.798 1044.698
6022.851 1096.017
6023.904 1026.852
6024.957 1096.014
6026.010 1000.778
6027.063 1088.677
6028.116 1132.222
6029.169 1090.435
6030.222 1113.206
6031.275 1057.491
6032.328 1064.026
6033.381 1072.105
6034.434 1095.296
6035.487 1032.066
6036.540 1061.659
6037.593 1003.737
6038.646 1079.729
6039.699 1060.417
6040.752 1060.420
6041.805 1100.500
6042.858 1006.252
6043.911 978.131
6044.964 1063.256
6046.017 1030.160
6047.070 1063.061
6048.123 1031.943
6049.176 951.768
6050.229 1014.183
6051.282 1008.465
6052.335 993.807
6053.388 978.721
6054.442 1051.530
6055.495 941.246
6056.548 987.361
6057.601 994.842
6058.654 961.701
6059.707 1012.187
6060.760 921.541
6061.813 1075.096
6062.866 1039.327
6063.919 1050.069
6064.972 1014.339
6066.025 923.406
6067.078 992.845
6068.131 1033.211
6069.184 992.509
6070.237 922.356
6071.290 953.034
6072.343 1021.168
6073.396 973.474
6074.449 934.351
6075.502 995.659
6076.555 971.181
6077.608 967.692
6078.661 941.151
6079.714 1002.748
6080.767 979.539
6081.820 882.859
6082.873 908.013
6083.926 965.862
6084.979 944.236
6086.032 943.750
6087.085 950.437
6088.138 906.730
6089.191 909.053
6090.244 943.933
6091.297 953.301
6092.350 935.474
6093.403 971.905
6094.456 1003.324
6095.509 941.696
6096.562 924.219
6097.615 968.345
6098.668 962.166
6099.721 907.362
6100.774 907.110
6101.827 960.049
6102.880 985.745
6103.933 993.278
6104.986 985.448
6106.039 973.221
6107.092 962.602
6108.145 897.145
6109.198 919.816
6110.251 871.640
6111.304 940.128
6112.357 940.757
6113.410 919.262
6114.463 882.666
6115.516 943.028
6116.569 908.536
6117.622 898.010
6118.675 901.286
6119.728 935.741
6120.781 923.822
6121.834 869.670
6122.887 899.130
6123.940 964.511
6124.993 906.865
6126.046 920.031
6127.099 927.001
6128.152 916.260
6129.205 890.413
6130.258 938.917
6131.311 841.241
6132.364 891.580
6133.417 943.028
6134.470 886.959
6135.523 992.718
6136.577 948.636
6137.630 1019.700
6138.683 966.283
6139.736 1093.969
6140.789 964.764
6141.842 883.164
6142.895 974.755
6143.948 1088.565
6145.001 1060.497
6146.054 946.439
6147.107 852.699
6148.160 847.233
6149.213 866.905
6150.266 963.267
6151.319 964.494
6152.372 922.932
6153.425 917.284
6154.478 960.341
6155.531 1216.928
6156.584 1593.266
6157.637 1745.591
6158.690 1500.686
6159.743 1171.344
6160.796 879.612
6161.849 950.248
6162.902 818.400
6163.955 868.090
6165.008 823.701
6166.061 880.467
6167.114 894.187
6168.167 956.910
6169.220 993.782
6170.273 1105.470
6171.326 1244.871
6172.379 986.743
6173.432 888.210
6174.485 893.414
6175.538 996.464
6176.591 948.101
6177.644 935.853
6178.697 917.100
6179.750 992.887
6180.803 960.457
6181.856 859.726
6182.909 925.361
6183.962 916.653
6185.015 957.528
6186.068 836.024
6187.121 883.556
6188.174 895.113
6189.227 835.591
6190.280 846.648
6191.333 791.558
6192.386 900.988
6193.439 958.284
6194.492 930.237
6195.545 900.556
6196.598 890.034
6197.651 897.255
6198.704 850.090
6199.757 875.905
6200.810 851.915
6201.863 1043.755
6202.916 1203.385
6203.969 1079.801
6205.022 825.401
6206.075 832.188
6207.128 978.430
6208.181 847.626
6209.234 864.389
6210.287 865.912
6211.340 862.137
6212.393 972.626
6213.446 945.208
6214.499 878.155
6215.552 935.309
6216.605 895.913
6217.658 874.974
6218.711 828.026
6219.765 862.012
6220.818 1119.637
6221.871 1115.946
6222.924 1058.037
6223.977 833.724
6225.030 864.879
6226.083 851.209
6227.136 869.218
6228.189 875.543
6229.242 838.868
6230.295 829.076
6231.348 760.772
6232.401 893.722
6233.454 1266.900
6234.507 1513.443
6235.560 1893.399
6236.613 1831.452
6237.666 1367.687
6238.719 1052.819
6239.772 1007.798
6240.825 1181.876
6241.878 1110.342
6242.931 1233.401
6243.984 1085.082
6245.037 940.396
6246.090 928.721
6247.143 889.947
6248.196 854.783
6249.249 892.166
6250.302 839.479
6251.355 851.859
6252.408 854.272
6253.461 792.416
6254.514 897.687
6255.567 902.124
6256.620 1325.308
6257.673 1949.221
6258.726 1972.033
6259.779 1172.707
6260.832 889.103
6261.885 899.043
6262.938 897.632
6263.991 1073.154
6265.044 1213.396
6266.097 1137.370
6267.150 1004.426
6268.203 959.766
6269.256 961.344
6270.309 876.696
6271.362 901.114
6272.415 866.005
6273.468 889.159
6274.521 972.711
6275.574 1038.130
6276.627 925.247
6277.680 846.616
6278.733 865.840
6279.786 802.609
6280.839 827.439
6281.892 885.202
6282.945 823.753
6283.998 905.468
6285.051 923.246
6286.104 1216.075
6287.157 1697.028
6288.210 1705.000
6289.263 1224.971
6290.316 874.216
6291.369 839.594
6292.422 817.255
6293.475 828.607
6294.528 914.798
6295.581 824.501
6296.634 1380.290
6297.687 1103.163
6298.740 13654.244
6299.793 42171.127
6300.846 52518.684
6301.899 25646.248
6302.953 1678.104
6304.006 2063.219
6305.059 1337.343
6306.112 1781.669
6307.165 2218.080
6308.218 1671.126
6309.271 976.089
6310.324 867.448
6311.377 821.045
6312.430 828.311
6313.483 884.287
6314.536 1167.606
6315.589 1568.639
6316.642 1451.052
6317.695 1056.725
6318.748 866.444
6319.801 1019.481
6320.854 1151.020
6321.907 1144.641
6322.960 1033.435
6324.013 732.573
6325.066 777.316
6326.119 842.046
6327.172 807.226
6328.225 1027.716
6329.278 1577.795
6330.331 1700.181
6331.384 1303.668
6332.437 820.762
6333.490 888.584
6334.543 787.694
6335.596 818.325
6336.649 794.399
6337.702 813.707
6338.755 894.676
6339.808 908.139
6340.861 767.389
6341.914 775.513
6342.967 833.749
6344.020 839.812
6345.073 813.454
6346.126 869.811
6347.179 822.535
6348.232 1116.640
6349.285 1011.669
6350.338 854.216
6351.391 838.543
6352.444 869.795
6353.497 903.424
6354.550 834.994
6355.603 1209.569
6356.656 1320.813
6357.709 1122.534
6358.762 885.524
6359.815 777.839
6360.868 1070.157
6361.921 2141.570
6362.974 12604.029
6364.027 17963.128
6365.080 11421.232
6366.133 2662.744
6367.186 872.393
6368.239 1157.808
6369.292 906.891
6370.345 867.596
6371.398 826.087
6372.451 892.873
6373.504 849.257
6374.557 811.101
6375.610 869.331
6376.663 795.766
6377.716 766.216
6378.769 886.615
6379.822 953.457
6380.875 874.201
6381.928 803.469
6382.981 801.261
6384.034 778.472
6385.088 857.761
6386.141 1045.743
6387.194 1079.366
6388.247 935.180
6389.300 860.856
6390.353 844.865
6391.406 807.211
6392.459 794.730
6393.512 738.427
6394.565 787.066
6395.618 814.245
6396.671 774.456
6397.724 785.315
6398.777 799.173
6399.830 734.704
6400.883 746.208
6401.936 726.653
6402.989 786.130
6404.042 682.628
6405.095 696.821
6406.148 729.091
6407.201 707.733
6408.254 752.090
6409.307 767.569
6410.360 784.868
6411.413 682.643
6412.466 791.410
6413.519 839.355
6414.572 814.640
6415.625 842.908
6416.678 772.314
6417.731 682.173
6418.784 779.098
6419.837 918.758
6420.890 869.063
6421.943 787.528
6422.996 816.130
6424.049 735.811
6425.102 697.339
6426.155 748.951
6427.208 832.742
6428.261 773.452
6429.314 786.800
6430.367 773.487
6431.420 724.467
6432.473 712.931
6433.526 765.252
6434.579 784.851
6435.632 703.250
6436.685 697.195
6437.738 727.429
6438.791 714.923
6439.844 763.510
6440.897 750.953
6441.950 706.257
6443.003 766.957
6444.056 738.715
6445.109 720.909
6446.162 722.426
6447.215 693.112
6448.268 767.030
6449.321 730.549
6450.374 725.972
6451.427 786.293
6452.480 892.601
6453.533 904.481
6454.586 877.862
6455.639 969.487
6456.692 871.284
6457.745 780.708
6458.798 754.927
6459.851 703.467
6460.904 773.622
6461.957 773.606
6463.010 952.571
6464.063 1002.644
6465.116 1162.438
6466.169 1211.996
6467.222 1016.869
6468.276 717.256
6469.329 819.203
6470.382 1182.593
6471.435 1248.911
6472.488 919.575
6473.541 733.553
6474.594 709.718
6475.647 719.436
6476.700 794.984
6477.753 845.992
6478.806 878.436
6479.859 779.767
6480.912 674.386
6481.965 716.650
6483.018 725.089
6484.071 655.064
6485.124 745.032
6486.177 801.487
6487.230 677.897
6488.283 632.937
6489.336 691.516
6490.389 701.939
6491.442 681.549
6492.495 672.686
6493.548 688.053
6494.601 717.314
6495.654 712.678
6496.707 859.877
6497.760 1454.214
6498.813 1938.637
6499.866 1502.791
6500.919 870.133
6501.972 725.269
6503.025 807.236
6504.078 960.993
6505.131 1142.309
6506.184 938.751
6507.237 712.667
6508.290 708.388
6509.343 678.257
6510.396 672.104
6511.449 771.743
6512.502 669.100
6513.555 787.269
6514.608 752.249
6515.661 682.213
6516.714 715.562
6517.767 662.537
6518.820 687.177
6519.873 662.798
6520.926 791.072
6521.979 869.583
6523.032 1003.718
6524.085 817.230
6525.138 764.155
6526.191 801.348
6527.244 691.239
6528.297 706.979
6529.350 751.404
6530.403 730.443
6531.456 945.579
6532.509 1470.806
6533.562 1643.462
6534.615 1138.508
6535.668 742.322
6536.721 729.038
6537.774 736.132
6538.827 746.251
6539.880 756.529
6540.933 798.326
6541.986 762.097
6543.039 919.002
6544.092 1146.382
6545.145 1001.188
6546.198 786.835
6547.251 739.010
6548.304 739.733
6549.357 828.034
6550.411 938.132
6551.464 1216.650
6552.517 1556.012
6553.570 2034.660
6554.623 1749.077
6555.676 897.683
6556.729 779.183
6557.782 773.507
6558.835 743.688
6559.888 798.039
6560.941 869.367
6561.994 983.414
6563.047 2905.864
6564.100 3164.989
6565.153 57974.892
6566.206 149614.762
6567.259 160741.735
6568.312 65521.722
6569.365 5278.189
6570.418 4834.722
6571.471 1370.518
6572.524 897.336
6573.577 778.860
6574.630 739.338
6575.683 917.274
6576.736 1395.508
6577.789 1518.484
6578.842 1121.433
6579.895 719.638
6580.948 744.081
6582.001 751.548
6583.054 790.508
6584.107 838.133
6585.160 1036.625
6586.213 1521.340
6587.266 1872.512
6588.319 1520.319
6589.372 1089.508
6590.425 971.944
6591.478 848.349
6592.531 709.678
6593.584 715.912
6594.637 709.969
6595.690 832.367
6596.743 897.769
6597.796 872.675
6598.849 753.473
6599.902 655.784
6600.955 669.154
6602.008 696.614
6603.061 884.779
6604.114 1040.155
6605.167 938.930
6606.220 764.915
6607.273 661.299
6608.326 660.847
6609.379 707.423
6610.432 723.875
6611.485 691.933
6612.538 647.098
6613.591 642.381
6614.644 651.252
6615.697 627.626
6616.750 673.089
6617.803 719.515
6618.856 678.579
6619.909 666.302
6620.962 658.614
6622.015 639.183
6623.068 659.551
6624.121 664.746
6625.174 731.577
6626.227 680.151
6627.280 737.042
6628.333 772.608
6629.386 688.228
6630.439 671.781
6631.492 614.552
6632.545 707.025
6633.599 820.539
6634.652 783.931
6635.705 741.555
6636.758 664.739
6637.811 622.228
6638.864 651.342
6639.917 671.494
6640.970 619.338
6642.023 603.944
6643.076 686.673
6644.129 650.906
6645.182 631.070
6646.235 668.874
6647.288 698.039
6648.341 673.498
6649.394 658.987
6650.447 655.299
6651.500 603.296
6652.553 599.606
6653.606 668.366
6654.659 646.623
6655.712 642.752
6656.765 632.904
6657.818 659.781
6658.871 640.540
6659.924 635.022
6660.977 674.330
6662.030 628.125
6663.083 613.873
6664.136 638.303
6665.189 577.825
6666.242 667.543
6667.295 726.608
6668.348 675.267
6669.401 654.766
6670.454 619.834
6671.507 608.341
6672.560 635.556
6673.613 611.982
6674.666 598.856
6675.719 631.672
6676.772 578.467
6677.825 637.812
6678.878 646.363
6679.931 693.381
6680.984 1478.245
6682.037 2468.244
6683.090 1988.390
6684.143 843.401
6685.196 693.915
6686.249 662.773
6687.302 615.464
6688.355 592.833
6689.408 608.468
6690.461 603.904
6691.514 635.675
6692.567 602.167
6693.620 587.411
6694.673 609.794
6695.726 620.170
6696.779 593.845
6697.832 618.276
6698.885 645.036
6699.938 620.817
6700.991 623.497
6702.044 653.107
6703.097 681.111
6704.150 675.907
6705.203 656.307
6706.256 624.046
6707.309 667.969
6708.362 591.742
6709.415 517.986
6710.468 597.347
6711.521 626.125
6712.574 603.563
6713.627 601.190
6714.680 638.457
6715.734 601.687
6716.787 652.718
6717.840 1342.538
6718.893 2623.825
6719.946 3573.536
6720.999 3013.541
6722.052 1870.449
6723.105 1448.756
6724.158 1187.155
6725.211 751.813
6726.264 601.596
6727.317 610.657
6728.370 604.974
6729.423 640.855
6730.476 624.226
6731.529 771.122
6732.582 1419.986
6733.635 2397.640
6734.688 2775.717
6735.741 1988.862
6736.794 1264.036
6737.847 1250.313
6738.900 931.646
6739.953 671.690
6741.006 560.571
6742.059 594.878
6743.112 581.292
6744.165 620.699
6745.218 629.927
6746.271 631.433
6747.324 582.513
6748.377 585.988
6749.430 572.110
6750.483 607.372
6751.536 628.202
6752.589 581.101
6753.642 580.964
6754.695 570.514
6755.748 556.065
6756.801 577.467
6757.854 559.875
6758.907 579.282
6759.960 610.591
6761.013 602.562
6762.066 617.779
6763.119 603.844
6764.172 577.870
6765.225 623.040
6766.278 569.795
6767.331 628.371
6768.384 630.711
6769.437 597.414
6770.490 609.357
6771.543 577.838
6772.596 631.842
6773.649 562.816
6774.702 505.203
6775.755 596.780
6776.808 576.640
6777.861 564.582
6778.914 594.559
6779.967 580.190
6781.020 579.374
6782.073 579.392
6783.126 602.568
6784.179 605.605
6785.232 562.484
6786.285 529.938
6787.338 599.373
6788.391 619.927
6789.444 628.291
6790.497 546.223
6791.550 571.142
6792.603 529.430
6793.656 632.924
6794.709 563.610
6795.762 618.965
6796.815 597.345
6797.868 581.452
6798.922 552.564
6799.975 577.547
6801.028 551.538
6802.081 541.257
6803.134 585.372
6804.187 615.268
6805.240 578.756
6806.293 586.679
6807.346 624.772
6808.399 545.313
6809.452 571.886
6810.505 607.573
6811.558 569.295
6812.611 553.583
6813.664 525.321
6814.717 569.337
6815.770 543.171
6816.823 560.010
6817.876 567.852
6818.929 494.724
6819.982 539.511
6821.035 547.761
6822.088 569.448
6823.141 569.349
6824.194 543.762
6825.247 521.135
6826.300 740.136
6827.353 1047.329
6828.406 1615.539
6829.459 2008.811
6830.512 1499.419
6831.565 817.223
6832.618 905.464
6833.671 1635.231
6834.724 1871.138
6835.777 1299.453
6836.830 606.865
6837.883 588.873
6838.936 602.524
6839.989 656.960
6841.042 802.789
6842.095 916.131
6843.148 817.063
6844.201 513.177
6845.254 522.536
6846.307 548.360
6847.360 557.935
6848.413 559.448
6849.466 620.376
6850.519 630.840
6851.572 570.342
6852.625 553.169
6853.678 552.661
6854.731 557.336
6855.784 554.293
6856.837 534.612
6857.890 525.946
6858.943 582.009
6859.996 543.622
6861.049 527.111
6862.102 913.440
6863.155 2529.195
6864.208 3207.958
6865.261 2156.296
6866.314 746.651
6867.367 328.076
6868.420 361.731
6869.473 378.805
6870.526 568.284
6871.579 669.203
6872.632 528.194
6873.685 406.266
6874.738 392.738
6875.791 402.675
6876.844 416.956
6877.897 441.370
6878.950 507.421
6880.003 654.437
6881.056 817.907
6882.110 791.326
6883.163 563.146
6884.216 508.487
6885.269 544.730
6886.322 483.485
6887.375 533.475
6888.428 849.511
6889.481 982.643
6890.534 788.888
6891.587 509.780
6892.640 451.318
6893.693 473.056
6894.746 502.964
6895.799 458.415
6896.852 408.384
6897.905 498.609
6898.958 601.860
6900.011 769.158
6901.064 982.585
6902.117 833.980
6903.170 512.189
6904.223 469.029
6905.276 466.583
6906.329 564.540
6907.382 515.258
6908.435 464.709
6909.488 516.666
6910.541 466.502
6911.594 928.764
6912.647 1279.030
6913.700 1094.048
6914.753 678.347
6915.806 510.440
6916.859 539.147
6917.912 522.083
6918.965 507.021
6920.018 538.629
6921.071 578.491
6922.124 1149.344
6923.177 1965.591
6924.230 1514.708
6925.283 656.180
6926.336 596.257
6927.389 528.522
6928.442 505.326
6929.495 525.824
6930.548 480.554
6931.601 503.771
6932.654 476.242
6933.707 555.091
6934.760 489.530
6935.813 520.286
6936.866 520.031
6937.919 649.046
6938.972 1037.952
6940.025 1218.362
6941.078 857.267
6942.131 510.841
6943.184 539.151
6944.237 541.330
6945.290 563.245
6946.343 493.070
6947.396 769.019
6948.449 1914.370
6949.502 2197.378
6950.555 1367.487
6951.608 652.622
6952.661 566.375
6953.714 532.978
6954.767 505.094
6955.820 509.234
6956.873 539.687
6957.926 597.522
6958.979 556.560
6960.032 553.125
6961.085 572.585
6962.138 533.461
6963.191 550.722
6964.245 555.561
6965.298 552.214
6966.351 613.926
6967.404 600.278
6968.457 626.727
6969.510 912.315
6970.563 929.276
6971.616 720.514
6972.669 475.724
6973.722 528.423
6974.775 520.205
6975.828 543.046
6976.881 758.430
6977.934 1286.242
6978.987 1491.655
6980.040 958.863
6981.093 531.374
6982.146 544.996
6983.199 552.746
6984.252 557.551
6985.305 568.754
6986.358 557.042
6987.411 583.917
6988.464 560.159
6989.517 559.270
6990.570 483.504
6991.623 535.281
6992.676 508.168
6993.729 493.635
6994.782 499.054
6995.835 533.534
6996.888 544.562
6997.941 511.380
6998.994 501.936
7000.047 553.982
7001.100 685.576
7002.153 829.470
7003.206 842.875
7004.259 750.558
7005.312 663.172
7006.365 551.153
7007.418 470.761
7008.471 526.499
7009.524 557.987
7010.577 847.709
7011.630 965.511
7012.683 824.764
7013.736 563.586
7014.789 508.019
7015.842 484.840
7016.895 471.088
7017.948 502.844
7019.001 523.011
7020.054 532.081
7021.107 523.802
7022.160 489.368
7023.213 495.042
7024.266 497.708
7025.319 475.343
7026.372 520.905
7027.425 493.698
7028.478 508.994
7029.531 554.409
7030.584 563.103
7031.637 504.806
7032.690 518.472
7033.743 478.955
7034.796 496.368
7035.849 496.093
7036.902 497.625
7037.955 539.249
7039.008 499.317
7040.061 534.490
7041.114 642.180
7042.167 613.841
7043.220 563.802
7044.273 551.761
7045.326 548.068
7046.379 619.720
7047.433 737.583
7048.486 784.202
7049.539 732.029
7050.592 659.870
7051.645 626.252
7052.698 571.996
7053.751 588.442
7054.804 577.291
7055.857 552.631
7056.910 497.470
7057.963 524.513
7059.016 555.565
7060.069 528.812
7061.122 522.743
7062.175 542.055
7063.228 579.647
7064.281 532.598
7065.334 555.343
7066.387 601.736
7067.440 668.203
7068.493 1295.175
7069.546 1705.942
7070.599 1353.009
7071.652 724.301
7072.705 558.310
7073.758 602.616
7074.811 565.887
7075.864 537.883
7076.917 557.599
7077.970 565.124
7079.023 537.416
7080.076 527.447
7081.129 550.803
7082.182 610.731
7083.235 671.041
7084.288 551.544
7085.341 466.620
7086.394 533.161
7087.447 617.294
7088.500 607.409
7089.553 575.655
7090.606 612.239
7091.659 536.926
7092.712 526.922
7093.765 541.810
7094.818 553.280
7095.871 510.820
7096.924 487.414
7097.977 525.655
7099.030 448.812
7100.083 434.070
7101.136 547.258
7102.189 495.424
7103.242 531.069
7104.295 512.902
7105.348 500.374
7106.401 495.691
7107.454 502.355
7108.507 516.861
7109.560 503.093
7110.613 511.862
7111.666 512.338
7112.719 524.878
7113.772 528.994
7114.825 474.630
7115.878 452.390
7116.931 499.589
7117.984 509.394
7119.037 500.549
7120.090 498.310
7121.143 466.216
7122.196 524.299
7123.249 501.237
7124.302 436.157
7125.355 513.980
7126.408 488.500
7127.461 584.370
7128.514 567.149
7129.568 508.774
7130.621 518.707
7131.674 530.687
7132.727 531.184
7133.780 552.258
7134.833 529.488
7135.886 512.846
7136.939 467.253
7137.992 781.384
7139.045 2544.208
7140.098 3593.612
7141.151 2621.348
7142.204 1046.727
7143.257 686.078
7144.310 675.349
7145.363 636.043
7146.416 627.466
7147.469 618.412
7148.522 572.799
7149.575 527.962
7150.628 506.690
7151.681 502.214
7152.734 489.269
7153.787 495.031
7154.840 533.449
7155.893 494.793
7156.946 514.209
7157.999 554.682
7159.052 543.276
7160.105 493.465
7161.158 518.810
7162.211 560.939
7163.264 497.212
7164.317 557.139
7165.370 569.450
7166.423 543.943
7167.476 521.986
7168.529 499.782
7169.582 495.820
7170.635 489.037
7171.688 496.174
7172.741 458.305
7173.794 542.053
7174.847 602.308
7175.900 544.113
7176.953 482.135
7178.006 463.300
7179.059 494.312
7180.112 551.146
7181.165 499.451
7182.218 537.805
7183.271 455.662
7184.324 418.929
7185.377 471.893
7186.430 478.473
7187.483 471.468
7188.536 422.357
7189.589 501.629
7190.642 500.787
7191.695 426.917
7192.748 457.424
7193.801 439.744
7194.854 510.379
7195.907 471.339
7196.960 455.980
7198.013 471.492
7199.066 460.888
7200.119 465.358
7201.172 453.440
7202.225 441.302
7203.278 458.785
7204.331 466.548
7205.384 463.804
7206.437 441.680
7207.490 451.895
7208.543 535.646
7209.596 485.443
7210.649 416.945
7211.702 475.481
7212.756 442.408
7213.809 485.990
7214.862 501.911
7215.915 487.570
7216.968 472.670
7218.021 455.503
7219.074 449.733
7220.127 486.676
7221.180 506.764
7222.233 495.999
7223.286 527.174
7224.339 508.608
7225.392 517.791
7226.445 478.766
7227.498 522.514
7228.551 586.379
7229.604 529.314
7230.657 512.558
7231.710 499.087
7232.763 492.591
7233.816 485.045
7234.869 475.799
7235.922 477.386
7236.975 609.643
7238.028 1219.298
7239.081 2281.832
7240.134 3051.903
7241.187 2801.060
7242.240 1660.136
7243.293 1316.933
7244.346 2617.201
7245.399 3280.150
7246.452 2051.513
7247.505 997.301
7248.558 616.758
7249.611 543.287
7250.664 516.208
7251.717 707.700
7252.770 1050.702
7253.823 1108.972
7254.876 872.238
7255.929 702.949
7256.982 673.540
7258.035 521.380
7259.088 510.443
7260.141 516.096
7261.194 478.971
7262.247 502.960
7263.300 511.795
7264.353 498.806
7265.406 436.453
7266.459 555.613
7267.512 641.472
7268.565 643.434
7269.618 590.532
7270.671 543.867
7271.724 558.070
7272.777 468.953
7273.830 719.822
7274.883 1985.154
7275.936 4558.240
7276.989 4774.066
7278.042 2355.063
7279.095 803.426
7280.148 523.571
7281.201 600.168
7282.254 658.150
7283.307 1271.522
7284.360 2233.710
7285.413 2155.548
7286.466 1202.495
7287.519 668.522
7288.572 527.276
7289.625 488.153
7290.678 525.280
7291.731 564.897
7292.784 547.277
7293.837 603.852
7294.891 867.527
7295.944 1033.734
7296.997 913.715
7298.050 661.640
7299.103 524.222
7300.156 463.560
7301.209 421.131
7302.262 714.390
7303.315 1307.777
7304.368 1434.938
7305.421 940.950
7306.474 578.649
7307.527 486.260
7308.580 437.642
7309.633 519.175
7310.686 588.561
7311.739 594.545
7312.792 531.349
7313.845 410.676
7314.898 1708.453
7315.951 3598.430
7317.004 3573.117
7318.057 1901.877
7319.110 706.201
7320.163 524.452
7321.216 557.125
7322.269 580.912
7323.322 713.982
7324.375 774.097
7325.428 771.369
7326.481 698.533
7327.534 1001.253
7328.587 1603.079
7329.640 1906.873
7330.693 1307.136
7331.746 729.852
7332.799 666.718
7333.852 719.396
7334.905 747.115
7335.958 649.062
7337.011 610.689
7338.064 594.193
7339.117 1116.758
7340.170 3489.836
7341.223 4546.859
7342.276 2889.686
7343.329 1206.147
7344.382 592.552
7345.435 524.251
7346.488 537.303
7347.541 546.261
7348.594 491.999
7349.647 515.514
7350.700 608.725
7351.753 554.979
7352.806 536.894
7353.859 520.160
7354.912 543.294
7355.965 516.165
7357.018 777.838
7358.071 1396.740
7359.124 1733.846
7360.177 1166.966
7361.230 594.541
7362.283 507.744
7363.336 540.199
7364.389 562.846
7365.442 584.171
7366.495 427.224
7367.548 884.164
7368.601 2584.709
7369.654 3299.601
7370.707 2373.987
7371.760 1016.286
7372.813 564.600
7373.866 528.515
7374.919 585.587
7375.972 468.221
7377.025 434.531
7378.079 512.135
7379.132 560.761
7380.185 559.213
7381.238 515.505
7382.291 528.007
7383.344 549.746
7384.397 511.044
7385.450 501.741
7386.503 431.865
7387.556 474.162
7388.609 578.654
7389.662 490.325
7390.715 758.064
7391.768 1156.449
7392.821 1263.953
7393.874 886.022
7394.927 511.699
7395.980 482.256
7397.033 477.106
7398.086 461.883
7399.139 499.536
7400.192 828.046
7401.245 1820.162
7402.298 2140.812
7403.351 1392.614
7404.404 785.061
7405.457 500.921
7406.510 468.048
7407.563 475.322
7408.616 453.605
7409.669 445.801
7410.722 443.573
7411.775 501.871
7412.828 551.734
7413.881 474.766
7414.934 453.142
7415.987 488.390
7417.040 449.138
7418.093 456.950
7419.146 442.977
7420.199 465.111
7421.252 430.694
7422.305 476.736
7423.358 443.842
7424.411 438.851
7425.464 464.855
7426.517 400.106
7427.570 492.526
7428.623 712.119
7429.676 870.448
7430.729 816.900
7431.782 546.774
7432.835 431.201
7433.888 484.998
7434.941 434.031
7435.994 461.297
7437.047 776.107
7438.100 1221.295
7439.153 1241.276
7440.206 839.078
7441.259 546.519
7442.312 466.343
7443.365 450.515
7444.418 447.557
7445.471 411.553
7446.524 481.648
7447.577 456.175
7448.630 414.446
7449.683 442.819
7450.736 434.334
7451.789 403.519
7452.842 455.388
7453.895 488.813
7454.948 417.808
7456.001 428.074
7457.054 457.425
7458.107 456.544
7459.160 476.668
7460.214 490.312
7461.267 571.249
7462.320 635.073
7463.373 642.073
7464.426 604.283
7465.479 537.724
7466.532 657.434
7467.585 783.986
7468.638 614.574
7469.691 512.198
7470.744 650.378
7471.797 773.993
7472.850 918.645
7473.903 1088.220
7474.956 1050.305
7476.009 811.621
7477.062 600.855
7478.115 615.229
7479.168 614.595
7480.221 614.555
7481.274 614.517
7482.327 614.480
7483.380 614.442
7484.433 614.403
7485.486 614.365
