3448.207519531  -954.4868
3450.817022562  -949.8059
3453.426525593  -944.908
3456.036028624  -940.0853
3458.645531654  -3276.051
3461.255034685  -5060.803
3463.864537716  -3255.939
3466.474040747  -4323.284
3469.083543777  -1102.965
3471.693046808  -2395.789
3474.302549839  -3583.509
3476.912052870  -2324.701
3479.521555901  -2897.751
3482.131058931  -2377.354
3484.740561962  -2686.635
3487.350064993  -2087.939
3489.959568024  -5029.734
3492.569071054  -3723.417
3495.178574085  -2638.031
3497.788077116  -2850.533
3500.397580147  -3027.17
3503.007083178  -4103.966
3505.616586208  -3305.921
3508.226089239  -3680.21
3510.835592270  -5324.35
3513.445095301  -2221.614
3516.054598331  -1862.315
3518.664101362  -4522.807
3521.273604393  -3115.538
3523.883107424  -3532.267
3526.492610455  -1989.721
3529.102113485  -3318.65
3531.711616516  -3434.905
3534.321119547  -3328.363
3536.930622578  -2268.005
3539.540125608  -2564.727
3542.149628639  -3312.481
3544.759131670  -2882.89
3547.368634701  -3331.659
3549.978137732  -2578.902
3552.587640762  -4278.32
3555.197143793  -3094.537
3557.806646824  -3935.561
3560.416149855  -3765.135
3563.025652885  -4345.915
3565.635155916  -4524.838
3568.244658947  -3749.795
3570.854161978  -2526.906
3573.463665009  -1981.057
3576.073168039  -3599.022
3578.682671070  -2725.104
3581.292174101  -3664.495
3583.901677132  -3592.156
3586.511180162  -4089.823
3589.120683193  -4344.727
3591.730186224  -1947.291
3594.339689255  -3887.774
3596.949192286  -3560.535
3599.558695316  -2560.46
3602.168198347  -2262.443
3604.777701378  -2428.676
3607.387204409  -2310.184
3609.996707439  -3211.465
3612.606210470  -2598.648
3615.215713501  -2343.66
3617.825216532  -2427.683
3620.434719563  -1752.426
3623.044222593  -2476.925
3625.653725624  -3587.353
3628.263228655  -3313.025
3630.872731686  -2741.072
3633.482234716  -3298.44
3636.091737747  -2288.848
3638.701240778  -2199.241
3641.310743809  -2323.549
3643.920246840  -1970.558
3646.529749870  -3609.585
3649.139252901  -126.4104
3651.748755932  -1302.573
3654.358258963  -3113.214
3656.967761993  -2699.46
3659.577265024  -336.2537
3662.186768055  -1226.359
3664.796271086  -162.9642
3667.405774117  -1695.089
3670.015277147  -162.5613
3672.624780178  -1266.631
3675.234283209  -195.0947
3677.843786240  -577.182
3680.453289270  -801.9504
3683.062792301  -1360.342
3685.672295332  -1395.025
3688.281798363  -348.0434
3690.891301394  -429.6916
3693.500804424  -245.5272
3696.110307455  -1545.276
3698.719810486  -381.3881
3701.329313517  -415.2134
3703.938816547  508.8796
3706.548319578  -535.7592
3709.157822609  -165.2135
3711.767325640  -984.4874
3714.376828671  -146.6217
3716.986331701  4.399551
3719.595834732  238.5257
3722.205337763  521.8989
3724.814840794  888.9935
3727.424343824  2531.019
3730.033846855  3591.309
3732.643349886  3355.255
3735.252852917  1213.131
3737.862355947  870.1085
3740.471858978  548.5057
3743.081362009  370.1218
3745.690865040  291.1014
3748.300368071  548.6279
3750.909871101  839.8397
3753.519374132  1158.901
3756.128877163  894.0145
3758.738380194  779.5468
3761.347883224  765.1769
3763.957386255  868.7911
3766.566889286  698.6898
3769.176392317  864.0479
3771.785895348  1044.659
3774.395398378  734.9612
3777.004901409  1359.591
3779.614404440  889.1702
3782.223907471  1392.255
3784.833410501  909.7368
3787.442913532  930.0366
3790.052416563  335.2809
3792.661919594  643.5443
3795.271422625  535.2735
3797.880925655  1059.844
3800.490428686  1624.797
3803.099931717  1606.935
3805.709434748  894.9813
3808.318937778  936.6682
3810.928440809  1216.651
3813.537943840  682.0485
3816.147446871  1186.735
3818.756949902  1409.258
3821.366452932  1356.771
3823.975955963  782.9669
3826.585458994  950.4191
3829.194962025  1392.438
3831.804465055  986.2365
3834.413968086  1655.85
3837.023471117  1838.073
3839.632974148  2204.911
3842.242477179  1582.921
3844.851980209  1179.159
3847.461483240  940.7144
3850.070986271  1449.095
3852.680489302  1002.952
3855.289992332  1038.584
3857.899495363  998.2
3860.508998394  1231.794
3863.118501425  1327.524
3865.728004456  1229.654
3868.337507486  4097.913
3870.947010517  6115.37
3873.556513548  4937.378
3876.166016579  1966.521
3878.775519609  1364.56
3881.385022640  907.6446
3883.994525671  1453.031
3886.604028702  1315.608
3889.213531733  2769.776
3891.823034763  3559.25
3894.432537794  2376.362
3897.042040825  1517.007
3899.651543856  1360.522
3902.261046886  1175.447
3904.870549917  1295.585
3907.480052948  1235.264
3910.089555979  1562.857
3912.699059010  1378.875
3915.308562040  1340.883
3917.918065071  1257.842
3920.527568102  1111.861
3923.137071133  1253.419
3925.746574163  1326.053
3928.356077194  1137.96
3930.965580225  1102.641
3933.575083256  958.2607
3936.184586287  1017.288
3938.794089317  1195.736
3941.403592348  1242.912
3944.013095379  1223.299
3946.622598410  1391.577
3949.232101440  1270.438
3951.841604471  1169.152
3954.451107502  1100.653
3957.060610533  1058.181
3959.670113564  1080.703
3962.279616594  1039.563
3964.889119625  1424.996
3967.498622656  1590.83
3970.108125687  2633.862
3972.717628717  3426.872
3975.327131748  2096.661
3977.936634779  1271.657
3980.546137810  1291.766
3983.155640841  1210.359
3985.765143871  1081.455
3988.374646902  1018.469
3990.984149933  1269.154
3993.593652964  1166.414
3996.203155994  1258.716
3998.812659025  1284.789
4001.422162056  1201.034
4004.031665087  1216.22
4006.641168118  1129.479
4009.250671148  1176.877
4011.860174179  1252.345
4014.469677210  1196.212
4017.079180241  1140.273
4019.688683271  1225.654
4022.298186302  1373.262
4024.907689333  1264.362
4027.517192364  1453.379
4030.126695395  1379.225
4032.736198425  1285.229
4035.345701456  1216.579
4037.955204487  1156.107
4040.564707518  1258.859
4043.174210548  1245.487
4045.783713579  1218.589
4048.393216610  1129.041
4051.002719641  1265.435
4053.612222672  1214.028
4056.221725702  1202.731
4058.831228733  1252.383
4061.440731764  1244.141
4064.050234795  1351.371
4066.659737825  1285.702
4069.269240856  1256.571
4071.878743887  1253.54
4074.488246918  1064.052
4077.097749949  1115.386
4079.707252979  1258.806
4082.316756010  1141.27
4084.926259041  1157.449
4087.535762072  1142.63
4090.145265102  1110.265
4092.754768133  1060.361
4095.364271164  1178.713
4097.973774195  1106.569
4100.583277225  1742.996
4103.192780256  3061.939
4105.802283287  2977.835
4108.411786318  1845.569
4111.021289349  1152.803
4113.630792379  1073.367
4116.240295410  945.9092
4118.849798441  1113.073
4121.459301472  943.9235
4124.068804502  970.6678
4126.678307533  1012.053
4129.287810564  1005.905
4131.897313595  1023.882
4134.506816626  841.9212
4137.116319656  972.6907
4139.725822687  1102.32
4142.335325718  992.7695
4144.944828749  967.0589
4147.554331779  992.6696
4150.163834810  953.5831
4152.773337841  901.6793
4155.382840872  872.9184
4157.992343903  941.2067
4160.601846933  964.5901
4163.211349964  1014.741
4165.820852995  1000.289
4168.430356026  999.8492
4171.039859056  1007.028
4173.649362087  818.3746
4176.258865118  980.9945
4178.868368149  931.1718
4181.477871180  945.7754
4184.087374210  881.0665
4186.696877241  876.7191
4189.306380272  936.203
4191.915883303  876.2288
4194.525386333  885.2033
4197.134889364  897.0213
4199.744392395  947.8248
4202.353895426  866.7489
4204.963398457  957.5987
4207.572901487  929.3056
4210.182404518  918.6782
4212.791907549  818.9261
4215.401410580  860.7166
4218.010913610  848.4577
4220.620416641  877.2219
4223.229919672  949.6703
4225.839422703  806.5806
4228.448925734  768.8128
4231.058428764  735.0139
4233.667931795  706.1549
4236.277434826  768.6653
4238.886937857  761.373
4241.496440887  757.5717
4244.105943918  750.0046
4246.715446949  803.2281
4249.324949980  695.6981
4251.934453011  784.716
4254.543956041  635.4206
4257.153459072  809.0411
4259.762962103  716.2297
4262.372465134  791.0488
4264.981968164  732.7915
4267.591471195  850.689
4270.200974226  718.8387
4272.810477257  666.6203
4275.419980288  713.8264
4278.029483318  760.9678
4280.638986349  814.3901
4283.248489380  686.3356
4285.857992411  797.6367
4288.467495441  759.287
4291.076998472  679.9493
4293.686501503  606.3002
4296.296004534  745.5331
4298.905507565  603.5403
4301.515010595  620.6881
4304.124513626  648.9242
4306.734016657  651.0926
4309.343519688  654.6089
4311.953022718  688.0658
4314.562525749  675.1124
4317.172028780  733.8084
4319.781531811  791.2089
4322.391034842  687.8963
4325.000537872  594.1265
4327.610040903  688.7989
4330.219543934  808.998
4332.829046965  680.7693
4335.438549995  744.3439
4338.048053026  910.0068
4340.657556057  2295.324
4343.267059088  3285.077
4345.876562119  2713.393
4348.486065149  926.165
4351.095568180  700.2102
4353.705071211  679.1313
4356.314574242  718.1304
4358.924077272  670.4835
4361.533580303  744.6307
4364.143083334  1011.424
4366.752586365  1259.678
4369.362089396  1038.96
4371.971592426  734.402
4374.581095457  730.5425
4377.190598488  685.0105
4379.800101519  667.5693
4382.409604549  617.1019
4385.019107580  583.629
4387.628610611  604.5991
4390.238113642  605.4681
4392.847616673  609.8018
4395.457119703  597.4514
4398.066622734  659.137
4400.676125765  675.5465
4403.285628796  661.0041
4405.895131826  648.6039
4408.504634857  684.2831
4411.114137888  659.618
4413.723640919  646.8271
4416.333143950  667.7679
4418.942646980  677.4694
4421.552150011  646.7249
4424.161653042  687.1115
4426.771156073  686.116
4429.380659103  616.23
4431.990162134  681.7598
4434.599665165  629.182
4437.209168196  635.6542
4439.818671227  632.9587
4442.428174257  610.6923
4445.037677288  606.4946
4447.647180319  608.1034
4450.256683350  648.9036
4452.866186380  612.5501
4455.475689411  591.8055
4458.085192442  574.3425
4460.694695473  580.7896
4463.304198504  584.2143
4465.913701534  548.6406
4468.523204565  641.3058
4471.132707596  700.1064
4473.742210627  822.6105
4476.351713657  772.7071
4478.961216688  642.2786
4481.570719719  580.6249
4484.180222750  586.0444
4486.789725780  596.1552
4489.399228811  571.8137
4492.008731842  588.7167
4494.618234873  632.481
4497.227737904  599.7134
4499.837240934  624.3952
4502.446743965  644.8405
4505.056246996  641.0886
4507.665750027  559.957
4510.275253057  573.6035
4512.884756088  598.0401
4515.494259119  670.9244
4518.103762150  564.3646
4520.713265181  586.0149
4523.322768211  591.4891
4525.932271242  605.9487
4528.541774273  599.2207
4531.151277304  662.7722
4533.760780334  579.972
4536.370283365  600.457
4538.979786396  644.415
4541.589289427  583.8439
4544.198792458  680.3063
4546.808295488  668.8528
4549.417798519  643.5472
4552.027301550  658.4688
4554.636804581  639.9232
4557.246307611  599.9053
4559.855810642  597.5615
4562.465313673  579.3979
4565.074816704  603.334
4567.684319735  619.2957
4570.293822765  592.7576
4572.903325796  587.8879
4575.512828827  590.283
4578.122331858  573.3488
4580.731834888  603.9716
4583.341337919  602.4613
4585.950840950  592.308
4588.560343981  558.4112
4591.169847012  566.3792
4593.779350042  573.364
4596.388853073  533.9005
4598.998356104  505.2711
4601.607859135  527.9096
4604.217362165  533.4073
4606.826865196  598.4518
4609.436368227  612.9389
4612.045871258  583.3401
4614.655374289  555.1011
4617.264877319  562.0945
4619.874380350  543.9923
4622.483883381  593.1552
4625.093386412  588.1472
4627.702889442  556.1125
4630.312392473  582.1945
4632.921895504  618.2482
4635.531398535  569.6002
4638.140901566  602.2167
4640.750404596  655.0151
4643.359907627  597.8937
4645.969410658  540.5859
4648.578913689  593.0203
4651.188416719  564.2778
4653.797919750  618.5837
4656.407422781  622.3813
4659.016925812  626.8364
4661.626428843  628.9802
4664.235931873  632.21
4666.845434904  551.6255
4669.454937935  592.0207
4672.064440966  648.2771
4674.673943996  777.663
4677.283447027  937.4618
4679.892950058  1229.523
4682.502453089  1534.526
4685.111956120  1777.853
4687.721459150  1831.062
4690.330962181  1693.777
4692.940465212  1439.995
4695.549968243  1268.018
4698.159471273  1071.608
4700.768974304  955.2259
4703.378477335  790.6824
4705.987980366  753.4962
4708.597483397  710.2831
4711.206986427  720.3295
4713.816489458  761.1721
4716.425992489  707.2769
4719.035495520  623.0434
4721.644998550  583.5665
4724.254501581  588.1581
4726.864004612  569.8854
4729.473507643  568.0076
4732.083010674  602.7013
4734.692513704  487.9928
4737.302016735  565.564
4739.911519766  538.5959
4742.521022797  537.3948
4745.130525827  617.4431
4747.740028858  592.6747
4750.349531889  560.5225
4752.959034920  527.9062
4755.568537951  547.3084
4758.178040981  503.4108
4760.787544012  512.4464
4763.397047043  527.9511
4766.006550074  519.786
4768.616053104  565.6869
4771.225556135  529.4907
4773.835059166  599.9407
4776.444562197  515.9117
4779.054065228  495.1093
4781.663568258  522.3628
4784.273071289  514.6807
4786.882574320  520.1568
4789.492077351  503.0185
4792.101580381  494.2156
4794.711083412  505.3342
4797.320586443  522.2194
4799.930089474  518.058
4802.539592505  518.758
4805.149095535  523.0171
4807.758598566  535.3181
4810.368101597  478.1825
4812.977604628  507.0849
4815.587107658  564.9438
4818.196610689  551.751
4820.806113720  538.5907
4823.415616751  541.2654
4826.025119782  557.221
4828.634622812  559.2467
4831.244125843  529.6245
4833.853628874  509.5126
4836.463131905  556.6296
4839.072634935  532.197
4841.682137966  472.6167
4844.291640997  511.6559
4846.901144028  518.1388
4849.510647058  540.3044
4852.120150089  550.1421
4854.729653120  561.9427
4857.339156151  601.4266
4859.948659182  1293.773
4862.558162212  4599.606
4865.167665243  5672.939
4867.777168274  3343.019
4870.386671305  653.5331
4872.996174335  621.3135
4875.605677366  555.835
4878.215180397  506.1734
4880.824683428  559.3312
4883.434186459  530.6684
4886.043689489  538.0588
4888.653192520  482.9536
4891.262695551  522.0375
4893.872198582  517.7047
4896.481701612  517.2108
4899.091204643  521.3459
4901.700707674  486.3885
4904.310210705  462.3326
4906.919713736  459.6909
4909.529216766  502.5256
4912.138719797  473.3251
4914.748222828  494.6963
4917.357725859  526.3913
4919.967228889  478.1852
4922.576731920  466.6719
4925.186234951  520.9288
4927.795737982  529.8506
4930.405241013  502.868
4933.014744043  523.0647
4935.624247074  502.0785
4938.233750105  496.6597
4940.843253136  489.5118
4943.452756166  484.6378
4946.062259197  511.5739
4948.671762228  509.0291
4951.281265259  433.4951
4953.890768290  576.1608
4956.500271320  559.2682
4959.109774351  5977.968
4961.719277382  11005.77
4964.328780413  8968.411
4966.938283443  2462.692
4969.547786474  371.8018
4972.157289505  551.7261
4974.766792536  500.3445
4977.376295567  494.4152
4979.985798597  463.0277
4982.595301628  468.4776
4985.204804659  438.8694
4987.814307690  523.8201
4990.423810720  492.1114
4993.033313751  513.1666
4995.642816782  473.3993
4998.252319813  489.3151
5000.861822844  538.2873
5003.471325874  825.7656
5006.080828905  7700.884
5008.690331936  29185.17
5011.299834967  30862.77
5013.909337997  12197.72
5016.518841028  1041.451
5019.128344059  581.3417
5021.737847090  498.6424
5024.347350121  481.2945
5026.956853151  476.8802
5029.566356182  481.4162
5032.175859213  452.3894
5034.785362244  460.4896
5037.394865274  431.8083
5040.004368305  468.5355
5042.613871336  412.2278
5045.223374367  444.6458
5047.832877398  457.5316
5050.442380428  442.8288
5053.051883459  450.6961
5055.661386490  466.0652
5058.270889521  432.1539
5060.880392551  461.5024
5063.489895582  472.193
5066.099398613  431.5079
5068.708901644  411.8524
5071.318404675  445.8975
5073.927907705  451.5786
5076.537410736  429.9121
5079.146913767  418.7429
5081.756416798  391.9186
5084.365919828  455.372
5086.975422859  447.942
5089.584925890  436.8967
5092.194428921  432.7887
5094.803931952  394.2474
5097.413434982  402.2937
5100.022938013  404.5163
5102.632441044  403.2382
5105.241944075  399.5421
5107.851447105  422.4376
5110.460950136  450.9409
5113.070453167  423.9298
5115.679956198  396.0769
5118.289459229  406.9639
5120.898962259  444.5708
5123.508465290  397.3703
5126.117968321  385.7774
5128.727471352  390.9453
5131.336974382  381.4555
5133.946477413  427.285
5136.555980444  408.6959
5139.165483475  394.9215
5141.774986506  409.4309
5144.384489536  421.8645
5146.993992567  409.9622
5149.603495598  419.2373
5152.212998629  434.4048
5154.822501659  415.6566
5157.432004690  382.3835
5160.041507721  401.1379
5162.651010752  406.9082
5165.260513783  401.6838
5167.870016813  392.5902
5170.479519844  372.5049
5173.089022875  391.1989
5175.698525906  368.8918
5178.308028936  384.1535
5180.917531967  388.7296
5183.527034998  350.3608
5186.136538029  366.471
5188.746041060  400.5292
5191.355544090  389.7066
5193.965047121  441.1744
5196.574550152  641.0729
5199.184053183  727.1588
5201.793556213  639.6174
5204.403059244  477.3008
5207.012562275  403.7341
5209.622065306  377.0534
5212.231568336  385.8242
5214.841071367  430.0657
5217.450574398  392.0655
5220.060077429  386.8257
5222.669580460  417.4935
5225.279083490  411.2168
5227.888586521  394.3535
5230.498089552  392.4814
5233.107592583  396.4968
5235.717095613  392.4415
5238.326598644  388.9115
5240.936101675  431.2229
5243.545604706  369.666
5246.155107737  382.7857
5248.764610767  346.2294
5251.374113798  382.5812
5253.983616829  381.1699
5256.593119860  419.8254
5259.202622890  380.4219
5261.812125921  360.5623
5264.421628952  345.6259
5267.031131983  344.8759
5269.640635014  355.3306
5272.250138044  395.8843
5274.859641075  369.314
5277.469144106  351.9467
5280.078647137  369.1652
5282.688150167  374.0266
5285.297653198  366.1086
5287.907156229  398.1313
5290.516659260  371.6877
5293.126162291  392.2383
5295.735665321  366.3159
5298.345168352  403.2265
5300.954671383  385.5518
5303.564174414  362.9538
5306.173677444  375.4306
5308.783180475  382.9925
5311.392683506  370.
5314.002186537  369.0562
5316.611689568  378.4826
5319.221192598  358.7299
5321.830695629  388.7686
5324.440198660  374.1107
5327.049701691  356.7022
5329.659204721  435.6692
5332.268707752  400.5793
5334.878210783  350.8689
5337.487713814  392.6785
5340.097216845  360.1466
5342.706719875  346.8394
5345.316222906  339.5962
5347.925725937  333.6753
5350.535228968  347.8332
5353.144731998  326.2697
5355.754235029  354.8168
5358.363738060  322.0504
5360.973241091  351.1112
5363.582744122  363.2465
5366.192247152  347.935
5368.801750183  333.1335
5371.411253214  371.6713
5374.020756245  326.317
5376.630259275  364.1963
5379.239762306  346.0838
5381.849265337  349.7001
5384.458768368  336.132
5387.068271399  352.4355
5389.677774429  297.916
5392.287277460  312.6662
5394.896780491  305.092
5397.506283522  340.0048
5400.115786552  347.9929
5402.725289583  335.213
5405.334792614  332.6552
5407.944295645  394.1633
5410.553798676  415.3992
5413.163301706  427.583
5415.772804737  408.2256
5418.382307768  386.8668
5420.991810799  399.1519
5423.601313829  335.9857
5426.210816860  384.9147
5428.820319891  361.2614
5431.429822922  373.8052
5434.039325953  355.743
5436.648828983  354.8491
5439.258332014  361.0324
5441.867835045  310.4823
5444.477338076  323.421
5447.086841106  324.7208
5449.696344137  289.1329
5452.305847168  332.4573
5454.915350199  304.2281
5457.524853230  332.7513
5460.134356260  312.8743
5462.743859291  306.1281
5465.353362322  323.3064
5467.962865353  344.0279
5470.572368383  310.1429
5473.181871414  272.6766
5475.791374445  300.8742
5478.400877476  339.7373
5481.010380507  306.4295
5483.619883537  306.6286
5486.229386568  315.4478
5488.838889599  299.3479
5491.448392630  306.7675
5494.057895660  312.8031
5496.667398691  317.8698
5499.276901722  311.6361
5501.886404753  315.4333
5504.495907784  319.3401
5507.105410814  322.8283
5509.714913845  281.8859
5512.324416876  296.7952
5514.933919907  273.5317
5517.543422937  292.2227
5520.152925968  308.9226
5522.762428999  279.656
5525.371932030  288.4739
5527.981435061  294.2197
5530.590938091  267.562
5533.200441122  291.5341
5535.809944153  313.4226
5538.419447184  295.3594
5541.028950214  333.8015
5543.638453245  328.555
5546.247956276  302.705
5548.857459307  313.4067
5551.466962338  301.1506
5554.076465368  304.1274
5556.685968399  302.2139
5559.295471430  286.3244
5561.904974461  300.7828
5564.514477491  309.3721
5567.123980522  316.4109
5569.733483553  312.8305
5572.342986584  590.4746
5574.952489614  3215.161
5577.561992645  5524.514
5580.171495676  3817.929
5582.780998707  1048.179
5585.390501738  194.6879
5588.000004768  332.7434
5590.609507799  294.2309
5593.219010830  272.5706
5595.828513861  299.7688
5598.438016891  309.4079
5601.047519922  295.7603
5603.657022953  331.6314
5606.266525984  339.8263
5608.876029015  296.6484
5611.485532045  274.3293
5614.095035076  279.649
5616.704538107  297.3635
5619.314041138  286.2149
5621.923544168  301.8371
5624.533047199  280.6199
5627.142550230  279.7789
5629.752053261  287.3467
5632.361556292  261.1063
5634.971059322  276.4116
5637.580562353  268.0313
5640.190065384  277.8785
5642.799568415  301.0926
5645.409071445  274.4489
5648.018574476  270.0185
5650.628077507  283.2788
5653.237580538  299.2401
5655.847083569  288.4991
5658.456586599  299.4211
5661.066089630  265.2638
5663.675592661  297.5943
5666.285095692  298.597
5668.894598722  286.3825
5671.504101753  291.1447
5674.113604784  265.8523
5676.723107815  325.6385
5679.332610846  297.0742
5681.942113876  285.9894
5684.551616907  293.877
5687.161119938  287.4721
5689.770622969  246.0022
5692.380125999  298.7188
5694.989629030  294.0642
5697.599132061  316.0422
5700.208635092  273.1917
5702.818138123  291.7133
5705.427641153  288.2243
5708.037144184  273.6246
5710.646647215  275.4092
5713.256150246  265.2415
5715.865653276  294.334
5718.475156307  279.3853
5721.084659338  306.1541
5723.694162369  278.2966
5726.303665400  313.1778
5728.913168430  254.9318
5731.522671461  273.8073
5734.132174492  284.7347
5736.741677523  281.5112
5739.351180553  252.4576
5741.960683584  287.8981
5744.570186615  296.4152
5747.179689646  259.6371
5749.789192677  265.1919
5752.398695707  269.7329
5755.008198738  269.274
5757.617701769  284.4063
5760.227204800  286.7282
5762.836707830  275.7302
5765.446210861  297.9901
5768.055713892  263.3065
5770.665216923  286.6634
5773.274719954  258.5633
5775.884222984  245.0762
5778.493726015  262.9306
5781.103229046  264.1515
5783.712732077  280.1823
5786.322235107  280.8625
5788.931738138  266.9229
5791.541241169  271.1648
5794.150744200  292.8068
5796.760247231  302.1156
5799.369750261  265.1374
5801.979253292  265.6272
5804.588756323  315.1314
5807.198259354  279.6698
5809.807762384  253.5699
5812.417265415  300.8743
5815.026768446  315.9267
5817.636271477  270.7678
5820.245774508  255.0789
5822.855277538  266.8702
5825.464780569  275.4199
5828.074283600  251.6346
5830.683786631  251.843
5833.293289661  287.0518
5835.902792692  262.3563
5838.512295723  243.9859
5841.121798754  269.0165
5843.731301785  265.3519
5846.340804815  250.6912
5848.950307846  273.2158
5851.559810877  274.3357
5854.169313908  249.4966
5856.778816938  266.0953
5859.388319969  276.8814
5861.997823000  280.0204
5864.607326031  321.303
5867.216829062  338.1883
5869.826332092  355.8173
5872.435835123  319.8807
5875.045338154  354.0805
5877.654841185  594.0179
5880.264344215  652.1135
5882.873847246  475.7743
5885.483350277  377.5793
5888.092853308  694.9037
5890.702356339  824.1886
5893.311859369  764.6509
5895.921362400  590.8992
5898.530865431  530.0959
5901.140368462  288.2536
5903.749871492  272.3614
5906.359374523  279.9516
5908.968877554  258.7952
5911.578380585  252.6242
5914.187883616  311.3808
5916.797386646  321.9439
5919.406889677  278.6282
5922.016392708  262.2608
5924.625895739  274.1208
5927.235398769  257.7543
5929.844901800  292.6166
5932.454404831  310.9208
5935.063907862  327.6801
5937.673410892  259.795
5940.282913923  239.3089
5942.892416954  248.7847
5945.501919985  239.2881
5948.111423016  230.4563
5950.720926046  270.785
5953.330429077  302.7686
5955.939932108  292.3231
5958.549435139  277.7403
5961.158938169  258.1224
5963.768441200  226.2276
5966.377944231  262.8434
5968.987447262  275.8815
5971.596950293  270.8036
5974.206453323  300.3239
5976.815956354  287.6218
5979.425459385  276.9058
5982.034962416  260.1776
5984.644465446  235.0476
5987.253968477  234.7087
5989.863471508  240.799
5992.472974539  234.273
5995.082477570  218.0411
5997.691980600  226.0418
6000.301483631  236.8496
6002.910986662  238.3875
6005.520489693  222.6186
6008.129992723  208.7448
6010.739495754  222.3778
6013.348998785  211.45
6015.958501816  195.5261
6018.568004847  200.0336
6021.177507877  213.6406
6023.787010908  237.6728
6026.396513939  211.7919
6029.006016970  208.6567
6031.615520000  220.2294
6034.225023031  207.3803
6036.834526062  221.4757
6039.444029093  216.379
6042.053532124  223.3381
6044.663035154  216.9454
6047.272538185  213.5727
6049.882041216  191.5573
6052.491544247  204.8846
6055.101047277  199.0139
6057.710550308  189.6076
6060.320053339  179.4166
6062.929556370  192.7875
6065.539059401  212.5671
6068.148562431  209.2752
6070.758065462  198.1009
6073.367568493  193.6908
6075.977071524  188.2736
6078.586574554  176.4339
6081.196077585  191.5404
6083.805580616  203.2018
6086.415083647  186.6665
6089.024586678  197.7079
6091.634089708  190.9839
6094.243592739  178.8955
6096.853095770  177.1214
6099.462598801  208.2755
6102.072101831  183.0645
6104.681604862  192.5735
6107.291107893  207.0909
6109.900610924  180.1389
6112.510113955  176.7601
6115.119616985  190.7723
6117.729120016  159.6696
6120.338623047  185.6711
6122.948126078  193.9975
6125.557629108  174.1446
6128.167132139  197.5008
6130.776635170  202.1686
6133.386138201  203.6449
6135.995641232  216.25
6138.605144262  218.9661
6141.214647293  208.1629
6143.824150324  199.1292
6146.433653355  184.503
6149.043156385  171.682
6151.652659416  186.2352
6154.262162447  230.4311
6156.871665478  285.9698
6159.481168509  267.2583
6162.090671539  210.4346
6164.700174570  193.7752
6167.309677601  199.8523
6169.919180632  209.4973
6172.528683662  218.4794
6175.138186693  194.8401
6177.747689724  188.7314
6180.357192755  212.1978
6182.966695786  192.1784
6185.576198816  163.8054
6188.185701847  177.0092
6190.795204878  180.3086
6193.404707909  197.1479
6196.014210939  183.0954
6198.623713970  176.9996
6201.233217001  212.586
6203.842720032  198.3282
6206.452223063  169.9536
6209.061726093  163.7079
6211.671229124  175.4205
6214.280732155  185.8993
6216.890235186  176.1111
6219.499738216  181.6211
6222.109241247  206.7112
6224.718744278  176.8295
6227.328247309  163.9105
6229.937750340  169.1337
6232.547253370  219.3713
6235.156756401  287.255
6237.766259432  295.2135
6240.375762463  263.5893
6242.985265493  229.9705
6245.594768524  203.1694
6248.204271555  157.2832
6250.813774586  173.5991
6253.423277617  195.9709
6256.032780647  255.1814
6258.642283678  284.1715
6261.251786709  229.5228
6263.861289740  202.1974
6266.470792770  211.4697
6269.080295801  203.3614
6271.689798832  180.3863
6274.299301863  174.5472
6276.908804894  186.3292
6279.518307924  184.1008
6282.127810955  141.1734
6284.737313986  204.8833
6287.346817017  252.8235
6289.956320047  244.8971
6292.565823078  113.8878
6295.175326109  554.2419
6297.784829140  3475.255
6300.394332170  6276.035
6303.003835201  4750.916
6305.613338232  843.8672
6308.222841263  312.4353
6310.832344294  214.0676
6313.441847324  185.9986
6316.051350355  225.0461
6318.660853386  195.1815
6321.270356417  197.0123
6323.879859447  195.8531
6326.489362478  195.0842
6329.098865509  250.1455
6331.708368540  224.7423
6334.317871571  186.823
6336.927374601  162.3201
6339.536877632  173.3067
6342.146380663  160.2373
6344.755883694  184.0371
6347.365386724  167.2635
6349.974889755  211.0819
6352.584392786  170.9222
6355.193895817  234.2647
6357.803398848  165.3701
6360.412901878  946.0181
6363.022404909  1911.729
6365.631907940  1890.278
6368.241410971  787.4599
6370.850914001  92.74172
6373.460417032  179.8762
6376.069920063  163.4725
6378.679423094  158.7391
6381.288926125  163.2916
6383.898429155  177.1389
6386.507932186  171.6283
6389.117435217  164.2247
6391.726938248  157.2912
6394.336441278  162.8856
6396.945944309  166.6433
6399.555447340  161.022
6402.164950371  150.0592
6404.774453402  163.3996
6407.383956432  171.4623
6409.993459463  130.7353
6412.602962494  162.061
6415.212465525  163.0951
6417.821968555  168.877
6420.431471586  149.523
6423.040974617  174.7399
6425.650477648  149.2122
6428.259980679  140.7704
6430.869483709  127.1887
6433.478986740  147.5797
6436.088489771  130.8665
6438.697992802  125.4724
6441.307495832  134.4916
6443.916998863  143.5718
6446.526501894  134.3204
6449.136004925  135.2424
6451.745507956  174.1136
6454.355010986  193.7328
6456.964514017  170.0264
6459.574017048  149.9116
6462.183520079  185.0134
6464.793023109  189.1052
6467.402526140  223.7705
6470.012029171  213.6095
6472.621532202  201.2401
6475.231035233  162.5019
6477.840538263  138.0135
6480.450041294  136.4853
6483.059544325  118.2977
6485.669047356  152.012
6488.278550386  138.8638
6490.888053417  120.5827
6493.497556448  135.402
6496.107059479  208.1539
6498.716562510  253.4834
6501.326065540  217.1807
6503.935568571  189.6848
6506.545071602  182.0319
6509.154574633  138.5091
6511.764077663  140.7649
6514.373580694  146.4766
6516.983083725  133.3802
6519.592586756  150.4526
6522.202089787  162.165
6524.811592817  154.4912
6527.421095848  168.3993
6530.030598879  194.349
6532.640101910  245.9105
6535.249604940  215.6866
6537.859107971  144.8678
6540.468611002  154.2107
6543.078114033  171.2455
6545.687617064  194.2751
6548.297120094  172.7218
6550.906623125  255.5253
6553.516126156  303.1799
6556.125629187  273.4198
6558.735132217  309.9425
6561.344635248  365.2251
6563.954138279  4683.456
6566.563641310  8271.484
6569.173144341  5699.365
6571.782647371  1498.102
6574.392150402  124.7595
6577.001653433  310.3442
6579.611156464  218.0027
6582.220659494  185.6148
6584.830162525  180.0117
6587.439665556  208.4848
6590.049168587  194.7543
6592.658671618  165.911
6595.268174648  158.5198
6597.877677679  140.121
6600.487180710  163.3016
6603.096683741  186.2062
6605.706186771  168.2568
6608.315689802  148.684
6610.925192833  156.6349
6613.534695864  112.1924
6616.144198895  107.9269
6618.753701925  123.8471
6621.363204956  141.1402
6623.972707987  127.1275
6626.582211018  139.1698
6629.191714048  133.5659
6631.801217079  139.1012
6634.410720110  148.0558
6637.020223141  138.7622
6639.629726172  106.6519
6642.239229202  128.281
6644.848732233  129.1881
6647.458235264  132.3556
6650.067738295  117.063
6652.677241325  131.1598
6655.286744356  121.5933
6657.896247387  129.9868
6660.505750418  123.699
6663.115253448  131.6477
6665.724756479  144.928
6668.334259510  124.2489
6670.943762541  126.1249
6673.553265572  139.8504
6676.162768602  128.3018
6678.772271633  159.5876
6681.381774664  213.7901
6683.991277695  180.5037
6686.600780725  146.0252
6689.210283756  130.6372
6691.819786787  132.2637
6694.429289818  119.0751
6697.038792849  135.0898
6699.648295879  119.8615
6702.257798910  127.5973
6704.867301941  131.6418
6707.476804972  136.9082
6710.086308002  120.9165
6712.695811033  114.1521
6715.305314064  119.4385
6717.914817095  207.6395
6720.524320126  255.485
6723.133823156  224.4901
6725.743326187  124.7537
6728.352829218  109.5781
6730.962332249  148.698
6733.571835279  187.8963
6736.181338310  213.8964
6738.790841341  139.8084
6741.400344372  105.3775
6744.009847403  127.3295
6746.619350433  112.5135
6749.228853464  94.7571
6751.838356495  102.8923
6754.447859526  103.4899
6757.057362556  110.159
6759.666865587  113.2682
6762.276368618  110.4155
6764.885871649  119.8782
6767.495374680  114.8667
6770.104877710  103.5139
6772.714380741  105.0812
6775.323883772  125.3903
6777.933386803  114.2129
6780.542889833  121.5382
6783.152392864  99.10009
6785.761895895  102.799
6788.371398926  108.9006
6790.980901957  114.1671
6793.590404987  104.2113
6796.199908018  111.5549
6798.809411049  127.1775
6801.418914080  117.1534
6804.028417110  107.4739
6806.637920141  93.36252
6809.247423172  112.2971
6811.856926203  100.8908
6814.466429234  121.2904
6817.075932264  114.1444
6819.685435295  102.4558
6822.294938326  112.8172
6824.904441357  143.1319
6827.513944387  239.4968
6830.123447418  298.4763
6832.732950449  279.936
6835.342453480  240.6523
6837.951956511  177.7643
6840.561459541  147.9299
6843.170962572  133.7913
6845.780465603  111.1347
6848.389968634  113.4174
6850.999471664  113.3008
6853.608974695  116.8249
6856.218477726  99.80797
6858.827980757  121.2881
6861.437483788  264.2541
6864.046986818  365.8803
6866.656489849  297.4756
6869.265992880  101.5114
6871.875495911  94.27528
6874.484998941  92.60986
6877.094501972  94.95789
6879.704005003  124.6113
6882.313508034  133.0313
6884.923011065  106.3979
6887.532514095  136.0128
6890.142017126  135.97
6892.751520157  125.8247
6895.361023188  96.56598
6897.970526218  132.2998
6900.580029249  139.4961
6903.189532280  126.4027
6905.799035311  69.85702
6908.408538342  103.4383
6911.018041372  165.3734
6913.627544403  196.7928
6916.237047434  145.2529
6918.846550465  128.5389
6921.456053495  198.9851
6924.065556526  222.6087
6926.675059557  142.9648
6929.284562588  83.84205
6931.894065619  92.16376
6934.503568649  100.9075
6937.113071680  142.8533
6939.722574711  175.8398
6942.332077742  132.3345
6944.941580772  127.1988
6947.551083803  243.2967
6950.160586834  272.3082
6952.770089865  171.9253
6955.379592896  90.52115
6957.989095926  95.18079
6960.598598957  109.1617
6963.208101988  97.27389
6965.817605019  111.557
6968.427108049  157.4647
6971.036611080  146.4956
6973.646114111  128.6059
6976.255617142  176.3615
6978.865120173  175.8239
6981.474623203  153.8363
6984.084126234  120.0835
6986.693629265  117.9028
6989.303132296  119.2304
6991.912635326  99.14389
6994.522138357  98.23033
6997.131641388  90.33434
6999.741144419  108.1021
7002.350647450  137.6882
7004.960150480  144.3878
7007.569653511  126.5704
7010.179156542  141.2365
7012.788659573  147.1016
7015.398162603  104.9555
7018.007665634  89.72031
7020.617168665  76.27356
7023.226671696  85.9823
7025.836174726  96.66555
7028.445677757  91.60728
7031.055180788  94.72849
7033.664683819  103.7387
7036.274186850  79.24343
7038.883689880  96.03735
7041.493192911  107.1694
7044.102695942  102.9136
7046.712198973  121.9119
7049.321702003  137.3146
7051.931205034  130.1564
7054.540708065  114.0465
7057.150211096  102.41
7059.759714127  120.3709
7062.369217157  115.0787
7064.978720188  113.1828
7067.588223219  150.4047
7070.197726250  158.9928
7072.807229280  148.6697
7075.416732311  125.4396
7078.026235342  105.9254
7080.635738373  98.53534
7083.245241404  113.4305
7085.854744434  121.8511
7088.464247465  110.4141
7091.073750496  118.742
7093.683253527  109.6462
7096.292756557  86.22845
7098.902259588  100.4916
7101.511762619  106.2164
7104.121265650  98.67239
7106.730768681  106.4964
7109.340271711  131.2447
7111.949774742  104.9249
7114.559277773  123.7274
7117.168780804  121.9069
7119.778283834  100.1614
7122.387786865  101.3492
7124.997289896  119.477
7127.606792927  123.4828
7130.216295958  125.5364
7132.825798988  117.042
7135.435302019  127.2168
7138.044805050  236.375
7140.654308081  290.7748
7143.263811111  186.6745
7145.873314142  133.2292
7148.482817173  103.6555
7151.092320204  89.29601
7153.701823235  93.24689
7156.311326265  87.45283
7158.920829296  89.69167
7161.530332327  96.77586
7164.139835358  99.4339
7166.749338388  112.3663
7169.358841419  107.068
7171.968344450  101.5979
7174.577847481  99.14613
7177.187350512  82.28037
7179.796853542  102.2695
7182.406356573  96.19064
7185.015859604  88.25578
7187.625362635  93.54342
7190.234865665  85.34198
7192.844368696  86.79434
7195.453871727  91.41203
7198.063374758  72.79124
7200.672877789  67.95546
7203.282380819  88.09074
7205.891883850  78.73441
7208.501386881  90.25356
7211.110889912  78.57597
7213.720392942  93.51498
7216.329895973  104.3361
7218.939399004  112.8409
7221.548902035  88.28013
7224.158405066  105.1847
7226.767908096  103.8353
7229.377411127  91.44987
7231.986914158  102.743
7234.596417189  117.0141
7237.205920219  261.6017
7239.815423250  439.8186
7242.424926281  517.41
7245.034429312  483.5832
7247.643932343  307.5415
7250.253435373  170.6932
7252.862938404  165.5642
7255.472441435  146.8513
7258.081944466  107.3469
7260.691447496  109.8236
7263.300950527  94.53064
7265.910453558  101.6336
7268.519956589  123.4165
7271.129459620  140.8162
7273.738962650  392.8251
7276.348465681  528.0833
7278.957968712  469.2933
7281.567471743  244.25
7284.176974773  263.1945
7286.786477804  243.4108
7289.395980835  116.3446
7292.005483866  105.6294
7294.614986897  128.5081
7297.224489927  136.2798
7299.833992958  133.4171
7302.443495989  179.5615
7305.052999020  179.3855
7307.662502050  128.4605
7310.272005081  93.24314
7312.881508112  225.2594
7315.491011143  421.5478
7318.100514174  392.4208
7320.710017204  198.9982
7323.319520235  82.88725
7325.929023266  130.8665
7328.538526297  215.4028
7331.148029327  227.6907
7333.757532358  139.2066
7336.367035389  149.1054
7338.976538420  401.5526
7341.586041451  499.1088
7344.195544481  353.95
7346.805047512  107.6837
7349.414550543  112.8374
7352.024053574  86.88303
7354.633556604  118.0225
7357.243059635  217.402
7359.852562666  222.7199
7362.462065697  133.7762
7365.071568728  146.2514
7367.681071758  332.5796
7370.290574789  406.2185
7372.900077820  223.7454
7375.509580851  132.3484
7378.119083881  99.35274
7380.728586912  85.44405
7383.338089943  97.77736
7385.947592974  105.7324
7388.557096004  132.406
7391.166599035  173.3254
7393.776102066  174.1552
7396.385605097  122.5669
7398.995108128  155.1695
7401.604611158  267.0661
7404.214114189  243.9313
7406.823617220  104.7384
7409.433120251  75.16525
7412.042623281  81.70621
7414.652126312  78.92289
7417.261629343  108.8993
7419.871132374  120.9547
7422.480635405  71.86395
7425.090138435  84.11865
7427.699641466  99.20769
7430.309144497  126.8194
7432.918647528  110.2418
7435.528150558  144.4456
7438.137653589  171.572
7440.747156620  169.7814
7443.356659651  120.8733
7445.966162682  88.89816
7448.575665712  93.7804
7451.185168743  84.9521
7453.794671774  97.4719
7456.404174805  80.69073
7459.013677835  86.84652
7461.623180866  107.6631
7464.232683897  117.6609
7466.842186928  136.6115
7469.451689959  137.1376
7472.061192989  165.913
7474.670696020  170.5325
7477.280199051  157.5859
7479.889702082  167.3347
7482.499205112  219.9361
7485.108708143  130.8222
7487.718211174  114.2401
7490.327714205  107.3804
7492.937217236  95.72112
7495.546720266  105.1646
7498.156223297  72.70448
7500.765726328  73.79063
7503.375229359  88.65579
7505.984732389  96.74541
7508.594235420  84.4576
7511.203738451  106.0065
7513.813241482  118.5027
7516.422744513  121.3518
7519.032247543  138.6891
7521.641750574  238.4606
7524.251253605  335.2848
7526.860756636  273.0421
7529.470259666  171.4993
7532.079762697  158.89
7534.689265728  125.6744
7537.298768759  79.59135
7539.908271790  96.93815
7542.517774820  96.47674
7545.127277851  83.44833
7547.736780882  92.76278
7550.346283913  85.16422
7552.955786943  104.1588
7555.565289974  136.623
7558.174793005  156.9344
7560.784296036  116.0507
7563.393799067  89.4809
7566.003302097  94.4707
7568.612805128  170.4682
7571.222308159  236.0705
7573.831811190  252.5536
7576.441314220  113.7745
7579.050817251  79.41268
7581.660320282  83.17205
7584.269823313  114.9796
7586.879326344  147.575
7589.488829374  110.1231
7592.098332405  71.74114
7594.707835436  78.49455
7597.317338467  87.1061
7599.926841497  74.84911
7602.536344528  45.32592
7605.145847559  5.928847
7607.755350590  4.606023
7610.364853621  27.40386
7612.974356651  36.96083
7615.583859682  84.93207
7618.193362713  131.328
7620.802865744  108.5928
7623.412368774  43.10715
7626.021871805  71.34227
7628.631374836  89.96154
7631.240877867  85.13246
7633.850380898  37.83582
7636.459883928  24.38066
7639.069386959  29.31765
7641.678889990  51.39743
7644.288393021  52.41113
7646.897896051  42.85462
7649.507399082  49.80725
7652.116902113  83.23383
7654.726405144  95.45395
7657.335908175  68.83521
7659.945411205  111.3994
7662.554914236  111.818
7665.164417267  95.53329
7667.773920298  73.52097
7670.383423328  75.37977
7672.992926359  86.95353
7675.602429390  59.83989
7678.211932421  63.1664
7680.821435452  87.01742
7683.430938482  104.3984
7686.040441513  96.79822
7688.649944544  91.3534
7691.259447575  113.8249
7693.868950605  105.961
7696.478453636  92.25234
7699.087956667  125.3054
7701.697459698  92.1289
7704.306962729  83.2119
7706.916465759  99.73215
7709.525968790  230.1425
7712.135471821  465.769
7714.744974852  643.7311
7717.354477882  548.359
7719.963980913  333.5444
7722.573483944  207.3988
7725.182986975  194.9818
7727.792490006  201.8382
7730.401993036  145.9379
7733.011496067  105.5819
7735.620999098  109.4897
7738.230502129  116.7958
7740.840005159  102.3924
7743.449508190  72.69994
7746.059011221  178.7856
7748.668514252  464.8732
7751.278017283  627.6243
7753.887520313  431.5179
7756.497023344  226.7558
7759.106526375  299.6884
7761.716029406  240.4574
7764.325532436  141.75
7766.935035467  114.5616
7769.544538498  314.711
7772.154041529  673.0612
7774.763544559  728.3395
7777.373047590  426.8996
7779.982550621  247.0844
7782.592053652  195.053
7785.201556683  101.2934
7787.811059713  104.3941
7790.420562744  245.0342
7793.030065775  412.4726
7795.639568806  433.3081
7798.249071836  214.0381
7800.858574867  92.68914
7803.468077898  118.085
7806.077580929  174.2929
7808.687083960  228.8776
7811.296586990  202.1323
7813.906090021  120.6503
7816.515593052  147.1538
7819.125096083  349.1573
7821.734599113  507.6161
7824.344102144  371.7175
7826.953605175  110.8788
7829.563108206  86.47009
7832.172611237  90.18334
7834.782114267  82.52508
7837.391617298  106.8318
7840.001120329  192.3764
7842.610623360  217.4587
7845.220126390  164.2213
7847.829629421  117.4259
7850.439132452  360.8867
7853.048635483  569.6512
7855.658138514  486.0241
7858.267641544  333.1255
7860.877144575  296.9436
7863.486647606  220.1617
7866.096150637  187.238
7868.705653667  293.4777
7871.315156698  324.119
7873.924659729  220.355
7876.534162760  181.4235
7879.143665791  227.1247
7881.753168821  218.1029
7884.362671852  167.8531
7886.972174883  199.2905
7889.581677914  299.7559
7892.191180944  282.0305
7894.800683975  147.7474
7897.410187006  91.08956
7900.019690037  71.749
7902.629193068  89.48977
7905.238696098  98.57511
7907.848199129  112.7071
7910.457702160  379.6765
7913.067205191  668.1027
7915.676708221  619.4468
7918.286211252  385.2247
7920.895714283  337.7705
7923.505217314  304.3842
7926.114720345  141.4634
7928.724223375  174.9751
7931.333726406  249.2927
7933.943229437  204.8041
7936.552732468  110.3579
7939.162235498  88.42793
7941.771738529  82.82065
7944.381241560  105.0567
7946.990744591  177.8912
7949.600247622  210.8347
7952.209750652  167.675
7954.819253683  97.98668
7957.428756714  66.13744
7960.038259745  146.2449
7962.647762775  391.7327
7965.257265806  501.9117
7967.866768837  376.9859
7970.476271868  129.389
7973.085774899  105.2577
7975.695277929  149.4478
7978.304780960  259.5179
7980.914283991  228.6594
7983.523787022  132.7982
7986.133290052  102.8328
7988.742793083  135.8806
7991.352296114  412.0148
7993.961799145  564.7081
7996.571302176  353.1469
7999.180805206  146.3016
8001.790308237  110.3934
8004.399811268  87.56611
8007.009314299  66.70831
8009.618817329  95.51362
8012.228320360  172.4792
8014.837823391  212.9952
8017.447326422  170.317
8020.056829453  126.2664
8022.666332483  214.6123
8025.275835514  382.3901
8027.885338545  347.9121
8030.494841576  184.1775
8033.104344606  95.28291
8035.713847637  91.73158
8038.323350668  64.42074
8040.932853699  60.76155
8043.542356730  88.68871
8046.151859760  87.78148
8048.761362791  111.4369
8051.370865822  122.43
8053.980368853  116.8412
8056.589871883  98.90657
8059.199374914  135.3458
8061.808877945  213.9729
8064.418380976  187.2345
8067.027884007  79.21677
8069.637387037  62.42232
8072.246890068  63.36036
8074.856393099  60.47418
8077.465896130  72.04301
8080.075399160  72.08459
8082.684902191  57.48429
8085.294405222  58.96465
8087.903908253  88.5117
8090.513411284  96.77147
8093.122914314  93.49953
8095.732417345  80.10427
8098.341920376  83.67955
8100.951423407  120.8711
8103.560926437  125.1437
8106.170429468  107.7666
8108.779932499  64.20692
8111.389435530  73.83366
8113.998938561  66.1279
8116.608441591  57.66956
8119.217944622  54.02674
8121.827447653  77.08616
8124.436950684  79.20232
8127.046453714  89.02364
8129.655956745  68.9667
8132.265459776  73.49205
8134.874962807  65.19671
8137.484465837  85.16304
8140.093968868  83.79843
8142.703471899  74.49974
8145.312974930  79.6572
8147.922477961  80.54096
8150.531980991  85.96041
8153.141484022  62.81474
8155.750987053  43.25142
8158.360490084  50.94198
8160.969993114  46.63947
8163.579496145  41.03305
8166.188999176  37.4388
8168.798502207  63.77006
8171.408005238  56.19266
8174.017508268  54.6739
8176.627011299  37.87013
8179.236514330  33.3828
8181.846017361  31.83007
8184.455520391  53.9883
8187.065023422  47.86874
8189.674526453  48.02467
8192.284029484  33.67692
8194.893532515  46.70533
8197.503035545  81.11736
8200.112538576  58.09572
8202.722041607  61.75587
8205.331544638  57.71436
8207.941047668  71.37296
8210.550550699  76.5574
8213.160053730  51.17158
8215.769556761  53.27858
8218.379059792  56.30764
8220.988562822  56.56741
8223.598065853  59.88881
8226.207568884  45.28826
8228.817071915  40.25418
8231.426574945  43.00527
8234.036077976  46.23762
8236.645581007  52.27467
8239.255084038  54.19622
8241.864587069  76.12698
8244.474090099  74.6542
8247.083593130  117.1423
8249.693096161  60.94226
8252.302599192  44.58908
8254.912102222  70.4679
8257.521605253  58.85264
8260.131108284  57.71009
8262.740611315  51.45134
8265.350114346  49.72985
8267.959617376  79.33097
8270.569120407  40.10228
8273.178623438  50.07685
8275.788126469  122.8798
8278.397629499  241.9252
8281.007132530  327.5946
8283.616635561  324.1571
8286.226138592  367.7741
8288.835641623  405.8413
8291.445144653  288.6906
8294.054647684  230.0856
8296.664150715  401.5293
8299.273653746  454.583
8301.883156776  316.4368
8304.492659807  139.7636
8307.102162838  101.9245
8309.711665869  163.9075
8312.321168900  143.6084
8314.930671930  136.6864
8317.540174961  58.25468
8320.149677992  67.37133
8322.759181023  37.24117
8325.368684053  61.46739
8327.978187084  48.65004
8330.587690115  63.42918
8333.197193146  54.96957
8335.806696177  68.21886
8338.416199207  89.25433
8341.025702238  420.2696
8343.635205269  844.7467
8346.244708300  857.9288
8348.854211330  544.7834
8351.463714361  361.7941
8354.073217392  338.125
8356.682720423  197.8545
8359.292223454  103.4368
8361.901726484  130.7484
8364.511229515  157.7532
8367.120732546  163.3206
8369.730235577  81.9612
8372.339738607  72.45544
8374.949241638  62.34254
8377.558744669  95.28073
8380.168247700  208.4234
8382.777750731  265.2961
8385.387253761  212.9737
8387.996756792  93.30289
8390.606259823  68.18477
8393.215762854  110.0597
8395.825265884  339.7098
8398.434768915  630.683
8401.044271946  620.9973
8403.653774977  298.7056
8406.263278008  81.94896
8408.872781038  72.9026
8411.482284069  140.5709
8414.091787100  229.7076
8416.701290131  266.7292
8419.310793161  180.1532
8421.920296192  84.76771
8424.529799223  152.2724
8427.139302254  457.0696
8429.748805285  752.5779
8432.358308315  601.4879
8434.967811346  306.5789
8437.577314377  82.05638
8440.186817408  90.25917
8442.796320438  154.8401
8445.405823469  229.0593
8448.015326500  283.6955
8450.624829531  309.9989
8453.234332562  228.2164
8455.843835592  174.532
8458.453338623  75.14437
8461.062841654  189.2991
8463.672344685  441.1788
8466.281847715  505.6033
8468.891350746  333.2504
8471.500853777  133.3782
8474.110356808  74.62226
8476.719859838  57.03837
8479.329362869  50.15781
8481.938865900  53.83105
8484.548368931  62.78248
8487.157871962  65.76759
8489.767374992  93.04707
8492.376878023  181.0289
8494.986381054  198.5511
8497.595884085  138.1996
8500.205387115  105.916
8502.814890146  239.1079
8505.424393177  294.8806
8508.033896208  205.0691
8510.643399239  83.83786
8513.252902269  45.7405
8515.862405300  34.28481
8518.471908331  61.54626
8521.081411362  63.8261
8523.690914392  61.90874
8526.300417423  56.99336
8528.909920454  63.46986
8531.519423485  39.09531
8534.128926516  60.89496
8536.738429546  93.48914
8539.347932577  67.12418
8541.957435608  62.26834
8544.566938639  88.87454
8547.176441669  137.1772
8549.785944700  181.668
8552.395447731  115.6198
8555.004950762  40.11565
8557.614453793  34.91234
8560.223956823  34.19865
8562.833459854  44.02221
8565.442962885  30.68123
8568.052465916  60.63783
8570.661968946  35.02491
8573.271471977  48.24681
8575.880975008  49.57375
8578.490478039  56.90062
8581.099981070  48.90821
8583.709484100  37.65638
8586.318987131  71.81422
8588.928490162  52.50206
8591.537993193  78.22439
8594.147496223  80.55672
8596.756999254  113.9652
8599.366502285  77.85767
8601.976005316  90.93887
8604.585508347  65.45798
8607.195011377  48.94669
8609.804514408  33.77785
8612.414017439  63.30042
8615.023520470  88.45547
8617.633023500  125.4816
8620.242526531  186.0704
8622.852029562  221.4799
8625.461532593  246.9455
8628.071035624  242.2057
8630.680538654  253.3481
8633.290041685  247.7038
8635.899544716  229.0161
8638.509047747  172.9603
8641.118550777  139.7613
8643.728053808  94.41293
8646.337556839  134.3713
8648.947059870  213.9016
8651.556562901  203.4864
8654.166065931  248.4288
8656.775568962  254.2888
8659.385071993  231.3586
8661.994575024  249.9429
8664.604078054  225.2192
8667.213581085  219.7197
8669.823084116  215.4928
8672.432587147  195.9963
8675.042090178  173.4377
8677.651593208  125.254
8680.261096239  110.8998
8682.870599270  97.54449
8685.480102301  57.136
8688.089605331  74.35787
8690.699108362  74.52497
8693.308611393  47.21271
8695.918114424  78.96497
8698.527617455  67.07781
8701.137120485  45.84146
8703.746623516  62.794
8706.356126547  41.93957
8708.965629578  66.3036
8711.575132608  60.59773
8714.184635639  60.20795
8716.794138670  44.38145
8719.403641701  59.91217
8722.013144732  43.05994
8724.622647762  66.07903
8727.232150793  38.67207
8729.841653824  45.06761
8732.451156855  37.35373
8735.060659885  59.68688
8737.670162916  55.1444
8740.279665947  43.86023
8742.889168978  25.25385
8745.498672009  64.72626
8748.108175039  89.32005
8750.717678070  52.72091
8753.327181101  63.72831
8755.936684132  157.8103
8758.546187162  345.1879
8761.155690193  515.13
8763.765193224  582.5158
8766.374696255  610.3595
8768.984199286  545.8558
8771.593702316  414.0856
8774.203205347  394.0316
8776.812708378  597.4883
8779.422211409  566.017
8782.031714439  340.148
8784.641217470  164.6145
8787.250720501  178.3347
8789.860223532  190.7809
