3561.035 1501.433
3562.213 1680.894
3563.392 1229.183
3564.571 1895.677
3565.750 1596.759
3566.929 1410.871
3568.108 1371.823
3569.286 1758.403
3570.465 1178.199
3571.644 1731.617
3572.823 1493.787
3574.002 1361.441
3575.180 1530.218
3576.359 1684.187
3577.538 1546.894
3578.717 1467.053
3579.896 1628.458
3581.075 1658.385
3582.253 1419.642
3583.432 1602.669
3584.611 1419.917
3585.790 1656.138
3586.969 1249.303
3588.147 1288.100
3589.326 1514.046
3590.505 1198.594
3591.684 1660.705
3592.863 1310.532
3594.042 1511.000
3595.220 1540.756
3596.399 1313.630
3597.578 1813.205
3598.757 1390.674
3599.936 1313.250
3601.114 1457.990
3602.293 1792.051
3603.472 1354.313
3604.651 1452.530
3605.830 1346.807
3607.009 1042.561
3608.187 1325.164
3609.366 1658.467
3610.545 1159.889
3611.724 1809.934
3612.903 1623.920
3614.081 1023.139
3615.260 1475.885
3616.439 1802.412
3617.618 1471.939
3618.797 1361.657
3619.976 1494.152
3621.154 1390.845
3622.333 1756.725
3623.512 1721.653
3624.691 1626.605
3625.870 1356.003
3627.048 1369.335
3628.227 1629.445
3629.406 1856.625
3630.585 1847.496
3631.764 1866.061
3632.943 1776.745
3634.121 1637.243
3635.300 2265.364
3636.479 2014.051
3637.658 2254.495
3638.837 1589.543
3640.015 1766.318
3641.194 1895.322
3642.373 2164.340
3643.552 2014.303
3644.731 1532.884
3645.910 1687.923
3647.088 2006.908
3648.267 1494.069
3649.446 1525.693
3650.625 1535.790
3651.804 1319.399
3652.982 1620.131
3654.161 1832.073
3655.340 1289.452
3656.519 1078.261
3657.698 1170.174
3658.877 1654.045
3660.055 1798.839
3661.234 1510.114
3662.413 1427.344
3663.592 1464.802
3664.771 1574.413
3665.949 1417.668
3667.128 1647.967
3668.307 1253.684
3669.486 1463.777
3670.665 985.777
3671.844 1221.480
3673.022 1422.954
3674.201 1344.205
3675.380 1525.772
3676.559 1378.759
3677.738 1517.654
3678.916 1548.161
3680.095 1343.393
3681.274 1496.016
3682.453 1232.776
3683.632 1327.929
3684.811 1273.958
3685.989 1531.275
3687.168 1330.360
3688.347 1661.171
3689.526 1467.913
3690.705 1323.464
3691.883 883.200
3693.062 1394.740
3694.241 1916.771
3695.420 1169.810
3696.599 866.203
3697.777 1161.465
3698.956 2013.310
3700.135 2312.644
3701.314 1239.703
3702.493 1160.402
3703.672 1179.627
3704.850 1658.451
3706.029 2190.616
3707.208 2464.078
3708.387 1743.225
3709.566 1070.634
3710.744 944.007
3711.923 1028.649
3713.102 1899.622
3714.281 2267.646
3715.460 1960.286
3716.639 934.247
3717.817 954.145
3718.996 996.611
3720.175 909.853
3721.354 1070.222
3722.533 1535.604
3723.711 2637.280
3724.890 2786.294
3726.069 3827.335
3727.248 13568.166
3728.427 22291.764
3729.606 25825.057
3730.784 29954.339
3731.963 25247.059
3733.142 10140.188
3734.321 1524.189
3735.500 2371.345
3736.678 2712.572
3737.857 2334.293
3739.036 1601.218
3740.215 1270.982
3741.394 1350.866
3742.573 1353.662
3743.751 1415.732
3744.930 1242.381
3746.109 1230.275
3747.288 1224.970
3748.467 1014.091
3749.645 1054.539
3750.824 1666.411
3752.003 2670.376
3753.182 3064.294
3754.361 1643.788
3755.540 1125.899
3756.718 1228.380
3757.897 1087.451
3759.076 1049.703
3760.255 769.557
3761.434 1168.424
3762.612 829.773
3763.791 1068.571
3764.970 993.557
3766.149 893.211
3767.328 1097.577
3768.507 1031.491
3769.685 1027.151
3770.864 1275.179
3772.043 2795.065
3773.222 3510.685
3774.401 2675.096
3775.579 1083.571
3776.758 1058.607
3777.937 1008.268
3779.116 1034.597
3780.295 1040.726
3781.474 1013.946
3782.652 967.749
3783.831 794.755
3785.010 1041.386
3786.189 725.139
3787.368 1163.443
3788.546 869.473
3789.725 1265.825
3790.904 949.737
3792.083 1120.632
3793.262 968.716
3794.441 1009.479
3795.619 1160.626
3796.798 1001.541
3797.977 1259.901
3799.156 2984.361
3800.335 4328.360
3801.513 3577.429
3802.692 1135.659
3803.871 1040.696
3805.050 924.937
3806.229 855.582
3807.408 988.046
3808.586 1059.961
3809.765 912.721
3810.944 1135.493
3812.123 1149.381
3813.302 1135.507
3814.480 1207.902
3815.659 1150.187
3816.838 870.317
3818.017 1179.541
3819.196 884.505
3820.375 1128.225
3821.553 1575.822
3822.732 1559.216
3823.911 1170.147
3825.090 877.515
3826.269 911.702
3827.447 960.110
3828.626 913.298
3829.805 1038.373
3830.984 1136.859
3832.163 1122.531
3833.342 1117.212
3834.520 1180.310
3835.699 1574.124
3836.878 4289.396
3838.057 5958.414
3839.236 3757.720
3840.414 1195.136
3841.593 912.698
3842.772 974.599
3843.951 946.101
3845.130 1050.789
3846.309 1051.354
3847.487 1062.926
3848.666 849.495
3849.845 947.831
3851.024 952.428
3852.203 934.423
3853.381 805.652
3854.560 1077.008
3855.739 958.030
3856.918 848.154
3858.097 759.302
3859.275 900.694
3860.454 903.245
3861.633 913.189
3862.812 789.516
3863.991 801.360
3865.170 894.434
3866.348 947.176
3867.527 1056.736
3868.706 2795.416
3869.885 14577.251
3871.064 31473.409
3872.242 24390.936
3873.421 5995.306
3874.600 991.570
3875.779 960.577
3876.958 1005.702
3878.137 858.222
3879.315 803.933
3880.494 821.833
3881.673 548.504
3882.852 805.944
3884.031 981.301
3885.209 804.076
3886.388 765.577
3887.567 837.165
3888.746 1503.543
3889.925 5982.322
3891.104 12588.666
3892.282 10178.628
3893.461 3569.097
3894.640 706.012
3895.819 747.508
3896.998 755.359
3898.176 907.971
3899.355 875.794
3900.534 886.473
3901.713 931.723
3902.892 780.476
3904.071 930.906
3905.249 812.204
3906.428 977.207
3907.607 1031.528
3908.786 1022.163
3909.965 1010.425
3911.143 964.625
3912.322 878.017
3913.501 954.846
3914.680 924.395
3915.859 970.108
3917.038 764.333
3918.216 862.955
3919.395 875.868
3920.574 732.022
3921.753 821.140
3922.932 864.714
3924.110 790.862
3925.289 805.160
3926.468 768.165
3927.647 772.266
3928.826 780.958
3930.005 809.617
3931.183 679.149
3932.362 712.107
3933.541 633.115
3934.720 651.252
3935.899 729.202
3937.077 674.920
3938.256 797.100
3939.435 800.446
3940.614 866.814
3941.793 926.384
3942.972 801.794
3944.150 885.393
3945.329 832.019
3946.508 1017.092
3947.687 1084.989
3948.866 888.595
3950.044 777.651
3951.223 851.122
3952.402 869.965
3953.581 794.920
3954.760 692.599
3955.939 811.447
3957.117 744.210
3958.296 704.977
3959.475 779.394
3960.654 805.877
3961.833 797.336
3963.011 750.901
3964.190 788.820
3965.369 881.321
3966.548 1130.646
3967.727 1800.015
3968.906 5444.012
3970.084 8428.216
3971.263 9662.137
3972.442 9559.711
3973.621 7270.592
3974.800 2229.413
3975.978 685.969
3977.157 710.626
3978.336 757.606
3979.515 685.461
3980.694 810.946
3981.873 688.580
3983.051 656.510
3984.230 769.716
3985.409 704.474
3986.588 649.402
3987.767 779.886
3988.945 733.507
3990.124 683.734
3991.303 693.696
3992.482 713.296
3993.661 764.762
3994.840 834.906
3996.018 627.690
3997.197 720.003
3998.376 712.377
3999.555 833.985
4000.734 697.979
4001.912 648.585
4003.091 763.905
4004.270 752.408
4005.449 805.352
4006.628 816.568
4007.807 790.260
4008.985 807.212
4010.164 820.273
4011.343 826.193
4012.522 862.623
4013.701 718.878
4014.879 807.634
4016.058 772.800
4017.237 720.861
4018.416 690.798
4019.595 656.747
4020.773 774.826
4021.952 792.708
4023.131 693.641
4024.310 739.866
4025.489 681.512
4026.668 796.129
4027.846 1427.636
4029.025 1683.117
4030.204 1164.396
4031.383 705.772
4032.562 668.749
4033.740 712.374
4034.919 664.669
4036.098 665.092
4037.277 673.263
4038.456 771.589
4039.635 695.757
4040.813 680.114
4041.992 844.350
4043.171 750.112
4044.350 690.754
4045.529 704.203
4046.707 720.664
4047.886 747.918
4049.065 735.372
4050.244 804.424
4051.423 662.545
4052.602 657.705
4053.780 676.543
4054.959 757.198
4056.138 658.191
4057.317 603.487
4058.496 702.521
4059.674 715.597
4060.853 794.632
4062.032 746.274
4063.211 687.283
4064.390 752.074
4065.569 846.868
4066.747 772.100
4067.926 693.367
4069.105 749.789
4070.284 873.407
4071.463 1062.344
4072.641 867.331
4073.820 649.612
4074.999 626.325
4076.178 752.056
4077.357 828.019
4078.536 838.444
4079.714 805.053
4080.893 798.079
4082.072 753.741
4083.251 677.073
4084.430 662.793
4085.608 646.179
4086.787 712.505
4087.966 624.291
4089.145 674.537
4090.324 635.992
4091.503 602.276
4092.681 655.096
4093.860 609.269
4095.039 589.279
4096.218 635.464
4097.397 639.679
4098.575 595.207
4099.754 655.319
4100.933 779.016
4102.112 1690.235
4103.291 8144.758
4104.470 11635.945
4105.648 8104.881
4106.827 1579.080
4108.006 654.266
4109.185 597.800
4110.364 585.349
4111.542 578.585
4112.721 616.511
4113.900 597.019
4115.079 572.147
4116.258 624.686
4117.437 606.304
4118.615 577.871
4119.794 612.250
4120.973 585.269
4122.152 607.023
4123.331 673.939
4124.509 669.475
4125.688 595.674
4126.867 650.500
4128.046 646.521
4129.225 586.009
4130.404 647.152
4131.582 578.571
4132.761 557.886
4133.940 596.048
4135.119 612.125
4136.298 663.399
4137.476 613.615
4138.655 625.169
4139.834 627.619
4141.013 640.427
4142.192 630.687
4143.371 524.449
4144.549 525.935
4145.728 710.796
4146.907 679.814
4148.086 621.297
4149.265 549.686
4150.443 576.863
4151.622 526.699
4152.801 595.742
4153.980 578.596
4155.159 623.919
4156.338 628.610
4157.516 641.505
4158.695 619.622
4159.874 622.481
4161.053 674.134
4162.232 661.027
4163.410 647.900
4164.589 630.338
4165.768 657.468
4166.947 676.444
4168.126 672.421
4169.305 595.448
4170.483 539.199
4171.662 637.259
4172.841 638.168
4174.020 567.127
4175.199 573.621
4176.377 594.970
4177.556 621.196
4178.735 590.147
4179.914 596.763
4181.093 538.227
4182.271 614.583
4183.450 568.788
4184.629 515.133
4185.808 596.612
4186.987 532.169
4188.166 453.273
4189.344 565.951
4190.523 531.583
4191.702 545.100
4192.881 528.946
4194.060 616.487
4195.238 508.922
4196.417 482.920
4197.596 528.410
4198.775 565.289
4199.954 501.538
4201.133 464.331
4202.311 515.540
4203.490 485.472
4204.669 478.022
4205.848 509.032
4207.027 528.618
4208.205 555.008
4209.384 479.924
4210.563 458.042
4211.742 520.021
4212.921 518.604
4214.100 473.927
4215.278 464.786
4216.457 529.539
4217.636 555.110
4218.815 482.638
4219.994 522.256
4221.172 466.173
4222.351 463.254
4223.530 537.548
4224.709 537.443
4225.888 541.866
4227.067 464.618
4228.245 485.613
4229.424 519.870
4230.603 488.256
4231.782 472.680
4232.961 472.766
4234.139 481.398
4235.318 490.318
4236.497 505.337
4237.676 582.805
4238.855 560.621
4240.034 534.088
4241.212 520.128
4242.391 504.054
4243.570 482.504
4244.749 510.078
4245.928 507.929
4247.106 532.192
4248.285 524.825
4249.464 445.445
4250.643 439.997
4251.822 490.194
4253.001 490.073
4254.179 489.049
4255.358 465.213
4256.537 495.069
4257.716 437.692
4258.895 478.136
4260.073 452.904
4261.252 486.126
4262.431 495.860
4263.610 489.939
4264.789 497.256
4265.968 529.956
4267.146 512.572
4268.325 459.250
4269.504 499.835
4270.683 475.505
4271.862 434.540
4273.040 513.616
4274.219 462.470
4275.398 507.819
4276.577 454.254
4277.756 502.507
4278.935 553.624
4280.113 482.211
4281.292 423.491
4282.471 461.936
4283.650 459.686
4284.829 456.587
4286.007 501.838
4287.186 486.045
4288.365 432.069
4289.544 479.443
4290.723 487.525
4291.902 451.440
4293.080 488.837
4294.259 479.168
4295.438 411.771
4296.617 473.688
4297.796 444.756
4298.974 451.338
4300.153 434.394
4301.332 398.330
4302.511 439.966
4303.690 417.337
4304.869 459.718
4306.047 433.049
4307.226 473.642
4308.405 449.598
4309.584 466.810
4310.763 438.955
4311.941 415.037
4313.120 439.376
4314.299 434.706
4315.478 483.426
4316.657 487.279
4317.836 541.351
4319.014 503.711
4320.193 472.758
4321.372 464.524
4322.551 451.378
4323.730 398.881
4324.908 419.134
4326.087 418.774
4327.266 437.071
4328.445 462.095
4329.624 461.178
4330.803 474.185
4331.981 446.817
4333.160 491.158
4334.339 465.829
4335.518 426.302
4336.697 447.339
4337.875 393.093
4339.054 489.842
4340.233 726.478
4341.412 4599.658
4342.591 12801.474
4343.769 14837.941
4344.948 7292.710
4346.127 622.698
4347.306 501.143
4348.485 436.690
4349.664 423.232
4350.842 432.133
4352.021 397.337
4353.200 428.612
4354.379 420.409
4355.558 375.883
4356.736 395.812
4357.915 443.116
4359.094 436.879
4360.273 464.136
4361.452 483.594
4362.631 497.701
4363.809 842.996
4364.988 2432.143
4366.167 3456.673
4367.346 2334.586
4368.525 917.267
4369.703 463.829
4370.882 427.640
4372.061 417.460
4373.240 424.232
4374.419 404.571
4375.598 399.603
4376.776 398.197
4377.955 418.044
4379.134 420.015
4380.313 422.406
4381.492 417.063
4382.670 380.816
4383.849 368.159
4385.028 363.748
4386.207 420.023
4387.386 420.972
4388.565 390.564
4389.743 515.651
4390.922 545.358
4392.101 534.483
4393.280 439.808
4394.459 422.260
4395.637 451.137
4396.816 387.146
4397.995 385.873
4399.174 431.150
4400.353 420.728
4401.532 387.511
4402.710 418.204
4403.889 404.401
4405.068 414.710
4406.247 468.435
4407.426 411.355
4408.604 429.161
4409.783 407.793
4410.962 368.381
4412.141 429.373
4413.320 419.801
4414.499 436.716
4415.677 444.045
4416.856 454.077
4418.035 469.336
4419.214 458.881
4420.393 457.776
4421.571 443.045
4422.750 410.739
4423.929 422.137
4425.108 444.625
4426.287 436.717
4427.466 433.376
4428.644 412.757
4429.823 362.512
4431.002 453.626
4432.181 421.702
4433.360 408.651
4434.538 367.800
4435.717 376.528
4436.896 377.147
4438.075 427.780
4439.254 437.795
4440.433 431.381
4441.611 374.394
4442.790 389.096
4443.969 391.032
4445.148 375.771
4446.327 429.431
4447.505 366.653
4448.684 370.819
4449.863 394.800
4451.042 388.483
4452.221 366.751
4453.400 391.584
4454.578 405.062
4455.757 361.023
4456.936 373.135
4458.115 370.419
4459.294 424.369
4460.472 390.166
4461.651 380.340
4462.830 312.813
4464.009 344.578
4465.188 365.476
4466.367 329.440
4467.545 370.082
4468.724 353.600
4469.903 383.350
4471.082 379.969
4472.261 555.525
4473.439 1228.606
4474.618 1461.814
4475.797 1060.568
4476.976 473.584
4478.155 374.157
4479.334 394.159
4480.512 369.265
4481.691 352.881
4482.870 426.288
4484.049 374.799
4485.228 413.532
4486.406 353.975
4487.585 377.352
4488.764 356.438
4489.943 377.532
4491.122 377.919
4492.301 346.399
4493.479 386.387
4494.658 399.215
4495.837 386.492
4497.016 406.714
4498.195 383.738
4499.373 367.812
4500.552 393.226
4501.731 351.758
4502.910 349.196
4504.089 419.471
4505.267 383.762
4506.446 361.782
4507.625 328.079
4508.804 364.401
4509.983 366.932
4511.162 370.795
4512.340 394.535
4513.519 361.944
4514.698 347.876
4515.877 409.346
4517.056 385.711
4518.234 374.083
4519.413 369.197
4520.592 396.726
4521.771 416.399
4522.950 405.345
4524.129 414.498
4525.307 380.699
4526.486 405.346
4527.665 379.561
4528.844 354.199
4530.023 419.147
4531.201 403.914
4532.380 366.287
4533.559 412.121
4534.738 396.124
4535.917 386.880
4537.096 374.018
4538.274 396.407
4539.453 376.668
4540.632 386.630
4541.811 425.207
4542.990 414.148
4544.168 394.533
4545.347 400.313
4546.526 413.358
4547.705 397.557
4548.884 371.343
4550.063 366.892
4551.241 353.123
4552.420 349.520
4553.599 377.214
4554.778 360.680
4555.957 338.452
4557.135 360.996
4558.314 380.975
4559.493 367.566
4560.672 334.567
4561.851 357.901
4563.030 393.152
4564.208 410.004
4565.387 421.471
4566.566 425.671
4567.745 361.367
4568.924 362.610
4570.102 361.065
4571.281 358.086
4572.460 403.830
4573.639 404.740
4574.818 386.497
4575.997 370.218
4577.175 397.349
4578.354 390.861
4579.533 386.471
4580.712 394.912
4581.891 354.324
4583.069 343.876
4584.248 397.602
4585.427 418.465
4586.606 384.982
4587.785 375.287
4588.964 348.521
4590.142 381.221
4591.321 376.771
4592.500 368.952
4593.679 358.541
4594.858 318.446
4596.036 366.608
4597.215 348.577
4598.394 364.279
4599.573 349.262
4600.752 345.332
4601.931 343.969
4603.109 339.521
4604.288 317.314
4605.467 356.686
4606.646 338.791
4607.825 335.761
4609.003 385.184
4610.182 359.239
4611.361 395.327
4612.540 346.970
4613.719 365.428
4614.898 367.160
4616.076 344.658
4617.255 335.817
4618.434 376.296
4619.613 363.006
4620.792 344.864
4621.970 362.800
4623.149 366.546
4624.328 356.708
4625.507 365.265
4626.686 375.146
4627.865 350.881
4629.043 353.794
4630.222 359.571
4631.401 393.869
4632.580 335.394
4633.759 331.102
4634.937 338.834
4636.116 362.312
4637.295 347.263
4638.474 358.640
4639.653 340.417
4640.832 365.915
4642.010 362.373
4643.189 386.828
4644.368 342.265
4645.547 346.189
4646.726 349.767
4647.904 360.205
4649.083 357.513
4650.262 344.636
4651.441 341.890
4652.620 366.700
4653.799 359.505
4654.977 386.911
4656.156 394.467
4657.335 359.727
4658.514 436.276
4659.693 448.375
4660.871 476.065
4662.050 462.812
4663.229 397.188
4664.408 386.203
4665.587 393.193
4666.765 362.698
4667.944 369.521
4669.123 346.137
4670.302 340.528
4671.481 353.706
4672.660 374.044
4673.838 406.441
4675.017 426.721
4676.196 424.139
4677.375 419.666
4678.554 403.350
4679.732 344.372
4680.911 370.022
4682.090 413.687
4683.269 403.873
4684.448 406.327
4685.627 415.262
4686.805 463.390
4687.984 524.706
4689.163 518.775
4690.342 461.054
4691.521 388.777
4692.699 372.049
4693.878 415.923
4695.057 380.602
4696.236 384.004
4697.415 412.736
4698.594 344.056
4699.772 365.007
4700.951 378.957
4702.130 388.378
4703.309 365.035
4704.488 416.267
4705.666 389.046
4706.845 378.575
4708.024 412.009
4709.203 346.511
4710.382 361.618
4711.561 402.294
4712.739 559.436
4713.918 870.817
4715.097 958.772
4716.276 671.330
4717.455 465.716
4718.633 342.542
4719.812 378.238
4720.991 353.900
4722.170 360.052
4723.349 343.324
4724.528 344.675
4725.706 369.792
4726.885 335.751
4728.064 348.125
4729.243 376.515
4730.422 352.478
4731.600 330.270
4732.779 373.737
4733.958 392.702
4735.137 370.372
4736.316 381.438
4737.495 345.895
4738.673 334.796
4739.852 366.481
4741.031 389.353
4742.210 600.470
4743.389 781.248
4744.567 603.474
4745.746 390.727
4746.925 358.513
4748.104 350.170
4749.283 344.118
4750.462 358.783
4751.640 351.739
4752.819 346.783
4753.998 368.189
4755.177 357.081
4756.356 348.370
4757.534 406.232
4758.713 384.420
4759.892 325.942
4761.071 354.871
4762.250 370.023
4763.429 319.719
4764.607 335.191
4765.786 351.077
4766.965 338.141
4768.144 339.576
4769.323 358.455
4770.501 357.719
4771.680 346.861
4772.859 393.471
4774.038 399.306
4775.217 390.461
4776.396 374.269
4777.574 362.373
4778.753 377.458
4779.932 372.644
4781.111 346.722
4782.290 360.781
4783.468 325.730
4784.647 337.243
4785.826 361.805
4787.005 357.930
4788.184 330.767
4789.363 338.208
4790.541 377.485
4791.720 378.039
4792.899 361.413
4794.078 354.181
4795.257 370.110
4796.435 342.320
4797.614 335.616
4798.793 350.258
4799.972 316.489
4801.151 351.467
4802.330 347.118
4803.508 340.050
4804.687 378.293
4805.866 340.222
4807.045 363.847
4808.224 351.258
4809.402 354.216
4810.581 372.509
4811.760 352.901
4812.939 370.858
4814.118 329.351
4815.296 380.942
4816.475 345.159
4817.654 362.997
4818.833 371.322
4820.012 349.758
4821.191 385.910
4822.369 375.446
4823.548 381.426
4824.727 373.934
4825.906 356.930
4827.085 395.153
4828.263 361.948
4829.442 347.164
4830.621 358.424
4831.800 396.111
4832.979 370.145
4834.158 402.172
4835.336 418.025
4836.515 363.215
4837.694 379.243
4838.873 390.063
4840.052 384.766
4841.230 372.211
4842.409 360.793
4843.588 377.178
4844.767 345.429
4845.946 311.404
4847.125 340.904
4848.303 355.581
4849.482 343.989
4850.661 343.322
4851.840 354.637
4853.019 391.006
4854.197 394.357
4855.376 361.861
4856.555 348.783
4857.734 390.021
4858.913 325.894
4860.092 370.911
4861.270 771.105
4862.449 6864.057
4863.628 24925.732
4864.807 27622.867
4865.986 13082.671
4867.164 1241.593
4868.343 356.649
4869.522 399.938
4870.701 349.419
4871.880 387.125
4873.059 343.101
4874.237 348.736
4875.416 345.544
4876.595 390.988
4877.774 358.875
4878.953 362.274
4880.131 362.404
4881.310 331.094
4882.489 359.912
4883.668 402.192
4884.847 399.217
4886.026 376.697
4887.204 347.172
4888.383 338.687
4889.562 342.495
4890.741 345.085
4891.920 358.074
4893.098 358.470
4894.277 358.592
4895.456 366.455
4896.635 399.505
4897.814 362.485
4898.993 362.263
4900.171 358.583
4901.350 381.516
4902.529 360.743
4903.708 382.042
4904.887 373.348
4906.065 349.699
4907.244 348.080
4908.423 387.155
4909.602 364.819
4910.781 317.617
4911.960 336.866
4913.138 336.415
4914.317 331.901
4915.496 350.552
4916.675 361.352
4917.854 349.172
4919.032 360.428
4920.211 335.195
4921.390 330.365
4922.569 372.243
4923.748 545.086
4924.927 682.007
4926.105 541.026
4927.284 397.609
4928.463 359.967
4929.642 329.679
4930.821 362.098
4931.999 380.465
4933.178 360.616
4934.357 351.283
4935.536 395.413
4936.715 362.448
4937.894 364.693
4939.072 374.764
4940.251 352.977
4941.430 362.639
4942.609 356.966
4943.788 382.160
4944.966 389.191
4946.145 371.788
4947.324 367.384
4948.503 370.437
4949.682 428.651
4950.861 358.583
4952.039 390.993
4953.218 401.351
4954.397 392.763
4955.576 422.386
4956.755 302.881
4957.933 906.874
4959.112 -582.774
4960.291 20109.508
4961.470 52447.822
4962.649 55087.890
4963.828 22239.413
4965.006 -300.908
4966.185 1061.656
4967.364 350.097
4968.543 515.410
4969.722 466.353
4970.900 451.998
4972.079 432.780
4973.258 437.058
4974.437 410.551
4975.616 437.470
4976.794 448.782
4977.973 432.844
4979.152 425.952
4980.331 378.456
4981.510 435.308
4982.689 407.912
4983.867 353.537
4985.046 377.507
4986.225 402.737
4987.404 522.431
4988.583 568.180
4989.761 547.794
4990.940 495.780
4992.119 436.248
4993.298 396.543
4994.477 415.099
4995.656 421.624
4996.834 406.731
4998.013 411.520
4999.192 421.596
5000.371 438.024
5001.550 446.357
5002.728 509.731
5003.907 346.671
5005.086 940.088
5006.265 -662.198
5007.444 9770.869
5008.623 84110.044
5009.801 177098.469
5010.980 141064.017
5012.159 27012.778
5013.338 1510.169
5014.517 687.865
5015.695 459.366
5016.874 565.929
5018.053 899.204
5019.232 966.890
5020.411 649.992
5021.590 444.097
5022.768 408.218
5023.947 390.044
5025.126 377.840
5026.305 380.603
5027.484 399.779
5028.662 378.765
5029.841 368.629
5031.020 402.078
5032.199 377.568
5033.378 359.797
5034.557 380.124
5035.735 361.534
5036.914 357.799
5038.093 376.483
5039.272 384.390
5040.451 349.332
5041.629 334.643
5042.808 333.406
5043.987 388.849
5045.166 364.989
5046.345 366.093
5047.524 372.711
5048.702 343.538
5049.881 381.186
5051.060 366.276
5052.239 349.777
5053.418 332.268
5054.596 343.587
5055.775 342.460
5056.954 330.603
5058.133 353.155
5059.312 354.998
5060.491 348.549
5061.669 322.347
5062.848 312.236
5064.027 329.206
5065.206 331.130
5066.385 310.426
5067.563 309.808
5068.742 345.513
5069.921 332.212
5071.100 320.455
5072.279 322.131
5073.458 333.097
5074.636 355.580
5075.815 336.544
5076.994 311.197
5078.173 304.383
5079.352 296.684
5080.530 295.325
5081.709 297.695
5082.888 326.332
5084.067 306.763
5085.246 317.376
5086.425 323.231
5087.603 297.097
5088.782 302.006
5089.961 305.392
5091.140 316.238
5092.319 330.649
5093.497 317.468
5094.676 326.737
5095.855 324.614
5097.034 292.983
5098.213 289.284
5099.392 296.226
5100.570 291.507
5101.749 287.516
5102.928 329.968
5104.107 282.562
5105.286 313.517
5106.464 319.469
5107.643 298.304
5108.822 317.339
5110.001 299.120
5111.180 299.563
5112.359 312.571
5113.537 311.288
5114.716 338.268
5115.895 294.466
5117.074 277.024
5118.253 298.694
5119.431 311.329
5120.610 311.204
5121.789 298.790
5122.968 288.656
5124.147 262.631
5125.326 280.383
5126.504 305.071
5127.683 275.722
5128.862 306.068
5130.041 318.727
5131.220 295.361
5132.398 305.093
5133.577 294.820
5134.756 321.939
5135.935 304.779
5137.114 334.330
5138.292 304.659
5139.471 286.390
5140.650 328.754
5141.829 298.374
5143.008 342.608
5144.187 304.698
5145.365 314.840
5146.544 314.339
5147.723 302.766
5148.902 327.463
5150.081 318.144
5151.259 295.072
5152.438 287.526
5153.617 300.058
5154.796 306.785
5155.975 286.638
5157.154 300.523
5158.332 310.302
5159.511 307.153
5160.690 335.191
5161.869 345.948
5163.048 348.457
5164.226 311.707
5165.405 297.001
5166.584 287.518
5167.763 291.134
5168.942 274.231
5170.121 252.479
5171.299 252.735
5172.478 253.950
5173.657 261.888
5174.836 295.198
5176.015 276.787
5177.193 278.142
5178.372 301.648
5179.551 303.396
5180.730 293.212
5181.909 286.585
5183.088 273.232
5184.266 254.330
5185.445 272.071
5186.624 285.719
5187.803 313.663
5188.982 311.760
5190.160 297.422
5191.339 270.793
5192.518 298.922
5193.697 297.648
5194.876 283.620
5196.055 366.383
5197.233 679.094
5198.412 849.502
5199.591 769.184
5200.770 649.584
5201.949 494.393
5203.127 379.049
5204.306 348.955
5205.485 310.119
5206.664 264.862
5207.843 293.467
5209.022 310.363
5210.200 287.268
5211.379 306.096
5212.558 280.415
5213.737 265.547
5214.916 304.920
5216.094 277.774
5217.273 282.113
5218.452 292.128
5219.631 273.195
5220.810 307.055
5221.989 283.263
5223.167 321.954
5224.346 340.678
5225.525 330.015
5226.704 312.570
5227.883 267.529
5229.061 275.019
5230.240 288.061
5231.419 280.425
5232.598 268.623
5233.777 267.558
5234.956 301.740
5236.134 300.475
5237.313 296.303
5238.492 331.892
5239.671 312.085
5240.850 316.995
5242.028 278.960
5243.207 283.668
5244.386 278.345
5245.565 255.883
5246.744 267.806
5247.923 263.404
5249.101 298.548
5250.280 285.967
5251.459 289.759
5252.638 251.467
5253.817 273.691
5254.995 318.183
5256.174 317.321
5257.353 295.408
5258.532 286.653
5259.711 271.836
5260.890 262.718
5262.068 280.066
5263.247 285.471
5264.426 274.050
5265.605 259.516
5266.784 290.912
5267.962 272.405
5269.141 250.934
5270.320 262.130
5271.499 292.234
5272.678 336.137
5273.857 329.344
5275.035 331.286
5276.214 314.064
5277.393 302.821
5278.572 273.280
5279.751 283.024
5280.929 274.431
5282.108 278.955
5283.287 265.030
5284.466 230.869
5285.645 248.808
5286.824 262.043
5288.002 255.196
5289.181 256.302
5290.360 272.802
5291.539 285.937
5292.718 263.880
5293.896 270.256
5295.075 270.283
5296.254 265.159
5297.433 285.558
5298.612 299.061
5299.790 271.369
5300.969 280.472
5302.148 267.555
5303.327 277.965
5304.506 275.266
5305.685 266.557
5306.863 283.697
5308.042 308.397
5309.221 295.617
5310.400 279.238
5311.579 289.289
5312.757 275.826
5313.936 272.071
5315.115 270.083
5316.294 249.010
5317.473 260.504
5318.652 270.341
5319.830 298.865
5321.009 276.516
5322.188 256.204
5323.367 277.896
5324.546 282.334
5325.724 262.983
5326.903 257.472
5328.082 305.614
5329.261 365.491
5330.440 427.417
5331.619 389.126
5332.797 293.249
5333.976 267.771
5335.155 277.901
5336.334 283.494
5337.513 281.846
5338.691 280.801
5339.870 258.620
5341.049 240.334
5342.228 265.076
5343.407 237.547
5344.586 250.517
5345.764 293.723
5346.943 266.823
5348.122 262.935
5349.301 261.180
5350.480 269.468
5351.658 283.643
5352.837 269.107
5354.016 266.015
5355.195 263.869
5356.374 254.181
5357.553 245.905
5358.731 273.599
5359.910 288.348
5361.089 256.857
5362.268 271.388
5363.447 229.285
5364.625 258.251
5365.804 264.816
5366.983 241.881
5368.162 265.483
5369.341 254.291
5370.520 238.049
5371.698 261.315
5372.877 248.263
5374.056 267.994
5375.235 244.055
5376.414 267.786
5377.592 283.462
5378.771 258.443
5379.950 256.260
5381.129 263.969
5382.308 249.167
5383.487 234.465
5384.665 257.784
5385.844 263.996
5387.023 261.840
5388.202 238.400
5389.381 237.896
5390.559 241.916
5391.738 240.607
5392.917 204.486
5394.096 250.856
5395.275 271.443
5396.454 229.470
5397.632 247.980
5398.811 240.162
5399.990 233.655
5401.169 251.632
5402.348 255.699
5403.526 264.673
5404.705 259.725
5405.884 251.733
5407.063 253.456
5408.242 249.176
5409.421 264.280
5410.599 224.309
5411.778 265.003
5412.957 275.256
5414.136 244.718
5415.315 250.665
5416.493 273.614
5417.672 261.422
5418.851 273.224
5420.030 269.971
5421.209 257.373
5422.388 259.983
5423.566 254.518
5424.745 244.390
5425.924 231.928
5427.103 242.121
5428.282 245.886
5429.460 221.661
5430.639 239.654
5431.818 227.181
5432.997 219.061
5434.176 253.739
5435.355 265.298
5436.533 294.893
5437.712 268.920
5438.891 242.409
5440.070 245.679
5441.249 253.535
5442.427 265.122
5443.606 241.728
5444.785 237.385
5445.964 262.443
5447.143 232.453
5448.322 220.024
5449.500 241.669
5450.679 226.890
5451.858 238.722
5453.037 248.866
5454.216 234.159
5455.394 227.150
5456.573 227.451
5457.752 235.411
5458.931 244.899
5460.110 247.942
5461.288 259.701
5462.467 227.387
5463.646 226.104
5464.825 237.519
5466.004 226.174
5467.183 230.649
5468.361 239.393
5469.540 208.462
5470.719 221.212
5471.898 269.205
5473.077 257.106
5474.255 234.669
5475.434 228.608
5476.613 238.549
5477.792 214.257
5478.971 232.521
5480.150 255.062
5481.328 239.087
5482.507 218.265
5483.686 235.369
5484.865 230.277
5486.044 244.989
5487.222 217.304
5488.401 221.612
5489.580 253.848
5490.759 232.955
5491.938 229.721
5493.117 230.765
5494.295 238.592
5495.474 260.982
5496.653 206.935
5497.832 235.231
5499.011 234.944
5500.189 241.175
5501.368 247.357
5502.547 233.104
5503.726 231.187
5504.905 243.430
5506.084 234.390
5507.262 255.659
5508.441 259.371
5509.620 253.685
5510.799 248.476
5511.978 253.188
5513.156 249.105
5514.335 245.280
5515.514 234.939
5516.693 211.911
5517.872 238.434
5519.051 246.461
5520.229 272.598
5521.408 302.507
5522.587 275.757
5523.766 238.543
5524.945 216.005
5526.123 241.705
5527.302 234.669
5528.481 232.700
5529.660 233.758
5530.839 228.511
5532.018 255.146
5533.196 242.521
5534.375 219.349
5535.554 237.783
5536.733 251.038
5537.912 244.633
5539.090 227.165
5540.269 267.938
5541.448 296.477
5542.627 311.477
5543.806 289.855
5544.985 255.988
5546.163 252.829
5547.342 252.136
5548.521 243.372
5549.700 253.073
5550.879 256.749
5552.057 234.146
5553.236 227.128
5554.415 228.622
5555.594 242.831
5556.773 257.713
5557.952 238.518
5559.130 238.556
5560.309 254.917
5561.488 242.469
5562.667 255.176
5563.846 295.207
5565.024 278.282
5566.203 228.226
5567.382 212.330
5568.561 241.886
5569.740 233.217
5570.919 254.881
5572.097 211.709
5573.276 343.998
5574.455 -119.792
5575.634 2750.715
5576.813 8941.354
5577.991 11146.956
5579.170 6224.423
5580.349 386.626
5581.528 357.859
5582.707 231.320
5583.886 226.177
5585.064 221.397
5586.243 204.710
5587.422 232.611
5588.601 275.784
5589.780 274.082
5590.958 255.689
5592.137 238.117
5593.316 221.997
5594.495 237.052
5595.674 240.388
5596.853 235.157
5598.031 236.031
5599.210 221.287
5600.389 214.698
5601.568 215.767
5602.747 241.846
5603.925 251.926
5605.104 283.649
5606.283 278.865
5607.462 253.972
5608.641 214.984
5609.820 246.008
5610.998 228.063
5612.177 246.350
5613.356 226.694
5614.535 201.401
5615.714 217.636
5616.892 241.248
5618.071 235.883
5619.250 213.909
5620.429 220.871
5621.608 221.201
5622.786 242.925
5623.965 289.506
5625.144 278.402
5626.323 229.591
5627.502 199.493
5628.681 217.276
5629.859 222.764
5631.038 229.200
5632.217 246.991
5633.396 238.309
5634.575 232.515
5635.753 227.550
5636.932 208.329
5638.111 236.159
5639.290 255.403
5640.469 230.838
5641.648 236.868
5642.826 215.854
5644.005 248.904
5645.184 239.047
5646.363 261.465
5647.542 248.181
5648.720 227.375
5649.899 252.776
5651.078 222.307
5652.257 210.992
5653.436 206.838
5654.615 205.391
5655.793 213.144
5656.972 223.186
5658.151 233.139
5659.330 224.968
5660.509 221.069
5661.687 234.013
5662.866 229.224
5664.045 235.747
5665.224 242.610
5666.403 219.764
5667.582 234.222
5668.760 242.270
5669.939 267.589
5671.118 244.389
5672.297 238.014
5673.476 241.679
5674.654 242.446
5675.833 239.107
5677.012 247.813
5678.191 248.542
5679.370 237.784
5680.549 241.850
5681.727 222.063
5682.906 236.606
5684.085 273.278
5685.264 247.357
5686.443 237.329
5687.621 255.896
5688.800 250.772
5689.979 220.222
5691.158 239.598
5692.337 258.782
5693.516 248.055
5694.694 252.307
5695.873 243.698
5697.052 232.232
5698.231 242.166
5699.410 236.467
5700.588 239.268
5701.767 264.793
5702.946 257.530
5704.125 217.069
5705.304 236.669
5706.483 242.198
5707.661 230.514
5708.840 237.344
5710.019 233.004
5711.198 232.489
5712.377 224.457
5713.555 214.611
5714.734 227.809
5715.913 231.939
5717.092 227.750
5718.271 233.544
5719.450 222.222
5720.628 223.752
5721.807 246.325
5722.986 227.435
5724.165 219.317
5725.344 245.126
5726.522 234.051
5727.701 224.344
5728.880 254.896
5730.059 240.296
5731.238 238.270
5732.417 229.158
5733.595 223.431
5734.774 216.791
5735.953 204.737
5737.132 221.396
5738.311 229.790
5739.489 213.151
5740.668 207.506
5741.847 198.500
5743.026 214.969
5744.205 227.612
5745.384 222.266
5746.562 218.412
5747.741 216.593
5748.920 200.463
5750.099 217.271
5751.278 211.690
5752.456 223.055
5753.635 234.358
5754.814 216.029
5755.993 228.712
5757.172 248.237
5758.351 231.387
5759.529 224.964
5760.708 215.081
5761.887 197.622
5763.066 227.835
5764.245 212.508
5765.423 206.978
5766.602 224.341
5767.781 232.761
5768.960 224.795
5770.139 233.905
5771.318 230.277
5772.496 211.653
5773.675 207.073
5774.854 216.960
5776.033 206.091
5777.212 201.400
5778.390 227.298
5779.569 211.582
5780.748 215.418
5781.927 215.794
5783.106 212.156
5784.284 227.406
5785.463 232.082
5786.642 202.428
5787.821 220.505
5789.000 214.923
5790.179 223.094
5791.357 230.989
5792.536 197.354
5793.715 211.563
5794.894 232.151
5796.073 210.091
5797.251 221.280
5798.430 214.178
5799.609 233.250
5800.788 225.969
5801.967 213.111
5803.146 207.656
5804.324 221.578
5805.503 222.391
5806.682 215.692
5807.861 215.891
5809.040 231.788
5810.218 242.254
5811.397 237.160
5812.576 233.067
5813.755 234.366
5814.934 225.972
5816.113 216.531
5817.291 226.553
5818.470 226.956
5819.649 222.390
5820.828 230.199
5822.007 211.304
5823.185 220.617
5824.364 231.786
5825.543 220.306
5826.722 221.420
5827.901 231.558
5829.080 214.799
5830.258 209.118
5831.437 217.004
5832.616 217.648
5833.795 230.183
5834.974 240.451
5836.152 237.061
5837.331 216.142
5838.510 201.363
5839.689 223.961
5840.868 226.474
5842.047 202.612
5843.225 222.272
5844.404 226.323
5845.583 221.489
5846.762 225.670
5847.941 213.931
5849.119 205.740
5850.298 217.313
5851.477 221.635
5852.656 222.693
5853.835 225.262
5855.014 210.593
5856.192 202.766
5857.371 193.472
5858.550 196.734
5859.729 212.020
5860.908 231.941
5862.086 225.050
5863.265 245.938
5864.444 249.713
5865.623 308.089
5866.802 327.238
5867.981 324.042
5869.159 294.346
5870.338 237.320
5871.517 246.101
5872.696 239.459
5873.875 243.728
5875.053 241.617
5876.232 272.326
5877.411 855.353
5878.590 1924.067
5879.769 2206.516
5880.948 1159.849
5882.126 410.139
5883.305 249.526
5884.484 225.513
5885.663 232.580
5886.842 261.241
5888.020 616.460
5889.199 1203.519
5890.378 1372.051
5891.557 968.646
5892.736 386.773
5893.915 391.870
5895.093 778.288
5896.272 933.516
5897.451 671.630
5898.630 308.932
5899.809 210.910
5900.987 235.604
5902.166 237.756
5903.345 229.777
5904.524 229.219
5905.703 248.422
5906.882 263.034
5908.060 253.261
5909.239 239.070
5910.418 228.258
5911.597 222.975
5912.776 211.074
5913.954 287.922
5915.133 337.481
5916.312 357.410
5917.491 261.865
5918.670 220.822
5919.849 215.088
5921.027 207.751
5922.206 221.805
5923.385 246.885
5924.564 262.833
5925.743 253.798
5926.921 234.128
5928.100 226.197
5929.279 205.016
5930.458 214.895
5931.637 305.754
5932.815 358.784
5933.994 356.943
5935.173 271.694
5936.352 246.842
5937.531 217.865
5938.710 204.651
5939.888 210.552
5941.067 231.069
5942.246 237.018
5943.425 218.965
5944.604 246.132
5945.782 249.697
5946.961 273.531
5948.140 229.076
5949.319 218.252
5950.498 217.355
5951.677 264.077
5952.855 314.238
5954.034 337.109
5955.213 288.760
5956.392 235.993
5957.571 233.355
5958.749 248.946
5959.928 248.985
5961.107 226.027
5962.286 217.391
5963.465 196.379
5964.644 226.403
5965.822 222.042
5967.001 231.595
5968.180 210.810
5969.359 229.035
5970.538 253.260
5971.716 257.283
5972.895 257.224
5974.074 257.165
