3561.035 1990.180
3562.213 2305.417
3563.392 1723.730
3564.571 2012.668
3565.750 1947.070
3566.929 1991.478
3568.108 1460.595
3569.286 1821.984
3570.465 1970.598
3571.644 2395.761
3572.823 1863.441
3574.002 1813.180
3575.180 1893.526
3576.359 1928.679
3577.538 1402.139
3578.717 1886.847
3579.896 1776.339
3581.075 1698.576
3582.253 1751.883
3583.432 1806.589
3584.611 1745.910
3585.790 1868.362
3586.969 1723.158
3588.147 1824.536
3589.326 1628.539
3590.505 2239.126
3591.684 1667.053
3592.863 2086.907
3594.042 1943.160
3595.220 1818.971
3596.399 1594.589
3597.578 2194.471
3598.757 1574.499
3599.936 1946.406
3601.114 1864.802
3602.293 2216.926
3603.472 1780.015
3604.651 1784.953
3605.830 2073.633
3607.009 1922.192
3608.187 1690.770
3609.366 2337.581
3610.545 1967.977
3611.724 1840.129
3612.903 1818.195
3614.081 2215.868
3615.260 2452.281
3616.439 2607.381
3617.618 2504.944
3618.797 2332.358
3619.976 2008.746
3621.154 1765.777
3622.333 2174.648
3623.512 2366.010
3624.691 2134.023
3625.870 1899.114
3627.048 2435.645
3628.227 1915.499
3629.406 2532.809
3630.585 2222.998
3631.764 2482.492
3632.943 2368.419
3634.121 2840.238
3635.300 2113.762
3636.479 2756.113
3637.658 2422.119
3638.837 2015.702
3640.015 2515.826
3641.194 2114.677
3642.373 2132.931
3643.552 2044.061
3644.731 2223.511
3645.910 2602.705
3647.088 2337.261
3648.267 2191.272
3649.446 2417.881
3650.625 1861.483
3651.804 2310.151
3652.982 2070.032
3654.161 1887.320
3655.340 1985.630
3656.519 1983.047
3657.698 2388.853
3658.877 2046.096
3660.055 2090.487
3661.234 2057.835
3662.413 2465.150
3663.592 1628.460
3664.771 2052.730
3665.949 2044.503
3667.128 2224.622
3668.307 1849.805
3669.486 1797.894
3670.665 2028.549
3671.844 2007.372
3673.022 1900.843
3674.201 1915.397
3675.380 2041.960
3676.559 2255.452
3677.738 1823.882
3678.916 1746.310
3680.095 2205.165
3681.274 2109.456
3682.453 1852.324
3683.632 1686.386
3684.811 1943.532
3685.989 2153.374
3687.168 1716.711
3688.347 1719.743
3689.526 1780.771
3690.705 2011.584
3691.883 2123.461
3693.062 2058.758
3694.241 2166.662
3695.420 1773.092
3696.599 1484.643
3697.777 2212.449
3698.956 1993.540
3700.135 2610.901
3701.314 2083.196
3702.493 1769.609
3703.672 2175.133
3704.850 2128.112
3706.029 2515.343
3707.208 2453.714
3708.387 1723.032
3709.566 2009.454
3710.744 1670.629
3711.923 2041.588
3713.102 2016.244
3714.281 2411.896
3715.460 2315.560
3716.639 1434.118
3717.817 1716.472
3718.996 1652.982
3720.175 1814.538
3721.354 1802.688
3722.533 1894.922
3723.711 2368.832
3724.890 2462.796
3726.069 2885.390
3727.248 6191.481
3728.427 11444.487
3729.606 12210.911
3730.784 14548.314
3731.963 13453.475
3733.142 6365.156
3734.321 2097.704
3735.500 2276.393
3736.678 2473.792
3737.857 2348.593
3739.036 1969.834
3740.215 2191.378
3741.394 2074.588
3742.573 2064.250
3743.751 1769.134
3744.930 1772.858
3746.109 1918.545
3747.288 1665.601
3748.467 1796.926
3749.645 1788.027
3750.824 1968.579
3752.003 2685.852
3753.182 2540.632
3754.361 2319.937
3755.540 1931.885
3756.718 1595.032
3757.897 2076.585
3759.076 1720.316
3760.255 1623.748
3761.434 1522.176
3762.612 1490.308
3763.791 1768.950
3764.970 1448.535
3766.149 1789.456
3767.328 1685.470
3768.507 1636.968
3769.685 1408.423
3770.864 1698.317
3772.043 2361.751
3773.222 2830.919
3774.401 2377.776
3775.579 1700.852
3776.758 1639.527
3777.937 1480.270
3779.116 1491.367
3780.295 1417.099
3781.474 1487.940
3782.652 1619.413
3783.831 1417.189
3785.010 1756.632
3786.189 1793.048
3787.368 1320.308
3788.546 1413.613
3789.725 1633.803
3790.904 1398.558
3792.083 1645.537
3793.262 1540.632
3794.441 1513.291
3795.619 1702.306
3796.798 1272.317
3797.977 1503.799
3799.156 2314.942
3800.335 3282.739
3801.513 2602.849
3802.692 1754.251
3803.871 1619.741
3805.050 1360.789
3806.229 1340.216
3807.408 1410.407
3808.586 1532.184
3809.765 1355.298
3810.944 1622.967
3812.123 1623.296
3813.302 1620.037
3814.480 1618.768
3815.659 1713.700
3816.838 1637.589
3818.017 1528.052
3819.196 1526.330
3820.375 1485.566
3821.553 1724.010
3822.732 1812.669
3823.911 1675.431
3825.090 1319.349
3826.269 1399.488
3827.447 1544.181
3828.626 1680.573
3829.805 1612.163
3830.984 1647.035
3832.163 1503.794
3833.342 1533.587
3834.520 1643.334
3835.699 1788.901
3836.878 3102.449
3838.057 4075.770
3839.236 2894.385
3840.414 1564.573
3841.593 1467.342
3842.772 1479.772
3843.951 1337.064
3845.130 1577.537
3846.309 1404.711
3847.487 1375.139
3848.666 1444.333
3849.845 1559.864
3851.024 1310.955
3852.203 1257.940
3853.381 1290.536
3854.560 1367.355
3855.739 1356.128
3856.918 1358.999
3858.097 1095.381
3859.275 1291.548
3860.454 1407.243
3861.633 1197.517
3862.812 1399.269
3863.991 1257.991
3865.170 1461.000
3866.348 1324.498
3867.527 1216.677
3868.706 1927.939
3869.885 8623.734
3871.064 16150.931
3872.242 13193.792
3873.421 4288.939
3874.600 1293.918
3875.779 1429.714
3876.958 1171.229
3878.137 1237.584
3879.315 1396.542
3880.494 1202.136
3881.673 1276.460
3882.852 1256.515
3884.031 1278.357
3885.209 1295.556
3886.388 1236.033
3887.567 1401.480
3888.746 1492.302
3889.925 3823.876
3891.104 6977.237
3892.282 6363.143
3893.461 2655.178
3894.640 1215.406
3895.819 1428.404
3896.998 1195.195
3898.176 1265.978
3899.355 1236.448
3900.534 1322.463
3901.713 1286.744
3902.892 1258.213
3904.071 1222.788
3905.249 1359.332
3906.428 1335.553
3907.607 1327.502
3908.786 1449.106
3909.965 1395.490
3911.143 1385.174
3912.322 1346.568
3913.501 1363.521
3914.680 1312.690
3915.859 1244.062
3917.038 1173.274
3918.216 1162.527
3919.395 1209.832
3920.574 1119.537
3921.753 1118.936
3922.932 1113.648
3924.110 1158.434
3925.289 1041.216
3926.468 993.945
3927.647 1194.837
3928.826 1080.988
3930.005 1097.378
3931.183 1152.104
3932.362 1159.827
3933.541 1032.150
3934.720 830.369
3935.899 902.505
3937.077 1010.873
3938.256 1029.632
3939.435 1116.917
3940.614 1238.385
3941.793 1094.949
3942.972 1066.115
3944.150 1149.957
3945.329 1215.229
3946.508 1171.718
3947.687 1416.172
3948.866 1291.778
3950.044 1030.669
3951.223 1047.002
3952.402 1155.301
3953.581 1162.589
3954.760 1161.997
3955.939 1100.059
3957.117 1174.187
3958.296 1018.491
3959.475 1022.528
3960.654 945.882
3961.833 924.463
3963.011 986.411
3964.190 917.640
3965.369 989.565
3966.548 1223.609
3967.727 1687.709
3968.906 3320.630
3970.084 4720.391
3971.263 5235.450
3972.442 5719.735
3973.621 4350.345
3974.800 1859.580
3975.978 944.261
3977.157 1055.622
3978.336 1039.333
3979.515 1096.940
3980.694 1026.776
3981.873 976.145
3983.051 967.581
3984.230 1109.865
3985.409 1012.383
3986.588 971.118
3987.767 999.382
3988.945 1030.938
3990.124 1063.753
3991.303 962.070
3992.482 967.928
3993.661 882.722
3994.840 991.329
3996.018 915.169
3997.197 994.632
3998.376 961.159
3999.555 942.193
4000.734 1178.571
4001.912 906.043
4003.091 1027.203
4004.270 904.019
4005.449 967.397
4006.628 1000.713
4007.807 1046.561
4008.985 1062.787
4010.164 1109.943
4011.343 1152.999
4012.522 1031.326
4013.701 1033.268
4014.879 1126.201
4016.058 1032.417
4017.237 992.951
4018.416 995.784
4019.595 1010.090
4020.773 1023.517
4021.952 1027.177
4023.131 979.354
4024.310 942.403
4025.489 976.928
4026.668 1081.736
4027.846 1353.746
4029.025 1500.206
4030.204 1214.172
4031.383 1012.388
4032.562 918.458
4033.740 922.659
4034.919 989.823
4036.098 896.349
4037.277 966.798
4038.456 973.862
4039.635 964.759
4040.813 976.778
4041.992 980.152
4043.171 1027.149
4044.350 1045.295
4045.529 979.034
4046.707 920.993
4047.886 921.007
4049.065 1052.798
4050.244 986.320
4051.423 958.078
4052.602 892.353
4053.780 949.914
4054.959 947.294
4056.138 1019.056
4057.317 1003.553
4058.496 1054.809
4059.674 1005.539
4060.853 1068.778
4062.032 1036.100
4063.211 975.378
4064.390 1064.640
4065.569 970.856
4066.747 996.274
4067.926 1015.452
4069.105 975.439
4070.284 972.543
4071.463 1046.997
4072.641 1066.703
4073.820 1009.860
4074.999 910.893
4076.178 971.402
4077.357 994.421
4078.536 890.554
4079.714 948.372
4080.893 871.306
4082.072 945.366
4083.251 882.485
4084.430 837.276
4085.608 853.532
4086.787 937.295
4087.966 835.525
4089.145 975.749
4090.324 791.741
4091.503 923.028
4092.681 868.779
4093.860 936.270
4095.039 855.738
4096.218 953.256
4097.397 945.213
4098.575 906.982
4099.754 979.622
4100.933 955.340
4102.112 1568.337
4103.291 4247.802
4104.470 6858.617
4105.648 4668.940
4106.827 1558.616
4108.006 849.194
4109.185 963.794
4110.364 919.084
4111.542 905.434
4112.721 844.168
4113.900 812.134
4115.079 849.518
4116.258 794.796
4117.437 805.817
4118.615 760.568
4119.794 840.024
4120.973 838.097
4122.152 865.431
4123.331 868.118
4124.509 841.938
4125.688 859.666
4126.867 771.535
4128.046 890.324
4129.225 762.564
4130.404 793.127
4131.582 833.362
4132.761 788.261
4133.940 724.438
4135.119 778.194
4136.298 780.758
4137.476 810.691
4138.655 796.245
4139.834 744.050
4141.013 802.782
4142.192 816.312
4143.371 637.050
4144.549 694.294
4145.728 794.862
4146.907 768.145
4148.086 722.283
4149.265 622.526
4150.443 608.027
4151.622 715.613
4152.801 688.869
4153.980 756.460
4155.159 791.890
4156.338 725.023
4157.516 757.029
4158.695 729.782
4159.874 710.149
4161.053 740.507
4162.232 807.497
4163.410 784.673
4164.589 743.208
4165.768 762.621
4166.947 900.909
4168.126 741.534
4169.305 753.257
4170.483 877.999
4171.662 813.411
4172.841 728.626
4174.020 706.789
4175.199 742.416
4176.377 708.665
4177.556 719.029
4178.735 777.726
4179.914 764.817
4181.093 648.880
4182.271 728.741
4183.450 716.391
4184.629 695.138
4185.808 713.901
4186.987 665.918
4188.166 640.151
4189.344 623.180
4190.523 702.646
4191.702 776.046
4192.881 714.166
4194.060 746.167
4195.238 740.420
4196.417 695.304
4197.596 705.845
4198.775 760.238
4199.954 715.406
4201.133 701.569
4202.311 665.829
4203.490 620.029
4204.669 705.919
4205.848 633.378
4207.027 694.971
4208.205 734.054
4209.384 691.823
4210.563 640.789
4211.742 669.176
4212.921 633.054
4214.100 670.388
4215.278 636.532
4216.457 665.290
4217.636 727.111
4218.815 652.195
4219.994 565.623
4221.172 586.310
4222.351 678.258
4223.530 625.462
4224.709 597.879
4225.888 626.910
4227.067 606.755
4228.245 633.508
4229.424 627.099
4230.603 604.952
4231.782 621.805
4232.961 564.756
4234.139 601.273
4235.318 713.809
4236.497 826.086
4237.676 810.918
4238.855 727.172
4240.034 621.360
4241.212 595.090
4242.391 611.013
4243.570 592.159
4244.749 626.927
4245.928 645.527
4247.106 640.725
4248.285 593.780
4249.464 612.464
4250.643 634.577
4251.822 605.121
4253.001 642.605
4254.179 614.543
4255.358 616.437
4256.537 585.273
4257.716 660.116
4258.895 616.172
4260.073 579.679
4261.252 565.063
4262.431 617.532
4263.610 611.512
4264.789 591.096
4265.968 624.533
4267.146 610.700
4268.325 583.061
4269.504 649.411
4270.683 590.344
4271.862 545.270
4273.040 567.946
4274.219 584.629
4275.398 587.009
4276.577 597.296
4277.756 654.292
4278.935 597.056
4280.113 611.850
4281.292 573.481
4282.471 519.253
4283.650 573.139
4284.829 605.222
4286.007 567.131
4287.186 545.391
4288.365 541.895
4289.544 577.683
4290.723 599.632
4291.902 583.134
4293.080 562.978
4294.259 524.218
4295.438 550.172
4296.617 571.549
4297.796 554.076
4298.974 565.871
4300.153 514.880
4301.332 494.469
4302.511 514.881
4303.690 496.860
4304.869 526.446
4306.047 524.636
4307.226 541.920
4308.405 589.852
4309.584 548.939
4310.763 528.222
4311.941 562.447
4313.120 557.072
4314.299 592.661
4315.478 598.770
4316.657 557.488
4317.836 571.080
4319.014 606.929
4320.193 569.458
4321.372 565.662
4322.551 604.978
4323.730 519.328
4324.908 579.907
4326.087 562.755
4327.266 522.684
4328.445 499.519
4329.624 551.762
4330.803 488.461
4331.981 543.122
4333.160 569.908
4334.339 603.209
4335.518 527.375
4336.697 565.330
4337.875 592.933
4339.054 547.367
4340.233 698.745
4341.412 2257.162
4342.591 7203.685
4343.769 8126.075
4344.948 4039.625
4346.127 815.429
4347.306 596.758
4348.485 588.123
4349.664 556.035
4350.842 535.547
4352.021 562.717
4353.200 535.465
4354.379 486.354
4355.558 527.558
4356.736 547.565
4357.915 533.915
4359.094 515.750
4360.273 536.844
4361.452 489.221
4362.631 584.957
4363.809 701.069
4364.988 1500.928
4366.167 1979.956
4367.346 1595.322
4368.525 800.684
4369.703 678.580
4370.882 534.705
4372.061 484.406
4373.240 525.680
4374.419 502.056
4375.598 555.903
4376.776 496.915
4377.955 480.460
4379.134 531.581
4380.313 521.849
4381.492 511.240
4382.670 517.612
4383.849 461.971
4385.028 471.902
4386.207 516.350
4387.386 486.611
4388.565 486.448
4389.743 550.243
4390.922 529.932
4392.101 539.098
4393.280 519.769
4394.459 467.680
4395.637 476.543
4396.816 476.757
4397.995 462.261
4399.174 452.842
4400.353 496.150
4401.532 470.174
4402.710 519.277
4403.889 509.923
4405.068 510.141
4406.247 527.849
4407.426 575.206
4408.604 512.149
4409.783 526.380
4410.962 539.429
4412.141 532.905
4413.320 556.147
4414.499 489.433
4415.677 542.125
4416.856 583.225
4418.035 549.636
4419.214 520.737
4420.393 541.674
4421.571 508.137
4422.750 503.500
4423.929 514.305
4425.108 504.252
4426.287 488.374
4427.466 514.366
4428.644 496.596
4429.823 492.337
4431.002 459.328
4432.181 504.640
4433.360 514.793
4434.538 476.112
4435.717 484.477
4436.896 473.761
4438.075 490.149
4439.254 468.466
4440.433 451.302
4441.611 468.751
4442.790 469.654
4443.969 492.251
4445.148 476.569
4446.327 468.501
4447.505 469.390
4448.684 472.230
4449.863 472.953
4451.042 474.965
4452.221 439.785
4453.400 440.152
4454.578 458.265
4455.757 440.879
4456.936 451.887
4458.115 455.390
4459.294 477.245
4460.472 500.818
4461.651 472.952
4462.830 438.401
4464.009 416.110
4465.188 445.405
4466.367 469.018
4467.545 434.938
4468.724 420.736
4469.903 453.990
4471.082 431.703
4472.261 547.792
4473.439 870.653
4474.618 1018.272
4475.797 801.405
4476.976 502.060
4478.155 421.380
4479.334 483.301
4480.512 444.165
4481.691 411.989
4482.870 419.226
4484.049 454.635
4485.228 488.713
4486.406 469.748
4487.585 457.201
4488.764 427.861
4489.943 439.662
4491.122 456.749
4492.301 490.584
4493.479 465.026
4494.658 449.466
4495.837 457.201
4497.016 436.245
4498.195 436.907
4499.373 443.761
4500.552 434.394
4501.731 404.518
4502.910 406.851
4504.089 407.363
4505.267 379.641
4506.446 440.144
4507.625 466.456
4508.804 442.957
4509.983 443.146
4511.162 437.638
4512.340 416.623
4513.519 453.544
4514.698 464.216
4515.877 425.295
4517.056 429.605
4518.234 431.927
4519.413 429.119
4520.592 459.169
4521.771 433.976
4522.950 447.437
4524.129 449.948
4525.307 431.713
4526.486 440.214
4527.665 482.351
4528.844 425.677
4530.023 455.796
4531.201 427.959
4532.380 444.905
4533.559 468.180
4534.738 477.020
4535.917 490.382
4537.096 450.411
4538.274 457.957
4539.453 472.337
4540.632 508.019
4541.811 522.873
4542.990 527.280
4544.168 493.000
4545.347 490.834
4546.526 497.259
4547.705 483.026
4548.884 482.443
4550.063 461.091
4551.241 477.523
4552.420 473.415
4553.599 469.941
4554.778 467.891
4555.957 454.456
4557.135 440.270
4558.314 465.972
4559.493 466.998
4560.672 465.286
4561.851 453.079
4563.030 436.523
4564.208 414.821
4565.387 464.145
4566.566 425.055
4567.745 431.271
4568.924 469.103
4570.102 439.954
4571.281 415.974
4572.460 464.686
4573.639 417.722
4574.818 441.033
4575.997 450.436
4577.175 462.278
4578.354 470.237
4579.533 478.534
4580.712 439.530
4581.891 454.640
4583.069 447.746
4584.248 434.952
4585.427 418.681
4586.606 440.935
4587.785 408.541
4588.964 474.498
4590.142 438.092
4591.321 418.163
4592.500 440.441
4593.679 401.960
4594.858 453.839
4596.036 448.218
4597.215 414.465
4598.394 408.999
4599.573 444.574
4600.752 437.633
4601.931 384.531
4603.109 379.977
4604.288 408.491
4605.467 412.757
4606.646 410.354
4607.825 405.448
4609.003 435.619
4610.182 457.167
4611.361 452.775
4612.540 406.055
4613.719 411.483
4614.898 412.849
4616.076 413.939
4617.255 430.996
4618.434 425.782
4619.613 397.336
4620.792 423.387
4621.970 447.321
4623.149 449.709
4624.328 432.859
4625.507 424.913
4626.686 440.167
4627.865 422.330
4629.043 418.025
4630.222 426.425
4631.401 443.349
4632.580 461.842
4633.759 473.699
4634.937 452.794
4636.116 431.387
4637.295 424.412
4638.474 442.309
4639.653 456.938
4640.832 437.617
4642.010 442.278
4643.189 469.789
4644.368 455.848
4645.547 460.902
4646.726 443.004
4647.904 424.658
4649.083 448.282
4650.262 428.056
4651.441 468.566
4652.620 459.916
4653.799 472.509
4654.977 470.607
4656.156 474.021
4657.335 463.982
4658.514 449.792
4659.693 451.481
4660.871 483.211
4662.050 487.330
4663.229 462.499
4664.408 447.288
4665.587 463.916
4666.765 420.857
4667.944 417.135
4669.123 414.163
4670.302 485.921
4671.481 440.918
4672.660 474.762
4673.838 483.054
4675.017 562.704
4676.196 596.036
4677.375 616.989
4678.554 642.309
4679.732 700.832
4680.911 807.400
4682.090 897.652
4683.269 990.414
4684.448 1092.310
4685.627 1209.188
4686.805 1204.345
4687.984 1213.743
4689.163 1142.746
4690.342 1041.786
4691.521 961.298
4692.699 915.707
4693.878 852.934
4695.057 789.504
4696.236 776.091
4697.415 746.222
4698.594 670.883
4699.772 668.908
4700.951 615.624
4702.130 565.592
4703.309 556.574
4704.488 532.470
4705.666 536.434
4706.845 529.075
4708.024 520.540
4709.203 491.730
4710.382 468.099
4711.561 500.694
4712.739 548.007
4713.918 674.903
4715.097 692.318
4716.276 612.420
4717.455 486.360
4718.633 435.808
4719.812 463.701
4720.991 426.715
4722.170 398.046
4723.349 411.352
4724.528 450.773
4725.706 429.747
4726.885 442.824
4728.064 405.619
4729.243 399.491
4730.422 422.810
4731.600 427.533
4732.779 443.452
4733.958 433.688
4735.137 413.087
4736.316 426.663
4737.495 408.111
4738.673 410.605
4739.852 417.137
4741.031 421.510
4742.210 530.669
4743.389 543.545
4744.567 526.656
4745.746 448.837
4746.925 439.551
4748.104 419.850
4749.283 403.978
4750.462 428.776
4751.640 413.869
4752.819 400.050
4753.998 411.511
4755.177 407.937
4756.356 400.323
4757.534 431.986
4758.713 390.130
4759.892 379.319
4761.071 401.683
4762.250 389.664
4763.429 413.045
4764.607 443.872
4765.786 383.540
4766.965 372.114
4768.144 378.481
4769.323 403.249
4770.501 398.540
4771.680 410.942
4772.859 441.131
4774.038 425.074
4775.217 422.872
4776.396 428.428
4777.574 405.477
4778.753 404.169
4779.932 408.665
4781.111 392.146
4782.290 370.623
4783.468 383.221
4784.647 416.738
4785.826 365.555
4787.005 400.484
4788.184 442.972
4789.363 406.586
4790.541 398.645
4791.720 396.120
4792.899 405.579
4794.078 362.968
4795.257 371.607
4796.435 392.165
4797.614 386.584
4798.793 345.818
4799.972 366.904
4801.151 395.941
4802.330 416.877
4803.508 439.589
4804.687 380.723
4805.866 375.012
4807.045 411.934
4808.224 388.468
4809.402 324.638
4810.581 376.055
4811.760 414.023
4812.939 378.650
4814.118 402.368
4815.296 360.248
4816.475 398.506
4817.654 419.621
4818.833 424.115
4820.012 396.056
4821.191 388.814
4822.369 412.810
4823.548 391.983
4824.727 389.967
4825.906 400.370
4827.085 387.989
4828.263 384.751
4829.442 397.970
4830.621 393.839
4831.800 373.586
4832.979 385.405
4834.158 426.635
4835.336 411.096
4836.515 380.886
4837.694 422.403
4838.873 395.473
4840.052 388.083
4841.230 389.379
4842.409 396.543
4843.588 419.081
4844.767 402.767
4845.946 393.207
4847.125 415.000
4848.303 393.260
4849.482 417.004
4850.661 391.861
4851.840 385.785
4853.019 399.647
4854.197 422.259
4855.376 393.555
4856.555 450.485
4857.734 424.558
4858.913 442.273
4860.092 511.096
4861.270 433.348
4862.449 3971.768
4863.628 12149.079
4864.807 14717.526
4865.986 7004.547
4867.164 1060.173
4868.343 504.069
4869.522 498.388
4870.701 454.081
4871.880 429.098
4873.059 385.625
4874.237 401.720
4875.416 396.959
4876.595 399.546
4877.774 432.007
4878.953 385.461
4880.131 390.353
4881.310 406.898
4882.489 388.345
4883.668 403.363
4884.847 388.424
4886.026 372.433
4887.204 401.112
4888.383 416.088
4889.562 391.069
4890.741 376.075
4891.920 392.342
4893.098 381.425
4894.277 377.730
4895.456 380.319
4896.635 393.388
4897.814 399.213
4898.993 373.953
4900.171 368.605
4901.350 378.787
4902.529 393.546
4903.708 364.577
4904.887 374.415
4906.065 386.842
4907.244 384.752
4908.423 350.876
4909.602 367.835
4910.781 382.678
4911.960 366.688
4913.138 377.682
4914.317 388.535
4915.496 397.374
4916.675 401.129
4917.854 383.643
4919.032 364.468
4920.211 368.286
4921.390 392.305
4922.569 404.681
4923.748 467.748
4924.927 507.518
4926.105 495.903
4927.284 397.387
4928.463 385.298
4929.642 357.846
4930.821 372.306
4931.999 413.732
4933.178 406.897
4934.357 380.349
4935.536 377.702
4936.715 387.613
4937.894 375.966
4939.072 357.476
4940.251 377.665
4941.430 359.023
4942.609 364.450
4943.788 370.061
4944.966 387.785
4946.145 385.155
4947.324 377.655
4948.503 390.449
4949.682 375.937
4950.861 376.671
4952.039 387.178
4953.218 385.676
4954.397 389.366
4955.576 360.421
4956.755 377.710
4957.933 475.513
4959.112 498.744
4960.291 8857.133
4961.470 28457.824
4962.649 28083.068
4963.828 11628.845
4965.006 753.211
4966.185 633.122
4967.364 446.007
4968.543 470.610
4969.722 433.865
4970.900 434.016
4972.079 407.289
4973.258 400.132
4974.437 400.876
4975.616 389.462
4976.794 384.499
4977.973 375.301
4979.152 384.261
4980.331 379.303
4981.510 381.851
4982.689 392.997
4983.867 368.056
4985.046 362.899
4986.225 399.559
4987.404 444.318
4988.583 460.406
4989.761 433.793
4990.940 388.991
4992.119 386.304
4993.298 410.381
4994.477 416.329
4995.656 448.119
4996.834 398.165
4998.013 425.770
4999.192 425.408
5000.371 397.534
5001.550 420.393
5002.728 404.690
5003.907 415.758
5005.086 350.470
5006.265 894.448
5007.444 1873.233
5008.623 47767.769
5009.801 87942.533
5010.980 71864.797
5012.159 18013.255
5013.338 -261.319
5014.517 1199.033
5015.695 274.299
5016.874 525.856
5018.053 627.271
5019.232 688.139
5020.411 517.875
5021.590 401.258
5022.768 393.953
5023.947 368.758
5025.126 395.737
5026.305 371.800
5027.484 354.767
5028.662 346.357
5029.841 368.017
5031.020 356.944
5032.199 381.716
5033.378 369.526
5034.557 357.473
5035.735 354.278
5036.914 354.241
5038.093 346.242
5039.272 326.574
5040.451 371.490
5041.629 335.185
5042.808 333.621
5043.987 358.319
5045.166 354.550
5046.345 355.454
5047.524 357.099
5048.702 343.958
5049.881 355.042
5051.060 356.312
5052.239 334.623
5053.418 335.016
5054.596 340.459
5055.775 346.326
5056.954 348.918
5058.133 335.330
5059.312 364.347
5060.491 376.930
5061.669 324.960
5062.848 356.553
5064.027 326.826
5065.206 319.148
5066.385 323.030
5067.563 307.309
5068.742 315.382
5069.921 332.930
5071.100 319.844
5072.279 329.614
5073.458 340.623
5074.636 315.476
5075.815 313.926
5076.994 316.744
5078.173 318.679
5079.352 316.204
5080.530 300.189
5081.709 341.050
5082.888 338.735
5084.067 309.249
5085.246 320.066
5086.425 329.686
5087.603 331.260
5088.782 344.267
5089.961 373.928
5091.140 338.867
5092.319 337.800
5093.497 357.498
5094.676 323.419
5095.855 324.374
5097.034 300.189
5098.213 286.963
5099.392 319.721
5100.570 354.434
5101.749 338.330
5102.928 328.752
5104.107 311.000
5105.286 322.824
5106.464 305.960
5107.643 304.099
5108.822 312.473
5110.001 287.140
5111.180 311.873
5112.359 336.222
5113.537 298.763
5114.716 303.947
5115.895 327.358
5117.074 323.633
5118.253 320.577
5119.431 305.267
5120.610 312.279
5121.789 340.759
5122.968 324.479
5124.147 324.352
5125.326 311.478
5126.504 288.245
5127.683 297.207
5128.862 301.310
5130.041 304.720
5131.220 319.972
5132.398 346.766
5133.577 319.164
5134.756 318.067
5135.935 339.096
5137.114 351.096
5138.292 314.116
5139.471 312.762
5140.650 334.814
5141.829 303.145
5143.008 311.306
5144.187 341.176
5145.365 323.550
5146.544 332.336
5147.723 344.694
5148.902 340.059
5150.081 314.081
5151.259 325.048
5152.438 326.908
5153.617 315.984
5154.796 301.274
5155.975 313.336
5157.154 316.084
5158.332 318.596
5159.511 309.507
5160.690 327.243
5161.869 322.011
5163.048 299.536
5164.226 310.855
5165.405 299.772
5166.584 303.792
5167.763 314.589
5168.942 297.139
5170.121 301.544
5171.299 293.726
5172.478 273.238
5173.657 290.448
5174.836 299.436
5176.015 297.183
5177.193 294.593
5178.372 303.090
5179.551 308.807
5180.730 305.494
5181.909 294.862
5183.088 305.252
5184.266 279.069
5185.445 292.255
5186.624 323.988
5187.803 323.204
5188.982 313.654
5190.160 312.981
5191.339 311.500
5192.518 295.334
5193.697 310.228
5194.876 311.148
5196.055 391.634
5197.233 658.847
5198.412 858.600
5199.591 798.102
5200.770 664.194
5201.949 510.433
5203.127 349.398
5204.306 322.117
5205.485 258.870
5206.664 272.903
5207.843 306.144
5209.022 320.914
5210.200 315.885
5211.379 294.626
5212.558 298.190
5213.737 300.999
5214.916 305.705
5216.094 304.683
5217.273 330.782
5218.452 313.454
5219.631 319.525
5220.810 290.959
5221.989 302.247
5223.167 354.753
5224.346 339.242
5225.525 288.431
5226.704 294.790
5227.883 306.193
5229.061 276.965
5230.240 302.418
5231.419 319.064
5232.598 328.211
5233.777 319.830
5234.956 298.361
5236.134 292.842
5237.313 308.026
5238.492 333.957
5239.671 334.138
5240.850 326.401
5242.028 307.264
5243.207 288.499
5244.386 301.168
5245.565 304.893
5246.744 283.432
5247.923 286.898
5249.101 294.558
5250.280 305.395
5251.459 311.739
5252.638 285.527
5253.817 314.267
5254.995 342.217
5256.174 306.729
5257.353 321.553
5258.532 304.747
5259.711 272.121
5260.890 285.541
5262.068 300.564
5263.247 266.834
5264.426 257.409
5265.605 263.384
5266.784 274.244
5267.962 302.048
5269.141 261.890
5270.320 270.236
5271.499 268.929
5272.678 273.432
5273.857 283.985
5275.035 304.220
5276.214 334.750
5277.393 318.801
5278.572 283.440
5279.751 270.174
5280.929 281.369
5282.108 292.722
5283.287 267.945
5284.466 244.917
5285.645 298.982
5286.824 305.054
5288.002 267.287
5289.181 285.889
5290.360 286.270
5291.539 299.630
5292.718 284.182
5293.896 273.413
5295.075 258.053
5296.254 268.936
5297.433 285.321
5298.612 315.163
5299.790 290.321
5300.969 268.177
5302.148 296.643
5303.327 296.695
5304.506 290.093
5305.685 289.001
5306.863 291.285
5308.042 291.128
5309.221 305.015
5310.400 317.966
5311.579 297.058
5312.757 305.132
5313.936 314.895
5315.115 293.555
5316.294 288.776
5317.473 299.247
5318.652 292.737
5319.830 317.410
5321.009 296.090
5322.188 277.214
5323.367 275.385
5324.546 286.792
5325.724 280.625
5326.903 261.675
5328.082 311.660
5329.261 402.088
5330.440 450.428
5331.619 404.208
5332.797 329.181
5333.976 282.245
5335.155 269.494
5336.334 298.377
5337.513 280.023
5338.691 285.993
5339.870 282.374
5341.049 302.140
5342.228 282.292
5343.407 276.718
5344.586 293.530
5345.764 284.932
5346.943 271.859
5348.122 268.636
5349.301 278.932
5350.480 278.900
5351.658 261.127
5352.837 268.525
5354.016 269.588
5355.195 267.801
5356.374 263.379
5357.553 272.606
5358.731 222.173
5359.910 265.549
5361.089 273.202
5362.268 256.446
5363.447 279.901
5364.625 284.793
5365.804 259.062
5366.983 259.256
5368.162 268.231
5369.341 290.318
5370.520 291.190
5371.698 269.136
5372.877 269.419
5374.056 280.056
5375.235 279.019
5376.414 275.700
5377.592 273.499
5378.771 270.135
5379.950 279.634
5381.129 277.326
5382.308 260.118
5383.487 280.982
5384.665 276.373
5385.844 249.090
5387.023 259.389
5388.202 279.084
5389.381 251.742
5390.559 268.016
5391.738 271.585
5392.917 278.164
5394.096 283.219
5395.275 268.194
5396.454 277.077
5397.632 267.923
5398.811 234.609
5399.990 260.104
5401.169 274.174
5402.348 247.675
5403.526 254.613
5404.705 287.760
5405.884 260.673
5407.063 279.092
5408.242 284.934
5409.421 315.101
5410.599 338.130
5411.778 310.250
5412.957 309.444
5414.136 305.163
5415.315 315.304
5416.493 304.590
5417.672 297.509
5418.851 300.488
5420.030 301.271
5421.209 315.370
5422.388 308.613
5423.566 282.411
5424.745 259.330
5425.924 266.655
5427.103 263.112
5428.282 247.036
5429.460 247.114
5430.639 285.025
5431.818 272.103
5432.997 279.695
5434.176 271.004
5435.355 279.384
5436.533 292.860
5437.712 286.799
5438.891 268.823
5440.070 268.921
5441.249 270.501
5442.427 248.009
5443.606 240.216
5444.785 255.649
5445.964 259.778
5447.143 252.546
5448.322 255.415
5449.500 243.414
5450.679 263.926
5451.858 230.342
5453.037 228.207
5454.216 246.829
5455.394 254.163
5456.573 240.084
5457.752 280.619
5458.931 256.783
5460.110 248.439
5461.288 270.535
5462.467 258.074
5463.646 252.954
5464.825 253.683
5466.004 236.039
5467.183 239.953
5468.361 258.831
5469.540 241.979
5470.719 249.331
5471.898 246.480
5473.077 260.432
5474.255 257.293
5475.434 269.207
5476.613 251.919
5477.792 253.857
5478.971 263.888
5480.150 248.479
5481.328 259.304
5482.507 256.851
5483.686 247.622
5484.865 251.300
5486.044 260.580
5487.222 252.984
5488.401 232.729
5489.580 239.087
5490.759 236.562
5491.938 253.625
5493.117 252.877
5494.295 242.781
5495.474 243.614
5496.653 251.383
5497.832 239.628
5499.011 272.018
5500.189 268.365
5501.368 252.592
5502.547 241.233
5503.726 269.764
5504.905 286.035
5506.084 260.845
5507.262 240.927
5508.441 243.041
5509.620 243.812
5510.799 241.674
5511.978 244.597
5513.156 261.883
5514.335 259.541
5515.514 244.188
5516.693 247.731
5517.872 239.731
5519.051 265.320
5520.229 269.571
5521.408 282.181
5522.587 279.180
5523.766 256.674
5524.945 238.304
5526.123 255.685
5527.302 269.757
5528.481 250.510
5529.660 235.808
5530.839 224.878
5532.018 227.227
5533.196 271.220
5534.375 268.260
5535.554 246.460
5536.733 238.158
5537.912 219.933
5539.090 233.737
5540.269 245.599
5541.448 274.226
5542.627 279.313
5543.806 290.215
5544.985 300.281
5546.163 273.669
5547.342 244.763
5548.521 249.497
5549.700 246.578
5550.879 256.395
5552.057 266.163
5553.236 244.909
5554.415 245.581
5555.594 218.171
5556.773 240.816
5557.952 241.762
5559.130 254.140
5560.309 234.377
5561.488 239.295
5562.667 262.772
5563.846 281.657
5565.024 300.601
5566.203 265.477
5567.382 232.527
5568.561 256.983
5569.740 265.013
5570.919 266.352
5572.097 226.379
5573.276 288.436
5574.455 106.715
5575.634 2154.984
5576.813 9116.235
5577.991 11050.506
5579.170 6248.106
5580.349 807.645
5581.528 234.800
5582.707 283.578
5583.886 245.466
5585.064 234.550
5586.243 213.111
5587.422 241.104
5588.601 280.718
5589.780 289.443
5590.958 268.923
5592.137 247.015
5593.316 228.508
5594.495 225.818
5595.674 237.481
5596.853 238.555
5598.031 274.680
5599.210 234.483
5600.389 214.832
5601.568 220.585
5602.747 228.857
5603.925 248.830
5605.104 290.550
5606.283 280.468
5607.462 260.300
5608.641 238.527
5609.820 212.410
5610.998 225.794
5612.177 245.832
5613.356 245.162
5614.535 245.851
5615.714 234.562
5616.892 240.128
5618.071 251.563
5619.250 214.905
5620.429 214.246
5621.608 234.379
5622.786 262.927
5623.965 263.182
5625.144 270.313
5626.323 258.703
5627.502 233.147
5628.681 246.820
5629.859 236.872
5631.038 238.906
5632.217 246.019
5633.396 218.348
5634.575 229.762
5635.753 250.239
5636.932 242.240
5638.111 235.411
5639.290 243.855
5640.469 247.585
5641.648 220.183
5642.826 217.794
5644.005 228.519
5645.184 254.404
5646.363 261.557
5647.542 240.594
5648.720 218.301
5649.899 246.084
5651.078 251.729
5652.257 229.076
5653.436 231.736
5654.615 232.448
5655.793 241.161
5656.972 233.625
5658.151 228.854
5659.330 242.211
5660.509 217.034
5661.687 245.235
5662.866 243.298
5664.045 230.719
5665.224 229.202
5666.403 229.633
5667.582 236.101
5668.760 231.399
5669.939 248.184
5671.118 234.601
5672.297 240.410
5673.476 259.474
5674.654 221.740
5675.833 225.009
5677.012 234.724
5678.191 239.921
5679.370 249.021
5680.549 229.317
5681.727 244.229
5682.906 212.474
5684.085 251.994
5685.264 243.784
5686.443 257.352
5687.621 253.706
5688.800 250.105
5689.979 242.598
5691.158 243.797
5692.337 245.381
5693.516 229.808
5694.694 241.957
5695.873 250.056
5697.052 242.779
5698.231 250.056
5699.410 238.964
5700.588 229.372
5701.767 225.006
5702.946 237.111
5704.125 243.313
5705.304 220.302
5706.483 229.309
5707.661 238.820
5708.840 239.105
5710.019 242.528
5711.198 244.702
5712.377 235.944
5713.555 231.611
5714.734 243.532
5715.913 238.323
5717.092 250.392
5718.271 269.152
5719.450 221.995
5720.628 213.416
5721.807 249.955
5722.986 252.280
5724.165 212.070
5725.344 250.672
5726.522 248.616
5727.701 234.747
5728.880 232.007
5730.059 227.158
5731.238 229.650
5732.417 250.732
5733.595 260.141
5734.774 226.445
5735.953 219.444
5737.132 240.468
5738.311 204.496
5739.489 222.404
5740.668 245.517
5741.847 227.673
5743.026 256.365
5744.205 238.834
5745.384 234.471
5746.562 240.720
5747.741 221.586
5748.920 231.564
5750.099 219.302
5751.278 223.982
5752.456 236.854
5753.635 204.009
5754.814 224.272
5755.993 222.168
5757.172 251.027
5758.351 236.739
5759.529 240.773
5760.708 222.008
5761.887 208.762
5763.066 235.995
5764.245 235.885
5765.423 232.821
5766.602 214.536
5767.781 228.821
5768.960 235.917
5770.139 214.636
5771.318 215.714
5772.496 213.074
5773.675 220.059
5774.854 234.308
5776.033 214.453
5777.212 223.587
5778.390 228.496
5779.569 209.268
5780.748 239.777
5781.927 227.835
5783.106 223.987
5784.284 234.848
5785.463 219.328
5786.642 228.235
5787.821 234.044
5789.000 223.563
5790.179 221.047
5791.357 211.136
5792.536 219.257
5793.715 241.708
5794.894 238.958
5796.073 241.630
5797.251 231.969
5798.430 224.700
5799.609 231.860
5800.788 233.661
5801.967 241.709
5803.146 245.820
5804.324 249.248
5805.503 237.225
5806.682 242.213
5807.861 258.791
5809.040 253.134
5810.218 241.714
5811.397 236.590
5812.576 226.684
5813.755 217.544
5814.934 249.730
5816.113 253.554
5817.291 240.639
5818.470 239.866
5819.649 221.797
5820.828 235.467
5822.007 227.736
5823.185 256.698
5824.364 250.100
5825.543 209.356
5826.722 211.065
5827.901 232.768
5829.080 234.747
5830.258 233.351
5831.437 228.931
5832.616 203.572
5833.795 208.326
5834.974 213.653
5836.152 220.873
5837.331 242.063
5838.510 227.342
5839.689 233.032
5840.868 225.747
5842.047 228.610
5843.225 226.446
5844.404 217.261
5845.583 221.267
5846.762 221.388
5847.941 220.333
5849.119 222.554
5850.298 215.602
5851.477 217.901
5852.656 217.818
5853.835 239.053
5855.014 216.323
5856.192 227.657
5857.371 215.937
5858.550 196.702
5859.729 210.923
5860.908 215.949
5862.086 218.450
5863.265 230.857
5864.444 261.433
5865.623 312.539
5866.802 346.930
5867.981 346.809
5869.159 311.806
5870.338 246.889
5871.517 235.007
5872.696 262.404
5873.875 262.103
5875.053 252.208
5876.232 253.700
5877.411 577.065
5878.590 1108.538
5879.769 1212.400
5880.948 740.248
5882.126 344.852
5883.305 237.501
5884.484 246.078
5885.663 280.674
5886.842 306.375
5888.020 619.138
5889.199 1224.474
5890.378 1379.124
5891.557 924.440
5892.736 409.494
5893.915 395.599
5895.093 785.208
5896.272 907.584
5897.451 624.471
5898.630 358.549
5899.809 243.664
5900.987 221.460
5902.166 248.519
5903.345 240.156
5904.524 231.164
5905.703 268.334
5906.882 268.538
5908.060 250.730
5909.239 241.993
5910.418 226.009
5911.597 231.523
5912.776 236.174
5913.954 277.854
5915.133 369.290
5916.312 359.275
5917.491 254.752
5918.670 209.720
5919.849 238.780
5921.027 239.854
5922.206 226.575
5923.385 251.660
5924.564 267.609
5925.743 255.097
5926.921 235.522
5928.100 227.467
5929.279 225.605
5930.458 223.895
5931.637 310.362
5932.815 362.354
5933.994 366.112
5935.173 275.021
5936.352 243.347
5937.531 213.038
5938.710 198.286
5939.888 231.565
5941.067 217.577
5942.246 231.560
5943.425 214.033
5944.604 225.874
5945.782 244.321
5946.961 255.551
5948.140 226.392
5949.319 188.053
5950.498 206.895
5951.677 265.286
5952.855 308.812
5954.034 317.945
5955.213 285.464
5956.392 233.159
5957.571 223.345
5958.749 246.817
5959.928 226.897
5961.107 229.924
5962.286 228.637
5963.465 215.023
5964.644 214.804
5965.822 212.553
5967.001 216.015
5968.180 217.698
5969.359 249.938
5970.538 260.283
5971.716 237.507
5972.895 237.537
5974.074 237.569
