5329.969 1623.646
5331.022 1420.255
5332.075 1074.802
5333.128 1013.430
5334.181 1003.865
5335.234 1012.037
5336.287 888.551
5337.340 864.384
5338.393 752.551
5339.446 787.850
5340.499 847.734
5341.552 795.011
5342.605 1118.336
5343.658 915.596
5344.711 907.264
5345.764 1006.336
5346.817 933.374
5347.870 827.987
5348.923 899.499
5349.976 1013.960
5351.029 907.648
5352.082 845.158
5353.135 808.157
5354.188 1000.345
5355.241 964.650
5356.294 780.306
5357.347 881.835
5358.400 923.796
5359.453 877.836
5360.506 820.788
5361.559 898.137
5362.612 954.264
5363.665 889.193
5364.718 908.357
5365.771 873.878
5366.824 887.328
5367.877 822.584
5368.930 827.362
5369.983 757.676
5371.036 792.032
5372.089 914.261
5373.142 844.504
5374.195 957.101
5375.248 771.206
5376.301 850.210
5377.354 894.141
5378.407 743.306
5379.460 883.138
5380.513 895.715
5381.566 832.244
5382.619 873.737
5383.672 875.022
5384.725 982.916
5385.778 874.853
5386.831 945.286
5387.884 800.620
5388.937 891.253
5389.990 874.010
5391.043 690.946
5392.097 800.908
5393.150 754.178
5394.203 924.664
5395.256 834.083
5396.309 834.801
5397.362 790.498
5398.415 724.993
5399.468 861.426
5400.521 901.601
5401.574 770.249
5402.627 863.559
5403.680 736.962
5404.733 735.050
5405.786 793.741
5406.839 844.043
5407.892 861.542
5408.945 900.286
5409.998 719.131
5411.051 993.402
5412.104 925.265
5413.157 866.827
5414.210 787.607
5415.263 935.792
5416.316 889.346
5417.369 859.923
5418.422 961.688
5419.475 874.270
5420.528 772.595
5421.581 818.913
5422.634 917.731
5423.687 678.724
5424.740 792.839
5425.793 882.472
5426.846 871.440
5427.899 849.666
5428.952 672.763
5430.005 952.982
5431.058 900.503
5432.111 779.259
5433.164 771.463
5434.217 863.043
5435.270 901.453
5436.323 923.500
5437.376 1118.793
5438.429 865.694
5439.482 783.437
5440.535 816.721
5441.588 817.071
5442.641 861.488
5443.694 845.206
5444.747 730.354
5445.800 729.528
5446.853 780.706
5447.906 792.534
5448.959 825.379
5450.012 844.219
5451.065 941.542
5452.118 819.179
5453.171 931.296
5454.224 825.174
5455.277 794.287
5456.330 734.821
5457.383 735.643
5458.436 805.076
5459.489 736.113
5460.542 747.260
5461.595 818.659
5462.648 878.419
5463.701 764.841
5464.754 698.645
5465.807 794.401
5466.860 823.800
5467.913 718.259
5468.966 757.121
5470.019 692.184
5471.072 694.983
5472.125 792.003
5473.178 762.363
5474.231 774.209
5475.285 735.491
5476.338 643.411
5477.391 673.834
5478.444 843.320
5479.497 878.301
5480.550 773.424
5481.603 821.176
5482.656 743.740
5483.709 827.415
5484.762 816.921
5485.815 740.236
5486.868 820.615
5487.921 818.548
5488.974 859.379
5490.027 839.103
5491.080 872.051
5492.133 637.075
5493.186 824.491
5494.239 717.145
5495.292 803.853
5496.345 731.639
5497.398 801.649
5498.451 778.150
5499.504 816.044
5500.557 780.415
5501.610 832.079
5502.663 738.256
5503.716 874.723
5504.769 854.396
5505.822 785.143
5506.875 756.450
5507.928 809.738
5508.981 745.209
5510.034 848.849
5511.087 803.653
5512.140 810.880
5513.193 1002.631
5514.246 805.960
5515.299 742.037
5516.352 822.623
5517.405 838.902
5518.458 654.982
5519.511 815.976
5520.564 930.091
5521.617 938.892
5522.670 913.512
5523.723 815.291
5524.776 797.948
5525.829 816.560
5526.882 846.143
5527.935 662.312
5528.988 733.828
5530.041 811.897
5531.094 895.328
5532.147 800.804
5533.200 875.986
5534.253 711.025
5535.306 771.007
5536.359 765.435
5537.412 809.680
5538.465 757.928
5539.518 721.560
5540.571 870.059
5541.624 862.621
5542.677 882.210
5543.730 922.729
5544.783 985.698
5545.836 893.518
5546.889 818.862
5547.942 691.541
5548.995 847.711
5550.048 942.710
5551.101 842.566
5552.154 888.447
5553.207 837.572
5554.260 852.952
5555.313 783.415
5556.366 749.792
5557.419 780.765
5558.473 786.394
5559.526 794.583
5560.579 760.257
5561.632 881.033
5562.685 915.557
5563.738 1135.854
5564.791 1005.912
5565.844 848.217
5566.897 735.908
5567.950 784.221
5569.003 812.912
5570.056 832.620
5571.109 808.135
5572.162 769.899
5573.215 631.090
5574.268 1360.785
5575.321 2087.992
5576.374 28890.914
5577.427 52642.365
5578.480 41396.376
5579.533 5839.878
5580.586 958.212
5581.639 836.041
5582.692 781.246
5583.745 726.738
5584.798 802.009
5585.851 777.965
5586.904 843.689
5587.957 848.718
5589.010 977.579
5590.063 960.839
5591.116 803.487
5592.169 759.066
5593.222 814.430
5594.275 767.803
5595.328 742.201
5596.381 716.692
5597.434 997.848
5598.487 804.558
5599.540 776.623
5600.593 811.008
5601.646 692.918
5602.699 697.004
5603.752 853.435
5604.805 1148.193
5605.858 1096.200
5606.911 978.161
5607.964 746.641
5609.017 790.086
5610.070 793.793
5611.123 793.869
5612.176 776.574
5613.229 796.699
5614.282 736.065
5615.335 748.732
5616.388 721.701
5617.441 812.951
5618.494 788.668
5619.547 821.908
5620.600 634.049
5621.653 702.380
5622.706 877.520
5623.759 944.968
5624.812 945.341
5625.865 767.974
5626.918 732.735
5627.971 868.125
5629.024 703.532
5630.077 766.423
5631.130 780.998
5632.183 770.774
5633.236 814.705
5634.289 784.487
5635.342 820.183
5636.395 810.792
5637.448 724.089
5638.501 796.437
5639.554 835.827
5640.608 802.220
5641.661 720.750
5642.714 797.125
5643.767 708.844
5644.820 859.566
5645.873 929.387
5646.926 758.150
5647.979 818.096
5649.032 788.111
5650.085 719.739
5651.138 773.572
5652.191 722.788
5653.244 655.260
5654.297 665.393
5655.350 738.630
5656.403 773.872
5657.456 752.948
5658.509 678.134
5659.562 774.159
5660.615 775.560
5661.668 759.999
5662.721 729.040
5663.774 829.243
5664.827 817.319
5665.880 701.226
5666.933 747.284
5667.986 776.469
5669.039 757.059
5670.092 795.942
5671.145 788.357
5672.198 747.145
5673.251 790.895
5674.304 769.179
5675.357 804.534
5676.410 873.353
5677.463 862.865
5678.516 733.834
5679.569 762.855
5680.622 963.056
5681.675 787.116
5682.728 714.618
5683.781 795.849
5684.834 832.441
5685.887 986.178
5686.940 726.045
5687.993 860.334
5689.046 966.821
5690.099 895.400
5691.152 862.980
5692.205 860.639
5693.258 852.565
5694.311 885.132
5695.364 802.745
5696.417 855.400
5697.470 843.174
5698.523 750.271
5699.576 729.574
5700.629 810.486
5701.682 779.903
5702.735 848.083
5703.788 765.160
5704.841 845.011
5705.894 827.949
5706.947 826.920
5708.000 806.393
5709.053 670.272
5710.106 668.748
5711.159 784.179
5712.212 710.035
5713.265 789.566
5714.318 685.525
5715.371 774.592
5716.424 862.136
5717.477 744.322
5718.530 799.430
5719.583 848.244
5720.636 741.816
5721.689 776.854
5722.742 708.890
5723.796 744.203
5724.849 736.071
5725.902 813.455
5726.955 713.114
5728.008 694.349
5729.061 883.269
5730.114 728.916
5731.167 801.507
5732.220 722.004
5733.273 801.142
5734.326 803.357
5735.379 801.636
5736.432 704.145
5737.485 728.921
5738.538 750.445
5739.591 740.523
5740.644 842.175
5741.697 734.199
5742.750 613.232
5743.803 798.566
5744.856 800.319
5745.909 696.646
5746.962 785.537
5748.015 734.429
5749.068 787.930
5750.121 773.938
5751.174 742.446
5752.227 664.370
5753.280 678.642
5754.333 729.225
5755.386 735.610
5756.439 683.271
5757.492 758.088
5758.545 876.201
5759.598 757.277
5760.651 742.097
5761.704 731.050
5762.757 738.344
5763.810 630.915
5764.863 715.990
5765.916 734.185
5766.969 754.878
5768.022 833.233
5769.075 735.826
5770.128 821.780
5771.181 816.454
5772.234 738.803
5773.287 767.366
5774.340 682.427
5775.393 634.515
5776.446 765.450
5777.499 803.696
5778.552 682.959
5779.605 838.186
5780.658 651.855
5781.711 759.731
5782.764 698.376
5783.817 733.113
5784.870 683.613
5785.923 719.066
5786.976 766.979
5788.029 751.223
5789.082 724.232
5790.135 743.749
5791.188 736.276
5792.241 725.039
5793.294 734.861
5794.347 754.786
5795.400 776.114
5796.453 734.974
5797.506 753.003
5798.559 630.427
5799.612 763.911
5800.665 636.302
5801.718 771.061
5802.771 790.562
5803.824 714.016
5804.877 738.246
5805.931 667.785
5806.984 753.726
5808.037 707.234
5809.090 663.712
5810.143 720.122
5811.196 766.355
5812.249 766.355
5813.302 772.149
5814.355 799.786
5815.408 699.604
5816.461 694.457
5817.514 746.752
5818.567 764.996
5819.620 782.590
5820.673 837.270
5821.726 701.288
5822.779 774.869
5823.832 760.341
5824.885 852.461
5825.938 733.129
5826.991 710.966
5828.044 737.851
5829.097 595.600
5830.150 633.980
5831.203 664.749
5832.256 772.167
5833.309 754.918
5834.362 737.642
5835.415 661.885
5836.468 762.647
5837.521 695.346
5838.574 744.753
5839.627 737.679
5840.680 725.899
5841.733 739.284
5842.786 679.372
5843.839 697.593
5844.892 758.940
5845.945 679.600
5846.998 744.520
5848.051 746.750
5849.104 700.782
5850.157 761.353
5851.210 759.759
5852.263 606.208
5853.316 742.139
5854.369 660.698
5855.422 642.260
5856.475 790.310
5857.528 644.427
5858.581 692.262
5859.634 711.114
5860.687 761.435
5861.740 655.452
5862.793 742.517
5863.846 817.618
5864.899 953.410
5865.952 1314.133
5867.005 1403.900
5868.058 1186.294
5869.111 1079.561
5870.164 795.604
5871.217 783.314
5872.270 803.449
5873.323 756.573
5874.376 876.469
5875.429 848.702
5876.482 726.771
5877.535 1649.124
5878.588 3910.303
5879.641 4809.724
5880.694 2523.512
5881.747 768.166
5882.800 798.551
5883.853 808.953
5884.906 835.757
5885.959 745.365
5887.012 1193.933
5888.065 1895.461
5889.119 5056.998
5890.172 6550.523
5891.225 4623.212
5892.278 1236.383
5893.331 890.838
5894.384 1590.684
5895.437 3891.639
5896.490 4076.602
5897.543 2362.971
5898.596 790.260
5899.649 735.001
5900.702 698.180
5901.755 712.085
5902.808 670.976
5903.861 800.293
5904.914 801.909
5905.967 934.866
5907.020 999.308
5908.073 904.809
5909.126 761.054
5910.179 717.708
5911.232 685.176
5912.285 784.728
5913.338 787.554
5914.391 1085.090
5915.444 1524.366
5916.497 1223.518
5917.550 821.349
5918.603 737.311
5919.656 744.894
5920.709 723.467
5921.762 699.309
5922.815 851.487
5923.868 936.397
5924.921 987.583
5925.974 905.325
5927.027 743.771
5928.080 674.295
5929.133 755.633
5930.186 776.563
5931.239 838.174
5932.292 1419.227
5933.345 1617.570
5934.398 1148.825
5935.451 800.936
5936.504 678.994
5937.557 736.177
5938.610 702.210
5939.663 727.051
5940.716 717.990
5941.769 666.740
5942.822 773.257
5943.875 833.168
5944.928 839.746
5945.981 937.168
5947.034 847.825
5948.087 659.868
5949.140 622.161
5950.193 696.666
5951.246 674.275
5952.299 1004.768
5953.352 1384.929
5954.405 1252.210
5955.458 816.023
5956.511 720.465
5957.564 839.918
5958.617 822.705
5959.670 749.462
5960.723 678.350
5961.776 729.756
5962.829 720.149
5963.882 737.464
5964.935 657.869
5965.988 721.198
5967.041 681.938
5968.094 644.113
5969.147 777.761
5970.200 928.713
5971.254 859.087
5972.307 735.359
5973.360 634.627
5974.413 676.950
5975.466 745.471
5976.519 1006.099
5977.572 1071.913
5978.625 905.786
5979.678 709.687
5980.731 683.963
5981.784 711.579
5982.837 703.349
5983.890 708.274
5984.943 671.113
5985.996 594.626
5987.049 621.008
5988.102 645.957
5989.155 661.551
5990.208 658.602
5991.261 653.998
5992.314 729.154
5993.367 709.113
5994.420 643.718
5995.473 640.330
5996.526 718.164
5997.579 777.610
5998.632 716.744
5999.685 605.286
6000.738 673.655
6001.791 638.767
6002.844 735.285
6003.897 811.857
6004.950 790.523
6006.003 627.056
6007.056 573.979
6008.109 621.483
6009.162 566.446
6010.215 612.463
6011.268 671.586
6012.321 665.005
6013.374 619.058
6014.427 631.044
6015.480 637.916
6016.533 603.908
6017.586 609.548
6018.639 612.844
6019.692 548.701
6020.745 560.521
6021.798 613.353
6022.851 596.170
6023.904 562.408
6024.957 665.566
6026.010 691.726
6027.063 651.452
6028.116 610.654
6029.169 649.302
6030.222 581.294
6031.275 586.635
6032.328 581.911
6033.381 755.870
6034.434 665.551
6035.487 655.623
6036.540 595.722
6037.593 532.021
6038.646 574.294
6039.699 478.801
6040.752 614.052
6041.805 563.178
6042.858 524.074
6043.911 617.532
6044.964 624.436
6046.017 619.209
6047.070 661.877
6048.123 573.202
6049.176 563.370
6050.229 530.743
6051.282 577.239
6052.335 629.688
6053.388 584.827
6054.442 526.756
6055.495 543.344
6056.548 597.462
6057.601 539.667
6058.654 526.575
6059.707 515.697
6060.760 559.125
6061.813 546.750
6062.866 629.293
6063.919 617.054
6064.972 607.524
6066.025 542.024
6067.078 561.546
6068.131 559.360
6069.184 558.913
6070.237 535.905
6071.290 566.202
6072.343 572.660
6073.396 653.917
6074.449 567.525
6075.502 557.927
6076.555 565.477
6077.608 538.301
6078.661 502.245
6079.714 534.308
6080.767 589.919
6081.820 574.326
6082.873 555.274
6083.926 516.581
6084.979 524.583
6086.032 475.857
6087.085 587.052
6088.138 520.444
6089.191 541.981
6090.244 570.205
6091.297 561.763
6092.350 529.053
6093.403 540.284
6094.456 565.813
6095.509 543.681
6096.562 558.141
6097.615 599.452
6098.668 566.185
6099.721 572.367
6100.774 598.646
6101.827 554.631
6102.880 539.260
6103.933 584.741
6104.986 647.507
6106.039 537.328
6107.092 510.480
6108.145 546.365
6109.198 523.632
6110.251 599.948
6111.304 530.218
6112.357 512.703
6113.410 495.439
6114.463 496.446
6115.516 596.901
6116.569 523.195
6117.622 485.933
6118.675 502.455
6119.728 509.971
6120.781 576.854
6121.834 488.581
6122.887 515.959
6123.940 527.872
6124.993 544.071
6126.046 498.170
6127.099 443.522
6128.152 491.427
6129.205 485.685
6130.258 492.140
6131.311 494.338
6132.364 480.808
6133.417 498.707
6134.470 491.514
6135.523 567.910
6136.577 581.934
6137.630 568.119
6138.683 594.513
6139.736 629.426
6140.789 611.181
6141.842 534.550
6142.895 589.756
6143.948 697.652
6145.001 734.098
6146.054 628.350
6147.107 512.832
6148.160 455.550
6149.213 514.982
6150.266 518.415
6151.319 521.378
6152.372 502.187
6153.425 533.971
6154.478 561.074
6155.531 868.479
6156.584 1131.219
6157.637 1281.181
6158.690 1095.411
6159.743 786.364
6160.796 527.289
6161.849 562.294
6162.902 461.856
6163.955 527.619
6165.008 490.888
6166.061 502.171
6167.114 529.703
6168.167 481.080
6169.220 607.776
6170.273 820.277
6171.326 851.973
6172.379 647.607
6173.432 574.226
6174.485 532.093
6175.538 648.098
6176.591 541.299
6177.644 571.035
6178.697 549.186
6179.750 597.590
6180.803 545.291
6181.856 530.516
6182.909 558.929
6183.962 597.617
6185.015 471.336
6186.068 522.966
6187.121 461.904
6188.174 508.633
6189.227 548.382
6190.280 531.268
6191.333 507.931
6192.386 499.539
6193.439 530.169
6194.492 496.374
6195.545 524.568
6196.598 504.592
6197.651 469.480
6198.704 478.414
6199.757 431.034
6200.810 474.982
6201.863 795.004
6202.916 714.925
6203.969 744.262
6205.022 551.438
6206.075 476.336
6207.128 498.022
6208.181 370.574
6209.234 476.331
6210.287 449.729
6211.340 446.590
6212.393 520.532
6213.446 599.892
6214.499 538.017
6215.552 519.298
6216.605 456.443
6217.658 457.362
6218.711 485.128
6219.765 585.249
6220.818 651.848
6221.871 790.122
6222.924 702.259
6223.977 481.811
6225.030 494.048
6226.083 484.412
6227.136 467.676
6228.189 482.470
6229.242 489.667
6230.295 532.181
6231.348 571.499
6232.401 498.837
6233.454 728.177
6234.507 1154.066
6235.560 1552.894
6236.613 1464.970
6237.666 1041.022
6238.719 627.121
6239.772 606.600
6240.825 762.105
6241.878 731.720
6242.931 762.319
6243.984 721.459
6245.037 580.908
6246.090 535.020
6247.143 608.825
6248.196 585.288
6249.249 457.300
6250.302 455.580
6251.355 454.740
6252.408 457.472
6253.461 407.797
6254.514 524.269
6255.567 577.275
6256.620 968.429
6257.673 1591.423
6258.726 1660.141
6259.779 866.314
6260.832 480.391
6261.885 556.602
6262.938 533.736
6263.991 712.759
6265.044 845.189
6266.097 800.499
6267.150 660.088
6268.203 623.836
6269.256 603.188
6270.309 512.319
6271.362 511.220
6272.415 486.221
6273.468 516.309
6274.521 613.231
6275.574 647.195
6276.627 610.928
6277.680 575.319
6278.733 587.984
6279.786 545.939
6280.839 469.506
6281.892 497.070
6282.945 500.169
6283.998 501.341
6285.051 504.921
6286.104 826.304
6287.157 1465.209
6288.210 1436.739
6289.263 848.254
6290.316 555.059
6291.369 463.431
6292.422 449.814
6293.475 505.969
6294.528 588.055
6295.581 479.192
6296.634 1062.420
6297.687 472.130
6298.740 12524.989
6299.793 42422.051
6300.846 53906.919
6301.899 26215.072
6302.953 1013.804
6304.006 1207.457
6305.059 834.601
6306.112 1314.352
6307.165 1725.050
6308.218 1305.394
6309.271 547.370
6310.324 458.747
6311.377 515.599
6312.430 524.523
6313.483 516.392
6314.536 694.508
6315.589 949.139
6316.642 841.105
6317.695 642.577
6318.748 510.169
6319.801 560.627
6320.854 788.567
6321.907 852.490
6322.960 633.226
6324.013 418.595
6325.066 550.554
6326.119 532.092
6327.172 508.910
6328.225 719.200
6329.278 1297.614
6330.331 1420.923
6331.384 971.738
6332.437 544.303
6333.490 509.746
6334.543 476.226
6335.596 485.896
6336.649 544.295
6337.702 542.000
6338.755 516.878
6339.808 518.642
6340.861 490.312
6341.914 479.904
6342.967 452.025
6344.020 482.824
6345.073 444.682
6346.126 462.698
6347.179 577.682
6348.232 737.974
6349.285 691.758
6350.338 596.426
6351.391 538.162
6352.444 484.067
6353.497 423.119
6354.550 590.997
6355.603 876.505
6356.656 1065.116
6357.709 794.089
6358.762 488.961
6359.815 514.631
6360.868 726.794
6361.921 1377.470
6362.974 12508.236
6364.027 17989.976
6365.080 11719.491
6366.133 2342.170
6367.186 277.120
6368.239 610.292
6369.292 449.385
6370.345 436.244
6371.398 475.430
6372.451 511.693
6373.504 487.711
6374.557 445.506
6375.610 477.310
6376.663 451.727
6377.716 506.481
6378.769 598.588
6379.822 636.462
6380.875 506.055
6381.928 459.004
6382.981 442.402
6384.034 443.168
6385.088 590.879
6386.141 749.822
6387.194 741.164
6388.247 570.889
6389.300 380.695
6390.353 423.035
6391.406 472.012
6392.459 454.469
6393.512 487.773
6394.565 448.183
6395.618 430.687
6396.671 426.030
6397.724 418.992
6398.777 380.393
6399.830 381.094
6400.883 429.460
6401.936 493.388
6402.989 484.330
6404.042 378.074
6405.095 348.319
6406.148 381.440
6407.201 446.910
6408.254 461.879
6409.307 433.625
6410.360 396.070
6411.413 413.471
6412.466 462.692
6413.519 566.375
6414.572 504.849
6415.625 410.800
6416.678 480.738
6417.731 369.228
6418.784 451.289
6419.837 528.389
6420.890 572.469
6421.943 462.894
6422.996 344.722
6424.049 467.112
6425.102 450.899
6426.155 432.549
6427.208 404.585
6428.261 425.426
6429.314 367.085
6430.367 424.053
6431.420 349.389
6432.473 399.076
6433.526 400.966
6434.579 369.529
6435.632 417.146
6436.685 391.964
6437.738 390.790
6438.791 399.628
6439.844 405.959
6440.897 418.258
6441.950 402.769
6443.003 403.357
6444.056 431.490
6445.109 458.403
6446.162 432.244
6447.215 359.630
6448.268 383.842
6449.321 435.910
6450.374 415.569
6451.427 404.214
6452.480 462.672
6453.533 494.016
6454.586 554.845
6455.639 657.315
6456.692 559.616
6457.745 532.695
6458.798 499.051
6459.851 417.830
6460.904 383.601
6461.957 506.401
6463.010 609.400
6464.063 712.999
6465.116 897.959
6466.169 878.041
6467.222 680.238
6468.276 468.853
6469.329 568.947
6470.382 930.095
6471.435 929.067
6472.488 675.518
6473.541 449.153
6474.594 368.884
6475.647 435.827
6476.700 448.827
6477.753 560.621
6478.806 515.138
6479.859 472.019
6480.912 483.164
6481.965 498.884
6483.018 392.403
6484.071 409.544
6485.124 428.289
6486.177 398.596
6487.230 330.202
6488.283 371.403
6489.336 370.050
6490.389 353.382
6491.442 429.155
6492.495 421.978
6493.548 372.737
6494.601 362.556
6495.654 378.532
6496.707 456.019
6497.760 1068.170
6498.813 1660.948
6499.866 1265.681
6500.919 562.048
6501.972 415.077
6503.025 484.256
6504.078 579.024
6505.131 723.531
6506.184 617.158
6507.237 427.812
6508.290 461.805
6509.343 411.220
6510.396 343.868
6511.449 381.524
6512.502 401.544
6513.555 472.687
6514.608 493.028
6515.661 463.963
6516.714 378.863
6517.767 350.205
6518.820 341.370
6519.873 380.863
6520.926 439.003
6521.979 704.287
6523.032 665.947
6524.085 446.180
6525.138 385.175
6526.191 416.123
6527.244 416.227
6528.297 360.333
6529.350 415.611
6530.403 393.267
6531.456 592.810
6532.509 1077.050
6533.562 1334.575
6534.615 826.014
6535.668 334.001
6536.721 370.177
6537.774 390.601
6538.827 403.739
6539.880 426.620
6540.933 441.146
6541.986 446.683
6543.039 567.840
6544.092 790.975
6545.145 694.602
6546.198 433.637
6547.251 452.184
6548.304 384.379
6549.357 415.178
6550.411 440.153
6551.464 690.073
6552.517 1095.148
6553.570 1577.951
6554.623 1430.791
6555.676 588.936
6556.729 443.724
6557.782 460.692
6558.835 410.844
6559.888 467.203
6560.941 519.386
6561.994 629.830
6563.047 1223.048
6564.100 1084.551
6565.153 21309.917
6566.206 64726.324
6567.259 72585.367
6568.312 29114.422
6569.365 2573.158
6570.418 1100.537
6571.471 636.209
6572.524 471.111
6573.577 434.274
6574.630 426.763
6575.683 606.806
6576.736 1020.927
6577.789 1265.578
6578.842 860.328
6579.895 321.907
6580.948 343.179
6582.001 414.943
6583.054 469.347
6584.107 430.324
6585.160 454.809
6586.213 722.597
6587.266 1060.631
6588.319 785.767
6589.372 521.843
6590.425 391.091
6591.478 401.345
6592.531 361.609
6593.584 401.929
6594.637 397.443
6595.690 539.405
6596.743 565.947
6597.796 459.992
6598.849 383.470
6599.902 353.893
6600.955 399.920
6602.008 371.763
6603.061 588.169
6604.114 786.995
6605.167 698.160
6606.220 470.337
6607.273 404.101
6608.326 356.845
6609.379 348.591
6610.432 395.728
6611.485 373.697
6612.538 361.774
6613.591 332.259
6614.644 375.010
6615.697 358.522
6616.750 374.851
6617.803 382.895
6618.856 340.050
6619.909 417.624
6620.962 339.241
6622.015 335.110
6623.068 369.953
6624.121 344.877
6625.174 384.914
6626.227 374.546
6627.280 411.784
6628.333 349.870
6629.386 373.792
6630.439 341.981
6631.492 303.207
6632.545 408.724
6633.599 505.949
6634.652 489.645
6635.705 455.440
6636.758 343.959
6637.811 321.047
6638.864 334.593
6639.917 351.705
6640.970 367.717
6642.023 359.906
6643.076 325.280
6644.129 330.084
6645.182 396.305
6646.235 402.666
6647.288 352.938
6648.341 381.556
6649.394 408.517
6650.447 392.307
6651.500 368.033
6652.553 373.046
6653.606 367.347
6654.659 345.099
6655.712 313.195
6656.765 338.087
6657.818 327.662
6658.871 337.563
6659.924 377.365
6660.977 394.939
6662.030 360.994
6663.083 293.273
6664.136 375.253
6665.189 326.343
6666.242 346.965
6667.295 436.555
6668.348 392.620
6669.401 322.602
6670.454 328.437
6671.507 346.526
6672.560 356.690
6673.613 338.251
6674.666 339.639
6675.719 354.502
6676.772 303.476
6677.825 309.391
6678.878 325.963
6679.931 346.015
6680.984 682.551
6682.037 1137.662
6683.090 924.529
6684.143 405.271
6685.196 358.781
6686.249 364.961
6687.302 361.892
6688.355 318.792
6689.408 399.967
6690.461 311.779
6691.514 323.721
6692.567 308.976
6693.620 363.546
6694.673 359.412
6695.726 347.834
6696.779 384.156
6697.832 320.197
6698.885 328.261
6699.938 371.676
6700.991 324.832
6702.044 299.710
6703.097 319.074
6704.150 370.963
6705.203 341.605
6706.256 308.106
6707.309 347.920
6708.362 330.144
6709.415 317.816
6710.468 282.359
6711.521 323.770
6712.574 357.628
6713.627 353.094
6714.680 342.990
6715.734 313.934
6716.787 403.141
6717.840 455.897
6718.893 793.979
6719.946 1745.159
6720.999 1805.447
6722.052 918.829
6723.105 433.487
6724.158 422.308
6725.211 369.921
6726.264 362.603
6727.317 322.865
6728.370 346.886
6729.423 341.050
6730.476 319.545
6731.529 353.190
6732.582 443.451
6733.635 944.152
6734.688 1472.807
6735.741 1188.208
6736.794 604.204
6737.847 406.816
6738.900 405.433
6739.953 383.801
6741.006 372.804
6742.059 365.043
6743.112 341.693
6744.165 362.940
6745.218 344.852
6746.271 398.270
6747.324 279.017
6748.377 329.678
6749.430 272.293
6750.483 338.192
6751.536 333.239
6752.589 346.315
6753.642 350.580
6754.695 383.627
6755.748 323.969
6756.801 320.418
6757.854 325.713
6758.907 307.270
6759.960 362.740
6761.013 332.390
6762.066 337.096
6763.119 313.164
6764.172 294.704
6765.225 340.201
6766.278 262.950
6767.331 332.250
6768.384 334.415
6769.437 327.278
6770.490 319.976
6771.543 344.158
6772.596 292.852
6773.649 302.173
6774.702 350.899
6775.755 353.102
6776.808 317.703
6777.861 292.237
6778.914 279.654
6779.967 237.519
6781.020 324.129
6782.073 335.907
6783.126 324.608
6784.179 330.542
6785.232 284.305
6786.285 303.585
6787.338 355.121
6788.391 387.439
6789.444 349.552
6790.497 306.077
6791.550 333.038
6792.603 283.375
6793.656 290.532
6794.709 283.338
6795.762 361.162
6796.815 346.914
6797.868 348.722
6798.922 316.365
6799.975 313.697
6801.028 278.452
6802.081 318.263
6803.134 370.029
6804.187 322.493
6805.240 303.812
6806.293 359.198
6807.346 301.183
6808.399 265.544
6809.452 274.449
6810.505 275.688
6811.558 336.549
6812.611 315.181
6813.664 301.421
6814.717 301.030
6815.770 294.390
6816.823 306.503
6817.876 347.793
6818.929 369.630
6819.982 294.987
6821.035 331.524
6822.088 274.327
6823.141 272.444
6824.194 256.837
6825.247 330.223
6826.300 536.665
6827.353 786.335
6828.406 1409.450
6829.459 1795.026
6830.512 1373.583
6831.565 617.223
6832.618 670.387
6833.671 1363.001
6834.724 1692.188
6835.777 1128.709
6836.830 350.929
6837.883 342.256
6838.936 340.984
6839.989 402.206
6841.042 509.300
6842.095 625.132
6843.148 574.660
6844.201 313.097
6845.254 303.076
6846.307 316.677
6847.360 273.752
6848.413 344.967
6849.466 368.783
6850.519 361.363
6851.572 306.885
6852.625 324.759
6853.678 381.305
6854.731 302.039
6855.784 271.902
6856.837 291.318
6857.890 296.573
6858.943 328.200
6859.996 310.633
6861.049 292.172
6862.102 746.334
6863.155 2118.172
6864.208 3132.081
6865.261 2105.489
6866.314 373.733
6867.367 239.368
6868.420 211.310
6869.473 243.246
6870.526 457.616
6871.579 528.737
6872.632 303.973
6873.685 204.242
6874.738 227.165
6875.791 227.730
6876.844 249.503
6877.897 260.190
6878.950 283.536
6880.003 399.049
6881.056 593.632
6882.110 526.255
6883.163 309.708
6884.216 281.782
6885.269 238.353
6886.322 289.008
6887.375 296.199
6888.428 584.868
6889.481 766.260
6890.534 648.028
6891.587 330.449
6892.640 183.922
6893.693 276.380
6894.746 342.772
6895.799 315.116
6896.852 261.191
6897.905 250.984
6898.958 298.024
6900.011 565.943
6901.064 793.731
6902.117 584.762
6903.170 318.772
6904.223 274.696
6905.276 279.149
6906.329 280.422
6907.382 268.480
6908.435 292.896
6909.488 294.131
6910.541 306.682
6911.594 693.623
6912.647 1075.024
6913.700 954.431
6914.753 399.315
6915.806 288.899
6916.859 254.053
6917.912 289.038
6918.965 293.150
6920.018 342.064
6921.071 300.772
6922.124 1012.112
6923.177 1778.659
6924.230 1369.595
6925.283 572.070
6926.336 299.106
6927.389 321.701
6928.442 296.309
6929.495 291.377
6930.548 300.511
6931.601 322.733
6932.654 295.328
6933.707 288.492
6934.760 258.375
6935.813 299.864
6936.866 261.892
6937.919 412.880
6938.972 816.562
6940.025 954.731
6941.078 600.832
6942.131 328.597
6943.184 319.854
6944.237 338.537
6945.290 352.189
6946.343 240.112
6947.396 582.558
6948.449 1620.527
6949.502 2006.567
6950.555 1242.137
6951.608 349.029
6952.661 305.904
6953.714 275.798
6954.767 295.913
6955.820 329.841
6956.873 291.928
6957.926 380.076
6958.979 380.117
6960.032 293.936
6961.085 312.074
6962.138 282.969
6963.191 273.055
6964.245 292.891
6965.298 328.259
6966.351 384.203
6967.404 336.559
6968.457 397.983
6969.510 683.173
6970.563 738.314
6971.616 466.208
6972.669 251.981
6973.722 304.545
6974.775 303.638
6975.828 312.122
6976.881 477.059
6977.934 1128.134
6978.987 1320.156
6980.040 669.788
6981.093 310.784
6982.146 295.498
6983.199 324.629
6984.252 300.084
6985.305 302.232
6986.358 326.951
6987.411 286.399
6988.464 286.359
6989.517 309.621
6990.570 293.281
6991.623 305.474
6992.676 346.929
6993.729 236.879
6994.782 284.214
6995.835 327.310
6996.888 283.326
6997.941 298.722
6998.994 290.706
7000.047 327.522
7001.100 456.889
7002.153 577.895
7003.206 632.667
7004.259 566.737
7005.312 399.166
7006.365 300.463
7007.418 300.531
7008.471 287.620
7009.524 337.724
7010.577 584.255
7011.630 776.580
7012.683 562.598
7013.736 293.329
7014.789 249.709
7015.842 231.673
7016.895 304.446
7017.948 273.155
7019.001 266.145
7020.054 251.592
7021.107 282.965
7022.160 232.081
7023.213 266.386
7024.266 264.468
7025.319 265.305
7026.372 293.689
7027.425 295.438
7028.478 318.221
7029.531 298.835
7030.584 295.532
7031.637 300.736
7032.690 267.840
7033.743 251.037
7034.796 287.530
7035.849 308.510
7036.902 277.262
7037.955 264.276
7039.008 295.849
7040.061 344.928
7041.114 391.676
7042.167 367.614
7043.220 327.736
7044.273 269.384
7045.326 299.211
7046.379 408.961
7047.433 546.621
7048.486 620.472
7049.539 475.500
7050.592 393.254
7051.645 402.780
7052.698 369.368
7053.751 323.586
7054.804 342.502
7055.857 310.126
7056.910 241.175
7057.963 203.696
7059.016 284.698
7060.069 291.287
7061.122 295.008
7062.175 322.142
7063.228 321.396
7064.281 327.988
7065.334 339.780
7066.387 348.411
7067.440 407.443
7068.493 614.764
7069.546 829.800
7070.599 711.833
7071.652 395.035
7072.705 373.601
7073.758 380.944
7074.811 376.696
7075.864 328.787
7076.917 329.766
7077.970 354.561
7079.023 339.500
7080.076 280.085
7081.129 335.521
7082.182 375.229
7083.235 360.932
7084.288 360.892
7085.341 326.279
7086.394 314.076
7087.447 343.525
7088.500 383.700
7089.553 492.295
7090.606 379.899
7091.659 318.321
7092.712 297.889
7093.765 289.116
7094.818 299.628
7095.871 333.570
7096.924 293.942
7097.977 278.717
7099.030 292.059
7100.083 321.366
7101.136 300.008
7102.189 276.903
7103.242 289.722
7104.295 269.357
7105.348 278.672
7106.401 297.657
7107.454 257.898
7108.507 273.391
7109.560 310.272
7110.613 315.781
7111.666 296.550
7112.719 279.875
7113.772 240.801
7114.825 254.406
7115.878 290.962
7116.931 324.500
7117.984 288.353
7119.037 295.343
7120.090 329.222
7121.143 299.935
7122.196 278.480
7123.249 285.933
7124.302 290.423
7125.355 301.774
7126.408 307.876
7127.461 339.609
7128.514 394.803
7129.568 299.721
7130.621 306.044
7131.674 294.447
7132.727 366.983
7133.780 377.015
7134.833 279.965
7135.886 279.525
7136.939 282.106
7137.992 479.255
7139.045 1204.950
7140.098 1802.432
7141.151 1390.903
7142.204 574.166
7143.257 373.099
7144.310 428.572
7145.363 362.406
7146.416 325.591
7147.469 361.008
7148.522 341.192
7149.575 354.352
7150.628 351.910
7151.681 311.924
7152.734 288.181
7153.787 311.630
7154.840 320.845
7155.893 311.394
7156.946 343.828
7157.999 324.178
7159.052 318.021
7160.105 368.848
7161.158 333.176
7162.211 375.145
7163.264 373.400
7164.317 256.142
7165.370 316.917
7166.423 352.015
7167.476 346.756
7168.529 296.372
7169.582 328.343
7170.635 339.049
7171.688 287.647
7172.741 259.691
7173.794 284.109
7174.847 336.989
7175.900 335.768
7176.953 298.550
7178.006 340.088
7179.059 343.994
7180.112 318.966
7181.165 310.025
7182.218 350.826
7183.271 305.401
7184.324 261.796
7185.377 293.658
7186.430 216.249
7187.483 239.894
7188.536 305.372
7189.589 279.307
7190.642 246.115
7191.695 226.426
7192.748 233.654
7193.801 237.550
7194.854 205.968
7195.907 252.287
7196.960 258.561
7198.013 242.908
7199.066 261.728
7200.119 238.642
7201.172 278.575
7202.225 230.016
7203.278 285.915
7204.331 284.128
7205.384 240.328
7206.437 269.156
7207.490 270.628
7208.543 272.922
7209.596 256.279
7210.649 217.411
7211.702 256.918
7212.756 253.083
7213.809 246.827
7214.862 264.709
7215.915 270.418
7216.968 231.106
7218.021 215.953
7219.074 283.124
7220.127 245.602
7221.180 292.231
7222.233 333.127
7223.286 316.220
7224.339 272.853
7225.392 273.985
7226.445 316.903
7227.498 298.247
7228.551 272.629
7229.604 326.912
7230.657 349.091
7231.710 267.726
7232.763 306.197
7233.816 307.708
7234.869 338.637
7235.922 251.723
7236.975 451.374
7238.028 1043.033
7239.081 2096.599
7240.134 2929.062
7241.187 2607.249
7242.240 1454.479
7243.293 1255.828
7244.346 2381.369
7245.399 2994.415
7246.452 2149.668
7247.505 855.517
7248.558 475.900
7249.611 319.698
7250.664 313.469
7251.717 587.036
7252.770 838.217
7253.823 922.114
7254.876 694.286
7255.929 507.988
7256.982 412.468
7258.035 342.902
7259.088 327.141
7260.141 314.735
7261.194 288.614
7262.247 290.703
7263.300 304.249
7264.353 306.214
7265.406 268.027
7266.459 339.415
7267.512 396.936
7268.565 456.467
7269.618 408.105
7270.671 393.423
7271.724 345.857
7272.777 329.242
7273.830 442.431
7274.883 2035.012
7275.936 4377.663
7276.989 4523.250
7278.042 2393.142
7279.095 566.788
7280.148 337.177
7281.201 405.102
7282.254 486.688
7283.307 1084.089
7284.360 1921.275
7285.413 1830.353
7286.466 998.010
7287.519 387.681
7288.572 321.559
7289.625 353.661
7290.678 343.597
7291.731 372.077
7292.784 300.910
7293.837 308.501
7294.891 582.987
7295.944 785.103
7296.997 701.593
7298.050 400.945
7299.103 286.967
7300.156 294.827
7301.209 296.661
7302.262 554.995
7303.315 1147.401
7304.368 1240.835
7305.421 712.973
7306.474 366.974
7307.527 350.191
7308.580 334.271
7309.633 331.386
7310.686 368.795
7311.739 392.110
7312.792 345.491
7313.845 307.089
7314.898 1491.156
7315.951 3229.859
7317.004 3620.842
7318.057 1697.843
7319.110 486.503
7320.163 304.036
7321.216 323.212
7322.269 334.640
7323.322 383.078
7324.375 443.860
7325.428 375.108
7326.481 304.834
7327.534 580.492
7328.587 1470.985
7329.640 1712.120
7330.693 1092.151
7331.746 494.320
7332.799 294.258
7333.852 314.344
7334.905 396.426
7335.958 364.738
7337.011 331.137
7338.064 251.900
7339.117 1085.055
7340.170 3096.440
7341.223 4199.127
7342.276 2915.604
7343.329 847.050
7344.382 352.632
7345.435 343.817
7346.488 352.162
7347.541 337.446
7348.594 277.672
7349.647 296.371
7350.700 347.889
7351.753 354.053
7352.806 343.743
7353.859 322.152
7354.912 295.592
7355.965 269.947
7357.018 566.297
7358.071 1206.683
7359.124 1429.317
7360.177 1008.941
7361.230 481.539
7362.283 347.272
7363.336 274.367
7364.389 285.875
7365.442 356.490
7366.495 290.975
7367.548 824.789
7368.601 2183.268
7369.654 3125.437
7370.707 2274.396
7371.760 811.775
7372.813 378.238
7373.866 356.386
7374.919 377.036
7375.972 284.541
7377.025 332.412
7378.079 233.773
7379.132 271.505
7380.185 271.395
7381.238 245.991
7382.291 282.159
7383.344 292.581
7384.397 305.612
7385.450 280.703
7386.503 273.260
7387.556 306.365
7388.609 286.317
7389.662 337.165
7390.715 566.161
7391.768 985.878
7392.821 1060.967
7393.874 644.106
7394.927 383.173
7395.980 242.925
7397.033 259.410
7398.086 309.941
7399.139 293.725
7400.192 673.410
7401.245 1579.798
7402.298 1981.165
7403.351 1295.306
7404.404 538.380
7405.457 330.331
7406.510 277.072
7407.563 299.244
7408.616 218.184
7409.669 226.570
7410.722 272.956
7411.775 292.262
7412.828 274.368
7413.881 226.616
7414.934 251.186
7415.987 285.204
7417.040 298.442
7418.093 314.333
7419.146 280.748
7420.199 251.404
7421.252 242.598
7422.305 317.463
7423.358 297.445
7424.411 283.246
7425.464 258.677
7426.517 252.513
7427.570 248.455
7428.623 488.260
7429.676 675.499
7430.729 649.687
7431.782 425.699
7432.835 227.906
7433.888 270.287
7434.941 237.320
7435.994 301.426
7437.047 557.104
7438.100 1000.285
7439.153 1082.171
7440.206 664.027
7441.259 360.685
7442.312 258.920
7443.365 212.101
7444.418 232.585
7445.471 253.697
7446.524 236.464
7447.577 230.149
7448.630 233.831
7449.683 276.432
7450.736 242.692
7451.789 256.329
7452.842 233.752
7453.895 253.613
7454.948 252.681
7456.001 266.797
7457.054 299.875
7458.107 320.431
7459.160 336.412
7460.214 328.071
7461.267 304.247
7462.320 348.394
7463.373 391.736
7464.426 370.660
7465.479 402.473
7466.532 522.508
7467.585 623.991
7468.638 500.257
7469.691 338.743
7470.744 445.921
7471.797 628.066
7472.850 728.969
7473.903 841.439
7474.956 865.682
7476.009 643.811
7477.062 388.797
7478.115 403.688
7479.168 496.050
7480.221 496.021
7481.274 495.990
7482.327 495.964
7483.380 495.935
7484.433 495.903
7485.486 495.877
