5329.969 1660.942
5331.022 1611.118
5332.075 1376.666
5333.128 1099.470
5334.181 1125.387
5335.234 1045.804
5336.287 1114.275
5337.340 1171.047
5338.393 1150.874
5339.446 1099.361
5340.499 1208.933
5341.552 997.100
5342.605 1109.185
5343.658 1015.109
5344.711 1070.575
5345.764 1027.026
5346.817 1174.351
5347.870 1199.618
5348.923 1086.444
5349.976 988.510
5351.029 1109.356
5352.082 996.130
5353.135 1135.582
5354.188 1214.203
5355.241 1104.654
5356.294 1128.585
5357.347 1064.858
5358.400 1220.707
5359.453 1136.751
5360.506 1156.071
5361.559 1052.428
5362.612 1050.562
5363.665 1084.632
5364.718 998.352
5365.771 1086.511
5366.824 1077.102
5367.877 1182.131
5368.930 1166.652
5369.983 1121.443
5371.036 931.315
5372.089 887.621
5373.142 1108.436
5374.195 1007.003
5375.248 970.057
5376.301 1050.348
5377.354 994.397
5378.407 1024.425
5379.460 1046.131
5380.513 923.669
5381.566 991.334
5382.619 1127.884
5383.672 1086.792
5384.725 893.881
5385.778 961.178
5386.831 1038.880
5387.884 1093.289
5388.937 1016.179
5389.990 936.864
5391.043 921.688
5392.097 1009.924
5393.150 1126.907
5394.203 928.742
5395.256 978.144
5396.309 998.585
5397.362 1039.326
5398.415 982.348
5399.468 961.446
5400.521 1098.853
5401.574 901.517
5402.627 1187.381
5403.680 925.560
5404.733 1003.111
5405.786 906.589
5406.839 1120.036
5407.892 963.169
5408.945 1033.260
5409.998 1000.786
5411.051 945.395
5412.104 919.428
5413.157 1134.212
5414.210 1016.010
5415.263 1139.093
5416.316 1076.569
5417.369 1135.671
5418.422 921.155
5419.475 1050.977
5420.528 1094.745
5421.581 992.387
5422.634 1044.818
5423.687 1014.774
5424.740 920.324
5425.793 878.830
5426.846 1015.634
5427.899 1102.113
5428.952 865.020
5430.005 1027.731
5431.058 1119.257
5432.111 1066.271
5433.164 1047.828
5434.217 1037.990
5435.270 1082.722
5436.323 1084.340
5437.376 1096.852
5438.429 1083.720
5439.482 903.580
5440.535 1066.565
5441.588 1088.497
5442.641 910.234
5443.694 979.071
5444.747 1005.631
5445.800 921.058
5446.853 942.770
5447.906 1001.064
5448.959 874.481
5450.012 902.795
5451.065 934.958
5452.118 890.121
5453.171 954.167
5454.224 830.078
5455.277 934.102
5456.330 910.840
5457.383 915.487
5458.436 977.159
5459.489 925.944
5460.542 1025.067
5461.595 866.361
5462.648 1005.301
5463.701 1045.192
5464.754 870.641
5465.807 1024.501
5466.860 893.796
5467.913 999.820
5468.966 978.610
5470.019 980.826
5471.072 962.124
5472.125 900.373
5473.178 950.449
5474.231 1006.087
5475.285 971.608
5476.338 972.370
5477.391 882.071
5478.444 900.337
5479.497 1040.155
5480.550 955.764
5481.603 996.505
5482.656 849.936
5483.709 982.305
5484.762 1083.667
5485.815 884.992
5486.868 897.963
5487.921 970.214
5488.974 865.235
5490.027 950.835
5491.080 901.916
5492.133 869.076
5493.186 878.737
5494.239 905.623
5495.292 962.191
5496.345 948.189
5497.398 902.606
5498.451 911.062
5499.504 940.261
5500.557 879.099
5501.610 1009.649
5502.663 944.016
5503.716 988.532
5504.769 962.254
5505.822 1008.062
5506.875 988.365
5507.928 948.138
5508.981 1046.393
5510.034 1040.201
5511.087 975.597
5512.140 1098.547
5513.193 1025.609
5514.246 938.145
5515.299 877.925
5516.352 960.057
5517.405 1065.102
5518.458 941.527
5519.511 901.530
5520.564 1124.491
5521.617 1092.850
5522.670 1141.260
5523.723 1096.968
5524.776 882.693
5525.829 880.778
5526.882 920.761
5527.935 925.395
5528.988 916.652
5530.041 919.813
5531.094 1045.658
5532.147 777.889
5533.200 911.602
5534.253 905.902
5535.306 963.914
5536.359 1011.163
5537.412 1004.117
5538.465 909.337
5539.518 1021.915
5540.571 1081.151
5541.624 1164.787
5542.677 1169.243
5543.730 1061.770
5544.783 1121.251
5545.836 1035.281
5546.889 886.570
5547.942 1008.977
5548.995 1054.183
5550.048 1038.016
5551.101 944.167
5552.154 908.107
5553.207 939.360
5554.260 955.337
5555.313 863.314
5556.366 876.597
5557.419 893.144
5558.473 984.807
5559.526 965.225
5560.579 887.053
5561.632 903.176
5562.685 968.778
5563.738 1167.333
5564.791 1172.103
5565.844 1050.406
5566.897 1010.068
5567.950 947.958
5569.003 912.129
5570.056 959.039
5571.109 925.898
5572.162 961.352
5573.215 856.117
5574.268 1384.029
5575.321 1965.863
5576.374 28951.495
5577.427 53075.002
5578.480 42134.753
5579.533 5629.416
5580.586 1256.923
5581.639 932.629
5582.692 971.366
5583.745 845.023
5584.798 980.043
5585.851 982.146
5586.904 810.166
5587.957 866.324
5589.010 1001.619
5590.063 1077.510
5591.116 858.239
5592.169 902.735
5593.222 899.769
5594.275 804.068
5595.328 775.370
5596.381 957.414
5597.434 954.483
5598.487 1044.927
5599.540 867.017
5600.593 924.668
5601.646 813.358
5602.699 821.607
5603.752 953.627
5604.805 1182.919
5605.858 1197.756
5606.911 1075.173
5607.964 909.895
5609.017 877.037
5610.070 872.677
5611.123 942.888
5612.176 822.302
5613.229 881.318
5614.282 954.061
5615.335 793.234
5616.388 1023.917
5617.441 938.567
5618.494 944.910
5619.547 829.915
5620.600 842.941
5621.653 850.214
5622.706 934.581
5623.759 1113.759
5624.812 1099.226
5625.865 813.840
5626.918 832.314
5627.971 792.382
5629.024 850.654
5630.077 798.971
5631.130 887.465
5632.183 758.206
5633.236 806.116
5634.289 882.860
5635.342 837.413
5636.395 906.202
5637.448 892.789
5638.501 919.411
5639.554 985.485
5640.608 928.242
5641.661 899.577
5642.714 916.722
5643.767 975.946
5644.820 910.622
5645.873 1002.134
5646.926 990.461
5647.979 936.176
5649.032 804.791
5650.085 910.874
5651.138 882.281
5652.191 810.713
5653.244 886.510
5654.297 979.199
5655.350 922.215
5656.403 867.315
5657.456 878.695
5658.509 816.795
5659.562 746.511
5660.615 880.953
5661.668 961.295
5662.721 888.755
5663.774 874.187
5664.827 921.475
5665.880 842.106
5666.933 873.774
5667.986 934.375
5669.039 958.509
5670.092 975.437
5671.145 846.099
5672.198 790.234
5673.251 814.607
5674.304 789.057
5675.357 933.077
5676.410 939.843
5677.463 958.987
5678.516 989.904
5679.569 916.132
5680.622 893.964
5681.675 974.634
5682.728 971.686
5683.781 961.264
5684.834 982.169
5685.887 1028.064
5686.940 937.975
5687.993 862.824
5689.046 922.542
5690.099 954.402
5691.152 959.084
5692.205 1025.271
5693.258 873.914
5694.311 910.776
5695.364 791.303
5696.417 915.727
5697.470 876.911
5698.523 870.700
5699.576 949.361
5700.629 887.989
5701.682 953.631
5702.735 1006.334
5703.788 884.883
5704.841 962.907
5705.894 1030.449
5706.947 910.104
5708.000 802.151
5709.053 851.051
5710.106 923.077
5711.159 877.092
5712.212 897.661
5713.265 897.836
5714.318 926.317
5715.371 918.388
5716.424 986.096
5717.477 1009.648
5718.530 968.591
5719.583 900.758
5720.636 798.139
5721.689 957.446
5722.742 999.082
5723.796 879.831
5724.849 815.589
5725.902 981.390
5726.955 855.733
5728.008 880.112
5729.061 843.316
5730.114 819.082
5731.167 866.928
5732.220 806.858
5733.273 961.423
5734.326 878.634
5735.379 810.355
5736.432 906.046
5737.485 937.772
5738.538 831.061
5739.591 935.471
5740.644 828.512
5741.697 873.831
5742.750 779.093
5743.803 805.004
5744.856 879.485
5745.909 872.370
5746.962 896.008
5748.015 885.367
5749.068 827.641
5750.121 859.176
5751.174 876.253
5752.227 817.549
5753.280 819.923
5754.333 869.036
5755.386 976.150
5756.439 860.800
5757.492 869.741
5758.545 896.070
5759.598 894.081
5760.651 844.731
5761.704 811.705
5762.757 794.231
5763.810 868.093
5764.863 870.781
5765.916 862.946
5766.969 911.223
5768.022 833.450
5769.075 823.045
5770.128 832.647
5771.181 803.918
5772.234 817.032
5773.287 793.626
5774.340 797.449
5775.393 889.429
5776.446 794.512
5777.499 943.117
5778.552 793.939
5779.605 816.237
5780.658 853.277
5781.711 770.023
5782.764 873.392
5783.817 820.938
5784.870 868.129
5785.923 796.643
5786.976 890.028
5788.029 863.722
5789.082 824.358
5790.135 870.490
5791.188 838.637
5792.241 837.448
5793.294 851.921
5794.347 868.344
5795.400 853.944
5796.453 935.936
5797.506 903.608
5798.559 867.102
5799.612 792.266
5800.665 829.238
5801.718 919.526
5802.771 752.255
5803.824 846.153
5804.877 909.092
5805.931 903.016
5806.984 859.906
5808.037 916.101
5809.090 871.053
5810.143 764.336
5811.196 884.078
5812.249 884.865
5813.302 956.650
5814.355 870.172
5815.408 847.758
5816.461 895.509
5817.514 877.219
5818.567 833.596
5819.620 851.198
5820.673 767.489
5821.726 850.468
5822.779 901.888
5823.832 924.503
5824.885 875.683
5825.938 872.290
5826.991 797.643
5828.044 829.401
5829.097 832.518
5830.150 801.284
5831.203 810.601
5832.256 905.398
5833.309 855.674
5834.362 943.450
5835.415 847.719
5836.468 927.236
5837.521 798.297
5838.574 867.616
5839.627 856.326
5840.680 883.792
5841.733 926.423
5842.786 938.882
5843.839 895.502
5844.892 809.060
5845.945 828.516
5846.998 750.301
5848.051 786.577
5849.104 863.425
5850.157 730.721
5851.210 747.824
5852.263 814.364
5853.316 822.369
5854.369 838.011
5855.422 763.346
5856.475 775.965
5857.528 811.406
5858.581 840.830
5859.634 721.065
5860.687 771.078
5861.740 815.996
5862.793 807.292
5863.846 810.807
5864.899 1037.838
5865.952 1338.130
5867.005 1425.608
5868.058 1391.720
5869.111 1303.464
5870.164 911.529
5871.217 898.130
5872.270 943.637
5873.323 1038.512
5874.376 917.346
5875.429 973.663
5876.482 861.143
5877.535 2340.474
5878.588 6005.912
5879.641 6835.400
5880.694 3543.975
5881.747 988.349
5882.800 931.714
5883.853 877.509
5884.906 839.252
5885.959 822.611
5887.012 1237.740
5888.065 2145.227
5889.119 5041.459
5890.172 6684.820
5891.225 4658.470
5892.278 1428.052
5893.331 912.858
5894.384 1662.896
5895.437 3894.571
5896.490 4074.119
5897.543 2329.724
5898.596 825.099
5899.649 820.763
5900.702 774.262
5901.755 877.141
5902.808 892.572
5903.861 900.396
5904.914 962.500
5905.967 955.916
5907.020 1077.516
5908.073 1010.686
5909.126 783.156
5910.179 851.802
5911.232 866.643
5912.285 884.953
5913.338 931.807
5914.391 1227.308
5915.444 1561.568
5916.497 1348.566
5917.550 980.211
5918.603 871.747
5919.656 887.631
5920.709 794.140
5921.762 869.926
5922.815 973.333
5923.868 1024.434
5924.921 1090.132
5925.974 865.102
5927.027 754.663
5928.080 812.794
5929.133 798.511
5930.186 900.574
5931.239 1075.794
5932.292 1463.926
5933.345 1552.522
5934.398 1289.432
5935.451 714.658
5936.504 776.593
5937.557 844.633
5938.610 833.430
5939.663 754.717
5940.716 870.706
5941.769 814.109
5942.822 793.781
5943.875 773.844
5944.928 952.259
5945.981 1048.906
5947.034 957.504
5948.087 794.684
5949.140 787.021
5950.193 791.065
5951.246 878.352
5952.299 1080.917
5953.352 1446.539
5954.405 1270.861
5955.458 907.778
5956.511 814.183
5957.564 854.467
5958.617 910.524
5959.670 951.423
5960.723 853.623
5961.776 874.856
5962.829 849.037
5963.882 798.945
5964.935 811.224
5965.988 821.740
5967.041 764.820
5968.094 868.334
5969.147 936.371
5970.200 963.859
5971.254 869.393
5972.307 822.141
5973.360 782.198
5974.413 795.872
5975.466 894.083
5976.519 1071.548
5977.572 1101.558
5978.625 964.858
5979.678 803.978
5980.731 856.570
5981.784 883.371
5982.837 786.884
5983.890 799.162
5984.943 829.143
5985.996 712.604
5987.049 831.228
5988.102 747.620
5989.155 717.378
5990.208 880.316
5991.261 741.940
5992.314 742.721
5993.367 728.294
5994.420 794.739
5995.473 725.695
5996.526 845.660
5997.579 814.485
5998.632 881.742
5999.685 809.488
6000.738 761.546
6001.791 745.996
6002.844 821.443
6003.897 917.551
6004.950 817.089
6006.003 743.293
6007.056 757.161
6008.109 716.374
6009.162 731.786
6010.215 734.046
6011.268 755.626
6012.321 703.923
6013.374 651.406
6014.427 762.278
6015.480 660.368
6016.533 644.172
6017.586 665.253
6018.639 741.122
6019.692 745.829
6020.745 707.986
6021.798 767.676
6022.851 724.754
6023.904 704.195
6024.957 721.758
6026.010 743.452
6027.063 734.032
6028.116 687.304
6029.169 665.097
6030.222 673.733
6031.275 708.200
6032.328 692.134
6033.381 712.368
6034.434 764.362
6035.487 745.370
6036.540 684.865
6037.593 628.957
6038.646 653.446
6039.699 683.433
6040.752 611.713
6041.805 738.027
6042.858 740.972
6043.911 702.729
6044.964 651.011
6046.017 706.460
6047.070 692.542
6048.123 704.837
6049.176 732.054
6050.229 683.469
6051.282 649.227
6052.335 651.275
6053.388 664.697
6054.442 591.155
6055.495 659.846
6056.548 620.668
6057.601 664.545
6058.654 646.173
6059.707 639.260
6060.760 707.374
6061.813 697.522
6062.866 598.670
6063.919 777.705
6064.972 594.146
6066.025 677.602
6067.078 702.679
6068.131 714.930
6069.184 624.972
6070.237 577.948
6071.290 705.334
6072.343 653.072
6073.396 702.913
6074.449 645.437
6075.502 687.175
6076.555 704.938
6077.608 636.135
6078.661 651.389
6079.714 599.206
6080.767 628.172
6081.820 611.894
6082.873 562.591
6083.926 583.184
6084.979 654.935
6086.032 658.226
6087.085 628.662
6088.138 641.307
6089.191 639.404
6090.244 628.064
6091.297 654.422
6092.350 657.603
6093.403 630.247
6094.456 635.742
6095.509 713.839
6096.562 674.491
6097.615 627.526
6098.668 589.392
6099.721 681.688
6100.774 660.512
6101.827 616.743
6102.880 605.148
6103.933 616.149
6104.986 633.320
6106.039 726.086
6107.092 680.910
6108.145 597.547
6109.198 583.959
6110.251 701.980
6111.304 746.855
6112.357 686.544
6113.410 667.858
6114.463 627.110
6115.516 602.020
6116.569 604.465
6117.622 579.784
6118.675 626.734
6119.728 597.409
6120.781 568.005
6121.834 593.914
6122.887 582.882
6123.940 615.799
6124.993 622.334
6126.046 549.561
6127.099 614.402
6128.152 664.881
6129.205 619.769
6130.258 634.789
6131.311 664.887
6132.364 563.182
6133.417 594.401
6134.470 608.845
6135.523 646.394
6136.577 697.528
6137.630 701.706
6138.683 675.443
6139.736 668.730
6140.789 666.648
6141.842 621.090
6142.895 619.584
6143.948 791.480
6145.001 751.408
6146.054 638.799
6147.107 534.585
6148.160 551.141
6149.213 590.574
6150.266 643.546
6151.319 628.477
6152.372 574.159
6153.425 622.335
6154.478 632.325
6155.531 937.120
6156.584 1201.595
6157.637 1423.895
6158.690 1189.698
6159.743 807.676
6160.796 674.066
6161.849 636.553
6162.902 572.345
6163.955 571.427
6165.008 533.954
6166.061 573.961
6167.114 527.416
6168.167 586.864
6169.220 800.929
6170.273 1000.258
6171.326 897.801
6172.379 670.305
6173.432 630.202
6174.485 580.955
6175.538 630.391
6176.591 668.585
6177.644 613.861
6178.697 630.909
6179.750 726.260
6180.803 577.898
6181.856 551.173
6182.909 616.498
6183.962 627.501
6185.015 599.003
6186.068 572.720
6187.121 513.608
6188.174 615.053
6189.227 646.086
6190.280 609.841
6191.333 661.615
6192.386 668.226
6193.439 646.291
6194.492 671.719
6195.545 683.913
6196.598 596.573
6197.651 539.850
6198.704 582.030
6199.757 551.191
6200.810 551.292
6201.863 791.467
6202.916 902.553
6203.969 759.518
6205.022 600.411
6206.075 619.270
6207.128 588.892
6208.181 602.898
6209.234 608.135
6210.287 513.837
6211.340 613.634
6212.393 630.443
6213.446 696.348
6214.499 611.863
6215.552 550.957
6216.605 595.784
6217.658 578.901
6218.711 554.494
6219.765 572.496
6220.818 703.516
6221.871 816.227
6222.924 781.743
6223.977 576.401
6225.030 573.998
6226.083 544.304
6227.136 588.671
6228.189 566.994
6229.242 521.098
6230.295 535.448
6231.348 561.366
6232.401 585.901
6233.454 802.990
6234.507 1338.154
6235.560 1633.026
6236.613 1639.167
6237.666 1143.911
6238.719 737.527
6239.772 772.931
6240.825 896.252
6241.878 907.230
6242.931 868.130
6243.984 838.731
6245.037 694.116
6246.090 620.457
6247.143 643.284
6248.196 580.199
6249.249 573.444
6250.302 562.729
6251.355 540.062
6252.408 603.420
6253.461 557.881
6254.514 555.649
6255.567 651.833
6256.620 999.214
6257.673 1555.989
6258.726 1676.430
6259.779 997.566
6260.832 573.150
6261.885 672.999
6262.938 648.385
6263.991 726.518
6265.044 935.754
6266.097 919.747
6267.150 710.092
6268.203 671.282
6269.256 639.565
6270.309 588.524
6271.362 622.225
6272.415 647.346
6273.468 608.941
6274.521 657.678
6275.574 740.344
6276.627 678.116
6277.680 598.847
6278.733 620.926
6279.786 636.475
6280.839 531.247
6281.892 546.843
6282.945 545.626
6283.998 601.098
6285.051 623.437
6286.104 858.792
6287.157 1407.107
6288.210 1495.196
6289.263 1013.859
6290.316 658.438
6291.369 588.146
6292.422 540.164
6293.475 590.685
6294.528 631.888
6295.581 566.535
6296.634 1137.871
6297.687 1084.093
6298.740 12621.366
6299.793 43868.714
6300.846 51567.170
6301.899 27146.081
6302.953 238.681
6304.006 1421.320
6305.059 888.779
6306.112 1307.548
6307.165 1761.649
6308.218 1386.575
6309.271 660.884
6310.324 654.540
6311.377 608.993
6312.430 543.591
6313.483 568.091
6314.536 884.807
6315.589 1146.258
6316.642 1046.711
6317.695 748.821
6318.748 519.153
6319.801 680.330
6320.854 884.550
6321.907 866.392
6322.960 761.592
6324.013 536.834
6325.066 610.051
6326.119 636.560
6327.172 610.712
6328.225 699.761
6329.278 1385.472
6330.331 1460.154
6331.384 1131.767
6332.437 571.591
6333.490 595.367
6334.543 565.646
6335.596 653.072
6336.649 554.436
6337.702 561.069
6338.755 554.377
6339.808 609.746
6340.861 611.890
6341.914 563.253
6342.967 635.691
6344.020 642.586
6345.073 505.030
6346.126 576.621
6347.179 624.593
6348.232 792.774
6349.285 809.171
6350.338 682.226
6351.391 569.137
6352.444 598.808
6353.497 600.437
6354.550 686.077
6355.603 913.032
6356.656 1107.678
6357.709 900.820
6358.762 621.167
6359.815 546.048
6360.868 677.652
6361.921 2236.084
6362.974 11752.504
6364.027 18168.531
6365.080 10941.361
6366.133 2254.522
6367.186 397.924
6368.239 703.958
6369.292 552.075
6370.345 584.748
6371.398 614.540
6372.451 535.910
6373.504 498.280
6374.557 536.192
6375.610 534.860
6376.663 524.261
6377.716 514.298
6378.769 657.511
6379.822 712.061
6380.875 640.625
6381.928 590.343
6382.981 476.810
6384.034 557.335
6385.088 633.231
6386.141 820.625
6387.194 826.539
6388.247 622.034
6389.300 510.357
6390.353 579.146
6391.406 552.387
6392.459 453.999
6393.512 564.086
6394.565 530.423
6395.618 479.025
6396.671 526.211
6397.724 445.095
6398.777 498.788
6399.830 515.987
6400.883 598.542
6401.936 1665.055
6402.989 561.244
6404.042 507.655
6405.095 471.647
6406.148 577.033
6407.201 515.594
6408.254 484.898
6409.307 523.312
6410.360 505.451
6411.413 556.616
6412.466 534.104
6413.519 544.795
6414.572 524.771
6415.625 448.865
6416.678 486.590
6417.731 514.008
6418.784 489.462
6419.837 594.237
6420.890 660.233
6421.943 528.455
6422.996 538.582
6424.049 494.728
6425.102 508.736
6426.155 536.042
6427.208 548.499
6428.261 497.317
6429.314 476.876
6430.367 455.259
6431.420 477.049
6432.473 505.849
6433.526 465.227
6434.579 480.834
6435.632 495.703
6436.685 512.278
6437.738 447.395
6438.791 470.534
6439.844 483.734
6440.897 469.996
6441.950 419.823
6443.003 442.056
6444.056 537.844
6445.109 513.183
6446.162 423.586
6447.215 452.509
6448.268 508.973
6449.321 499.919
6450.374 489.644
6451.427 532.590
6452.480 540.757
6453.533 555.434
6454.586 695.516
6455.639 687.573
6456.692 679.014
6457.745 536.194
6458.798 480.633
6459.851 553.679
6460.904 526.618
6461.957 473.112
6463.010 688.437
6464.063 801.009
6465.116 960.672
6466.169 994.923
6467.222 795.410
6468.276 568.613
6469.329 593.939
6470.382 985.171
6471.435 1006.634
6472.488 767.483
6473.541 536.343
6474.594 470.480
6475.647 479.067
6476.700 573.190
6477.753 686.511
6478.806 606.747
6479.859 481.012
6480.912 446.487
6481.965 488.362
6483.018 459.126
6484.071 382.201
6485.124 463.967
6486.177 508.652
6487.230 438.717
6488.283 435.897
6489.336 447.784
6490.389 412.739
6491.442 448.043
6492.495 509.290
6493.548 495.538
6494.601 492.510
6495.654 427.282
6496.707 559.729
6497.760 1190.646
6498.813 1768.314
6499.866 1329.321
6500.919 624.832
6501.972 517.012
6503.025 481.772
6504.078 703.952
6505.131 795.915
6506.184 726.573
6507.237 495.550
6508.290 477.083
6509.343 467.033
6510.396 476.667
6511.449 473.093
6512.502 510.118
6513.555 557.898
6514.608 541.401
6515.661 534.834
6516.714 445.214
6517.767 454.246
6518.820 441.149
6519.873 454.881
6520.926 591.673
6521.979 696.372
6523.032 724.550
6524.085 619.223
6525.138 511.786
6526.191 469.250
6527.244 436.987
6528.297 455.859
6529.350 491.282
6530.403 488.564
6531.456 691.472
6532.509 1274.461
6533.562 1476.955
6534.615 948.374
6535.668 436.022
6536.721 535.906
6537.774 456.616
6538.827 476.386
6539.880 557.109
6540.933 520.392
6541.986 525.273
6543.039 735.624
6544.092 852.658
6545.145 805.440
6546.198 540.087
6547.251 510.961
6548.304 514.141
6549.357 554.395
6550.411 568.365
6551.464 756.673
6552.517 1318.481
6553.570 1676.387
6554.623 1447.879
6555.676 798.320
6556.729 525.206
6557.782 549.465
6558.835 568.370
6559.888 588.177
6560.941 679.820
6561.994 665.476
6563.047 2008.570
6564.100 932.708
6565.153 37691.892
6566.206 102227.011
6567.259 106471.800
6568.312 45554.767
6569.365 1151.752
6570.418 2841.996
6571.471 1289.121
6572.524 906.700
6573.577 603.148
6574.630 528.656
6575.683 676.104
6576.736 1169.784
6577.789 1320.600
6578.842 933.591
6579.895 529.196
6580.948 377.895
6582.001 468.630
6583.054 557.729
6584.107 552.841
6585.160 566.784
6586.213 795.134
6587.266 1097.174
6588.319 1009.861
6589.372 630.005
6590.425 551.701
6591.478 588.265
6592.531 531.495
6593.584 471.203
6594.637 532.153
6595.690 571.854
6596.743 667.078
6597.796 581.805
6598.849 486.487
6599.902 526.386
6600.955 431.495
6602.008 487.408
6603.061 699.362
6604.114 841.573
6605.167 791.445
6606.220 531.644
6607.273 427.673
6608.326 434.591
6609.379 411.907
6610.432 404.275
6611.485 460.383
6612.538 405.868
6613.591 464.322
6614.644 401.771
6615.697 462.066
6616.750 439.343
6617.803 470.105
6618.856 500.977
6619.909 476.161
6620.962 428.779
6622.015 475.769
6623.068 430.216
6624.121 449.634
6625.174 422.222
6626.227 454.119
6627.280 487.346
6628.333 518.560
6629.386 430.775
6630.439 441.250
6631.492 463.422
6632.545 467.218
6633.599 543.632
6634.652 576.235
6635.705 510.732
6636.758 429.579
6637.811 415.404
6638.864 396.140
6639.917 439.877
6640.970 438.470
6642.023 419.833
6643.076 436.708
6644.129 422.561
6645.182 411.936
6646.235 440.183
6647.288 397.470
6648.341 455.684
6649.394 449.151
6650.447 451.570
6651.500 399.086
6652.553 384.768
6653.606 439.997
6654.659 425.084
6655.712 393.522
6656.765 439.840
6657.818 434.714
6658.871 412.651
6659.924 374.164
6660.977 464.425
6662.030 431.086
6663.083 385.749
6664.136 398.902
6665.189 363.575
6666.242 420.304
6667.295 474.172
6668.348 492.350
6669.401 457.774
6670.454 409.547
6671.507 435.138
6672.560 363.385
6673.613 434.298
6674.666 432.180
6675.719 392.549
6676.772 392.742
6677.825 465.733
6678.878 365.095
6679.931 443.894
6680.984 1110.616
6682.037 1626.516
6683.090 1306.373
6684.143 625.477
6685.196 413.648
6686.249 489.192
6687.302 480.796
6688.355 489.495
6689.408 405.533
6690.461 461.427
6691.514 431.595
6692.567 406.837
6693.620 422.627
6694.673 390.978
6695.726 414.931
6696.779 409.525
6697.832 440.502
6698.885 489.756
6699.938 487.107
6700.991 422.871
6702.044 403.620
6703.097 421.839
6704.150 400.143
6705.203 401.598
6706.256 403.427
6707.309 467.158
6708.362 427.251
6709.415 380.434
6710.468 416.902
6711.521 400.799
6712.574 405.148
6713.627 418.623
6714.680 413.291
6715.734 411.932
6716.787 430.795
6717.840 483.881
6718.893 853.079
6719.946 1663.815
6720.999 1847.849
6722.052 1025.642
6723.105 510.135
6724.158 605.090
6725.211 574.394
6726.264 431.111
6727.317 387.633
6728.370 414.714
6729.423 363.418
6730.476 414.681
6731.529 407.555
6732.582 485.922
6733.635 844.325
6734.688 1415.137
6735.741 1295.600
6736.794 685.016
6737.847 503.269
6738.900 584.374
6739.953 555.207
6741.006 481.282
6742.059 405.380
6743.112 400.181
6744.165 422.082
6745.218 455.179
6746.271 396.914
6747.324 363.248
6748.377 386.833
6749.430 382.314
6750.483 386.070
6751.536 382.012
6752.589 401.378
6753.642 450.811
6754.695 409.848
6755.748 391.734
6756.801 347.224
6757.854 368.881
6758.907 398.490
6759.960 434.624
6761.013 384.979
6762.066 383.480
6763.119 401.646
6764.172 405.097
6765.225 347.723
6766.278 339.851
6767.331 407.152
6768.384 371.026
6769.437 404.672
6770.490 383.397
6771.543 362.832
6772.596 360.992
6773.649 368.246
6774.702 414.701
6775.755 399.997
6776.808 369.378
6777.861 381.151
6778.914 386.968
6779.967 374.397
6781.020 338.059
6782.073 374.893
6783.126 404.070
6784.179 438.709
6785.232 434.056
6786.285 349.977
6787.338 373.699
6788.391 369.705
6789.444 383.554
6790.497 338.768
6791.550 329.631
6792.603 383.625
6793.656 367.711
6794.709 366.762
6795.762 352.280
6796.815 359.312
6797.868 355.259
6798.922 370.577
6799.975 367.315
6801.028 368.178
6802.081 361.849
6803.134 375.285
6804.187 441.924
6805.240 360.666
6806.293 330.782
6807.346 394.827
6808.399 343.318
6809.452 387.888
6810.505 327.367
6811.558 403.010
6812.611 339.085
6813.664 315.971
6814.717 349.382
6815.770 348.013
6816.823 372.222
6817.876 335.558
6818.929 415.106
6819.982 333.547
6821.035 345.089
6822.088 372.229
6823.141 348.588
6824.194 392.714
6825.247 376.534
6826.300 543.787
6827.353 916.847
6828.406 1369.700
6829.459 1823.137
6830.512 1392.365
6831.565 576.986
6832.618 692.295
6833.671 1472.448
6834.724 1714.068
6835.777 1139.084
6836.830 369.431
6837.883 374.596
6838.936 412.218
6839.989 401.412
6841.042 627.765
6842.095 713.650
6843.148 610.475
6844.201 419.084
6845.254 356.394
6846.307 363.067
6847.360 367.466
6848.413 378.454
6849.466 406.689
6850.519 424.315
6851.572 397.298
6852.625 373.300
6853.678 357.840
6854.731 388.232
6855.784 378.657
6856.837 392.092
6857.890 329.668
6858.943 368.328
6859.996 389.644
6861.049 408.833
6862.102 635.764
6863.155 2448.241
6864.208 3091.604
6865.261 1923.601
6866.314 565.376
6867.367 291.129
6868.420 275.147
6869.473 295.545
6870.526 435.741
6871.579 492.563
6872.632 385.756
6873.685 218.235
6874.738 241.272
6875.791 249.880
6876.844 237.698
6877.897 276.404
6878.950 301.918
6880.003 436.843
6881.056 596.980
6882.110 659.795
6883.163 444.593
6884.216 375.505
6885.269 344.094
6886.322 321.060
6887.375 325.092
6888.428 675.999
6889.481 822.669
6890.534 647.412
6891.587 422.266
6892.640 317.550
6893.693 336.767
6894.746 390.734
6895.799 335.370
6896.852 296.018
6897.905 350.206
6898.958 377.295
6900.011 625.231
6901.064 770.121
6902.117 647.668
6903.170 355.046
6904.223 321.027
6905.276 261.107
6906.329 347.540
6907.382 375.471
6908.435 315.944
6909.488 325.946
6910.541 290.220
6911.594 775.890
6912.647 1160.169
6913.700 906.905
6914.753 467.884
6915.806 277.350
6916.859 345.703
6917.912 381.022
6918.965 343.134
6920.018 331.938
6921.071 417.273
6922.124 987.524
6923.177 1790.516
6924.230 1496.809
6925.283 480.403
6926.336 391.008
6927.389 347.990
6928.442 385.027
6929.495 346.169
6930.548 335.571
6931.601 365.032
6932.654 345.802
6933.707 324.900
6934.760 324.497
6935.813 325.461
6936.866 319.818
6937.919 516.852
6938.972 886.820
6940.025 1022.137
6941.078 704.084
6942.131 325.443
6943.184 373.415
6944.237 380.861
6945.290 401.854
6946.343 338.671
6947.396 499.784
6948.449 1698.403
6949.502 2087.536
6950.555 1172.854
6951.608 478.230
6952.661 355.399
6953.714 367.323
6954.767 376.166
6955.820 375.223
6956.873 401.262
6957.926 386.734
6958.979 374.014
6960.032 390.689
6961.085 373.553
6962.138 386.658
6963.191 409.319
6964.245 393.394
6965.298 332.100
6966.351 397.560
6967.404 306.939
6968.457 375.376
6969.510 710.660
6970.563 782.715
6971.616 473.369
6972.669 397.408
6973.722 398.595
6974.775 371.898
6975.828 319.632
6976.881 597.391
6977.934 1136.322
6978.987 1325.243
6980.040 838.547
6981.093 330.422
6982.146 411.778
6983.199 399.417
6984.252 326.751
6985.305 415.789
6986.358 433.098
6987.411 416.736
6988.464 289.026
6989.517 439.713
6990.570 340.338
6991.623 349.859
6992.676 370.835
6993.729 316.948
6994.782 348.335
6995.835 358.877
6996.888 376.427
6997.941 394.297
6998.994 362.437
7000.047 383.330
7001.100 482.204
7002.153 663.820
7003.206 739.487
7004.259 533.298
7005.312 453.917
7006.365 327.114
7007.418 346.408
7008.471 326.966
7009.524 344.712
7010.577 642.716
7011.630 781.918
7012.683 678.809
7013.736 421.628
7014.789 319.026
7015.842 313.512
7016.895 328.328
7017.948 338.868
7019.001 321.284
7020.054 331.198
7021.107 331.733
7022.160 307.057
7023.213 332.395
7024.266 348.820
7025.319 339.817
7026.372 340.470
7027.425 301.539
7028.478 316.259
7029.531 325.569
7030.584 367.798
7031.637 397.559
7032.690 388.537
7033.743 338.613
7034.796 319.258
7035.849 337.972
7036.902 305.971
7037.955 318.554
7039.008 328.635
7040.061 338.070
7041.114 454.076
7042.167 468.940
7043.220 406.664
7044.273 348.513
7045.326 403.195
7046.379 468.197
7047.433 647.336
7048.486 700.934
7049.539 586.079
7050.592 482.807
7051.645 423.392
7052.698 444.464
7053.751 453.633
7054.804 418.868
7055.857 400.425
7056.910 361.064
7057.963 308.715
7059.016 318.077
7060.069 364.708
7061.122 393.927
7062.175 395.677
7063.228 415.599
7064.281 430.558
7065.334 403.528
7066.387 453.576
7067.440 513.585
7068.493 920.270
7069.546 1134.813
7070.599 855.852
7071.652 468.561
7072.705 397.454
7073.758 449.584
7074.811 404.876
7075.864 344.008
7076.917 372.165
7077.970 411.280
7079.023 413.750
7080.076 410.822
7081.129 350.925
7082.182 459.275
7083.235 526.176
7084.288 418.398
7085.341 375.308
7086.394 376.668
7087.447 430.656
7088.500 474.732
7089.553 454.489
7090.606 405.461
7091.659 419.201
7092.712 453.454
7093.765 373.628
7094.818 353.378
7095.871 380.916
7096.924 335.433
7097.977 355.885
7099.030 336.617
7100.083 372.597
7101.136 320.534
7102.189 369.909
7103.242 350.154
7104.295 361.590
7105.348 351.448
7106.401 348.555
7107.454 356.860
7108.507 339.206
7109.560 334.276
7110.613 366.829
7111.666 360.646
7112.719 360.294
7113.772 352.148
7114.825 312.355
7115.878 367.815
7116.931 378.745
7117.984 328.666
7119.037 343.328
7120.090 330.399
7121.143 336.498
7122.196 318.300
7123.249 307.431
7124.302 360.638
7125.355 350.155
7126.408 335.928
7127.461 394.465
7128.514 380.548
7129.568 360.364
7130.621 353.649
7131.674 343.342
7132.727 404.686
7133.780 404.551
7134.833 353.281
7135.886 303.857
7136.939 301.747
7137.992 497.815
7139.045 1835.709
7140.098 2525.230
7141.151 1805.944
7142.204 765.660
7143.257 486.699
7144.310 492.075
7145.363 495.701
7146.416 459.503
7147.469 431.088
7148.522 379.749
7149.575 350.313
7150.628 387.884
7151.681 346.310
7152.734 370.167
7153.787 293.739
7154.840 289.264
7155.893 359.219
7156.946 377.719
7157.999 360.937
7159.052 371.265
7160.105 343.644
7161.158 375.653
7162.211 382.916
7163.264 417.577
7164.317 421.264
7165.370 396.204
7166.423 388.841
7167.476 361.692
7168.529 366.181
7169.582 377.896
7170.635 344.421
7171.688 365.072
7172.741 360.372
7173.794 343.355
7174.847 420.444
7175.900 379.233
7176.953 371.017
7178.006 402.436
7179.059 340.105
7180.112 313.515
7181.165 331.886
7182.218 383.915
7183.271 386.013
7184.324 317.239
7185.377 295.636
7186.430 275.135
7187.483 273.922
7188.536 337.960
7189.589 344.072
7190.642 288.963
7191.695 255.488
7192.748 328.547
7193.801 315.363
7194.854 308.003
7195.907 297.415
7196.960 326.623
7198.013 299.561
7199.066 326.129
7200.119 346.761
7201.172 301.447
7202.225 327.497
7203.278 319.505
7204.331 275.728
7205.384 278.340
7206.437 335.606
7207.490 256.650
7208.543 355.584
7209.596 319.448
7210.649 258.293
7211.702 292.440
7212.756 297.451
7213.809 325.955
7214.862 310.068
7215.915 289.425
7216.968 305.458
7218.021 309.988
7219.074 301.442
7220.127 334.718
7221.180 383.891
7222.233 333.041
7223.286 325.549
7224.339 377.978
7225.392 417.364
7226.445 284.899
7227.498 375.650
7228.551 390.724
7229.604 400.549
7230.657 347.348
7231.710 343.504
7232.763 402.439
7233.816 380.139
7234.869 337.891
7235.922 310.793
7236.975 443.187
7238.028 1056.577
7239.081 2103.848
7240.134 3032.891
7241.187 2682.152
7242.240 1565.535
7243.293 1173.517
7244.346 2404.376
7245.399 3115.843
7246.452 2039.526
7247.505 905.372
7248.558 469.928
7249.611 395.917
7250.664 396.853
7251.717 560.627
7252.770 915.033
7253.823 945.629
7254.876 712.572
7255.929 545.852
7256.982 452.822
7258.035 350.966
7259.088 402.936
7260.141 366.838
7261.194 333.535
7262.247 365.593
7263.300 343.789
7264.353 320.540
7265.406 357.541
7266.459 410.533
7267.512 501.239
7268.565 531.210
7269.618 452.401
7270.671 411.691
7271.724 356.212
7272.777 343.191
7273.830 549.717
7274.883 1902.352
7275.936 4388.647
7276.989 4760.340
7278.042 2295.356
7279.095 640.092
7280.148 403.053
7281.201 471.447
7282.254 566.816
7283.307 1171.763
7284.360 2026.852
7285.413 1919.811
7286.466 1015.766
7287.519 481.298
7288.572 386.184
7289.625 401.262
7290.678 393.737
7291.731 391.760
7292.784 392.876
7293.837 376.343
7294.891 596.658
7295.944 830.111
7296.997 722.095
7298.050 495.805
7299.103 347.126
7300.156 304.194
7301.209 361.944
7302.262 649.557
7303.315 1220.077
7304.368 1276.459
7305.421 794.322
7306.474 455.662
7307.527 332.527
7308.580 329.338
7309.633 373.423
7310.686 451.367
7311.739 441.044
7312.792 411.252
7313.845 305.002
7314.898 1558.103
7315.951 3548.569
7317.004 3493.953
7318.057 1802.485
7319.110 602.346
7320.163 347.621
7321.216 357.523
7322.269 377.011
7323.322 456.420
7324.375 537.348
7325.428 463.574
7326.481 385.776
7327.534 740.205
7328.587 1398.231
7329.640 1737.994
7330.693 1160.743
7331.746 511.335
7332.799 470.729
7333.852 449.375
7334.905 472.198
7335.958 466.276
7337.011 419.387
7338.064 349.890
7339.117 940.094
7340.170 3211.039
7341.223 4435.489
7342.276 2772.989
7343.329 978.499
7344.382 420.481
7345.435 408.663
7346.488 397.239
7347.541 375.410
7348.594 378.822
7349.647 355.534
7350.700 411.958
7351.753 396.056
7352.806 351.362
7353.859 354.708
7354.912 360.305
7355.965 344.233
7357.018 631.609
7358.071 1233.574
7359.124 1544.203
7360.177 1013.297
7361.230 476.919
7362.283 367.354
7363.336 344.850
7364.389 407.757
7365.442 413.691
7366.495 308.906
7367.548 786.679
7368.601 2472.193
7369.654 3237.186
7370.707 2246.024
7371.760 973.253
7372.813 390.669
7373.866 422.756
7374.919 408.351
7375.972 336.237
7377.025 362.411
7378.079 335.777
7379.132 301.689
7380.185 320.798
7381.238 299.194
7382.291 310.634
7383.344 355.964
7384.397 310.968
7385.450 316.375
7386.503 313.017
7387.556 316.707
7388.609 341.963
7389.662 308.790
7390.715 616.191
7391.768 1012.723
7392.821 1061.906
7393.874 746.932
7394.927 385.576
7395.980 305.137
7397.033 307.007
7398.086 341.820
7399.139 354.289
7400.192 705.754
7401.245 1616.523
7402.298 2060.159
7403.351 1324.892
7404.404 642.624
7405.457 394.592
7406.510 336.698
7407.563 351.926
7408.616 311.388
7409.669 274.293
7410.722 312.170
7411.775 347.348
7412.828 356.634
7413.881 371.800
7414.934 332.578
7415.987 340.993
7417.040 302.240
7418.093 301.012
7419.146 303.856
7420.199 278.039
7421.252 296.396
7422.305 326.868
7423.358 307.667
7424.411 303.909
7425.464 304.159
7426.517 244.051
7427.570 258.404
7428.623 445.366
7429.676 744.536
7430.729 683.142
7431.782 441.490
7432.835 293.039
7433.888 357.836
7434.941 335.991
7435.994 287.993
7437.047 589.454
7438.100 1038.377
7439.153 1124.551
7440.206 783.739
7441.259 434.233
7442.312 351.854
7443.365 290.154
7444.418 295.113
7445.471 327.255
7446.524 289.378
7447.577 276.166
7448.630 283.260
7449.683 335.531
7450.736 323.706
7451.789 264.463
7452.842 343.753
7453.895 322.672
7454.948 282.337
7456.001 297.648
7457.054 309.891
7458.107 348.820
7459.160 340.852
7460.214 340.198
7461.267 393.717
7462.320 429.580
7463.373 487.659
7464.426 511.746
7465.479 397.818
7466.532 558.121
7467.585 613.621
7468.638 466.604
7469.691 398.886
7470.744 511.176
7471.797 632.935
7472.850 752.342
7473.903 935.232
7474.956 946.494
7476.009 658.625
7477.062 483.439
7478.115 481.980
7479.168 487.546
7480.221 487.381
7481.274 487.218
7482.327 487.048
7483.380 486.878
7484.433 486.711
7485.486 486.536
