3561.035 37085.081
3562.213 36349.928
3563.392 37812.349
3564.571 38441.298
3565.750 38044.450
3566.929 37793.505
3568.108 37048.466
3569.286 38133.609
3570.465 37947.439
3571.644 37813.175
3572.823 37430.670
3574.002 38521.677
3575.180 38108.588
3576.359 39044.456
3577.538 38380.746
3578.717 38440.985
3579.896 37878.386
3581.075 38010.896
3582.253 38908.640
3583.432 38007.779
3584.611 38714.740
3585.790 38439.745
3586.969 39077.027
3588.147 39530.206
3589.326 38153.682
3590.505 39560.365
3591.684 38582.297
3592.863 38467.849
3594.042 40197.189
3595.220 39452.786
3596.399 40039.569
3597.578 39710.746
3598.757 40060.010
3599.936 39314.021
3601.114 39027.109
3602.293 40393.535
3603.472 39758.543
3604.651 40316.227
3605.830 40514.573
3607.009 40889.159
3608.187 40666.474
3609.366 40610.635
3610.545 39637.963
3611.724 39733.980
3612.903 40739.403
3614.081 40186.354
3615.260 41612.003
3616.439 41627.697
3617.618 40819.782
3618.797 40572.534
3619.976 41056.921
3621.154 40762.357
3622.333 40776.509
3623.512 40713.488
3624.691 41324.197
3625.870 41494.361
3627.048 40985.779
3628.227 41985.249
3629.406 41141.668
3630.585 41020.931
3631.764 41167.325
3632.943 40644.290
3634.121 42217.037
3635.300 41097.971
3636.479 41733.946
3637.658 41825.830
3638.837 41255.099
3640.015 40580.711
3641.194 42079.065
3642.373 42410.479
3643.552 41591.272
3644.731 41693.131
3645.910 41023.311
3647.088 41600.007
3648.267 41088.085
3649.446 42000.820
3650.625 41389.955
3651.804 41367.849
3652.982 40836.827
3654.161 41368.117
3655.340 40794.259
3656.519 40566.916
3657.698 41304.895
3658.877 41093.302
3660.055 40808.411
3661.234 40376.959
3662.413 40751.835
3663.592 41474.903
3664.771 40907.187
3665.949 41034.648
3667.128 41099.658
3668.307 41277.439
3669.486 41173.234
3670.665 40279.768
3671.844 40667.781
3673.022 41290.832
3674.201 40834.482
3675.380 40478.874
3676.559 40655.036
3677.738 40736.990
3678.916 41036.726
3680.095 41222.248
3681.274 41604.307
3682.453 41793.739
3683.632 41681.670
3684.811 41000.602
3685.989 42910.683
3687.168 39750.891
3688.347 40055.318
3689.526 40903.903
3690.705 41341.153
3691.883 40490.803
3693.062 41049.515
3694.241 41645.334
3695.420 42150.520
3696.599 39329.559
3697.777 40794.370
3698.956 41867.908
3700.135 40269.246
3701.314 41699.576
3702.493 39664.938
3703.672 39287.772
3704.850 40055.732
3706.029 41317.461
3707.208 43071.118
3708.387 40888.656
3709.566 40366.861
3710.744 38894.956
3711.923 38648.111
3713.102 40457.997
3714.281 42617.560
3715.460 42004.640
3716.639 41002.546
3717.817 40856.364
3718.996 41036.145
3720.175 39059.636
3721.354 39407.995
3722.533 39920.139
3723.711 44854.878
3724.890 45911.906
3726.069 54478.302
3727.248 130142.005
3728.427 227947.307
3729.606 242381.069
3730.784 261778.668
3731.963 240722.659
3733.142 106262.422
3734.321 40429.536
3735.500 40018.603
3736.678 42475.824
3737.857 43035.865
3739.036 40156.385
3740.215 40984.774
3741.394 40399.533
3742.573 40579.493
3743.751 41091.258
3744.930 40852.644
3746.109 39946.757
3747.288 39732.349
3748.467 38887.651
3749.645 37813.209
3750.824 37683.011
3752.003 41702.380
3753.182 42353.870
3754.361 39935.140
3755.540 38093.766
3756.718 38565.196
3757.897 38856.420
3759.076 39711.685
3760.255 40096.759
3761.434 40133.218
3762.612 40429.301
3763.791 40378.701
3764.970 40524.336
3766.149 38988.003
3767.328 38649.194
3768.507 38238.864
3769.685 36363.455
3770.864 35848.171
3772.043 38665.748
3773.222 42564.793
3774.401 40284.359
3775.579 37357.540
3776.758 36781.615
3777.937 38817.984
3779.116 38793.734
3780.295 38596.539
3781.474 40019.139
3782.652 39767.188
3783.831 40380.053
3785.010 40799.319
3786.189 40953.532
3787.368 40764.379
3788.546 40878.715
3789.725 39707.351
3790.904 39505.073
3792.083 39111.543
3793.262 38501.359
3794.441 36919.386
3795.619 36519.634
3796.798 34437.780
3797.977 33469.620
3799.156 37616.293
3800.335 42811.672
3801.513 40216.982
3802.692 35055.504
3803.871 35476.423
3805.050 35915.672
3806.229 37184.628
3807.408 37118.826
3808.586 37530.597
3809.765 37904.300
3810.944 38659.292
3812.123 38175.832
3813.302 38995.967
3814.480 39098.262
3815.659 38866.116
3816.838 38700.141
3818.017 38367.855
3819.196 38260.668
3820.375 37596.142
3821.553 38546.944
3822.732 37830.992
3823.911 37332.218
3825.090 37609.334
3826.269 37715.081
3827.447 38018.614
3828.626 37901.083
3829.805 37537.064
3830.984 36411.408
3832.163 35912.030
3833.342 34070.578
3834.520 31359.261
3835.699 31672.468
3836.878 38974.643
3838.057 44055.508
3839.236 39377.154
3840.414 32738.086
3841.593 33256.396
3842.772 34293.620
3843.951 35557.081
3845.130 35720.789
3846.309 35939.263
3847.487 36306.532
3848.666 37110.370
3849.845 37206.332
3851.024 37067.388
3852.203 37233.631
3853.381 37252.319
3854.560 37510.647
3855.739 36935.001
3856.918 37006.411
3858.097 36860.341
3859.275 37559.806
3860.454 37089.773
3861.633 36200.451
3862.812 36405.063
3863.991 36307.895
3865.170 36654.355
3866.348 36118.117
3867.527 36438.796
3868.706 38892.332
3869.885 72450.363
3871.064 104566.257
3872.242 91737.278
3873.421 46075.814
3874.600 35047.673
3875.779 35345.991
3876.958 35067.467
3878.137 35013.661
3879.315 34632.831
3880.494 34050.561
3881.673 33985.797
3882.852 33096.386
3884.031 33448.208
3885.209 32201.569
3886.388 30719.421
3887.567 29726.140
3888.746 28587.671
3889.925 43074.916
3891.104 61382.724
3892.282 58305.501
3893.461 34983.289
3894.640 29059.637
3895.819 29923.291
3896.998 31526.353
3898.176 32245.120
3899.355 32428.208
3900.534 32997.900
3901.713 32987.780
3902.892 33029.913
3904.071 33332.911
3905.249 33193.788
3906.428 33449.570
3907.607 33363.963
3908.786 33141.435
3909.965 33198.446
3911.143 33385.577
3912.322 33052.019
3913.501 33330.800
3914.680 33221.323
3915.859 32397.803
3917.038 33332.118
3918.216 32871.355
3919.395 31998.822
3920.574 32424.812
3921.753 31681.013
3922.932 31943.810
3924.110 31691.535
3925.289 31017.716
3926.468 30905.726
3927.647 30887.385
3928.826 31234.068
3930.005 31500.807
3931.183 30715.031
3932.362 30875.678
3933.541 29609.816
3934.720 27701.030
3935.899 26160.285
3937.077 28042.162
3938.256 30755.020
3939.435 31447.862
3940.614 31544.214
3941.793 31405.002
3942.972 31385.231
3944.150 30986.384
3945.329 31017.705
3946.508 31066.909
3947.687 31068.372
3948.866 31147.981
3950.044 30282.540
3951.223 30747.201
3952.402 30273.291
3953.581 29926.765
3954.760 29911.060
3955.939 29908.893
3957.117 29745.621
3958.296 29606.967
3959.475 29512.469
3960.654 29358.871
3961.833 29060.062
3963.011 28556.596
3964.190 28236.118
3965.369 27729.078
3966.548 28217.553
3967.727 28183.541
3968.906 34825.469
3970.084 39298.573
3971.263 44058.222
3972.442 48713.710
3973.621 44229.112
3974.800 28953.779
3975.978 24948.876
3977.157 26265.183
3978.336 26287.791
3979.515 27059.660
3980.694 27412.878
3981.873 27682.276
3983.051 28412.649
3984.230 27758.277
3985.409 27854.205
3986.588 28663.583
3987.767 28275.179
3988.945 28260.011
3990.124 28220.514
3991.303 28060.526
3992.482 27778.975
3993.661 27716.300
3994.840 27942.369
3996.018 27957.091
3997.197 28076.946
3998.376 27361.451
3999.555 27940.940
4000.734 27667.308
4001.912 27199.363
4003.091 27191.310
4004.270 27282.122
4005.449 27315.163
4006.628 27533.815
4007.807 26958.393
4008.985 26601.176
4010.164 26996.952
4011.343 26850.312
4012.522 26750.396
4013.701 26643.767
4014.879 26615.641
4016.058 26755.088
4017.237 26772.848
4018.416 26441.267
4019.595 26439.457
4020.773 26503.383
4021.952 25969.993
4023.131 25659.501
4024.310 25614.597
4025.489 24716.116
4026.668 24961.532
4027.846 25391.186
4029.025 25588.761
4030.204 24812.591
4031.383 23863.365
4032.562 25041.822
4033.740 25119.219
4034.919 25213.013
4036.098 25456.374
4037.277 25685.538
4038.456 25464.673
4039.635 25209.796
4040.813 25257.727
4041.992 25249.506
4043.171 25357.196
4044.350 25161.899
4045.529 25232.516
4046.707 25016.276
4047.886 24916.215
4049.065 24898.589
4050.244 24947.112
4051.423 24575.877
4052.602 24695.775
4053.780 24691.732
4054.959 24810.145
4056.138 24690.615
4057.317 24210.528
4058.496 24363.870
4059.674 24263.284
4060.853 24523.009
4062.032 24199.258
4063.211 24332.482
4064.390 24316.487
4065.569 24495.453
4066.747 24538.278
4067.926 24191.617
4069.105 24542.020
4070.284 25565.617
4071.463 26320.184
4072.641 25113.176
4073.820 23970.764
4074.999 23788.012
4076.178 23518.491
4077.357 23672.045
4078.536 24059.264
4079.714 23906.190
4080.893 23721.941
4082.072 23171.930
4083.251 23004.068
4084.430 23544.003
4085.608 22805.499
4086.787 23158.135
4087.966 22805.074
4089.145 22954.774
4090.324 22483.535
4091.503 22390.310
4092.681 22249.132
4093.860 22052.518
4095.039 21316.437
4096.218 21371.449
4097.397 21288.210
4098.575 20709.761
4099.754 20023.599
4100.933 19012.234
4102.112 21348.327
4103.291 40541.906
4104.470 55514.129
4105.648 42253.295
4106.827 23862.460
4108.006 19974.652
4109.185 20855.876
4110.364 20646.025
4111.542 21132.903
4112.721 21161.900
4113.900 21605.997
4115.079 21481.988
4116.258 21553.174
4117.437 21697.513
4118.615 21394.225
4119.794 21484.713
4120.973 21219.582
4122.152 21401.564
4123.331 21446.087
4124.509 21413.962
4125.688 21266.865
4126.867 21258.509
4128.046 21370.935
4129.225 21060.722
4130.404 21154.796
4131.582 21126.904
4132.761 21166.223
4133.940 20891.050
4135.119 20975.908
4136.298 21130.948
4137.476 21147.301
4138.655 21193.589
4139.834 21034.015
4141.013 20868.129
4142.192 20850.402
4143.371 20625.260
4144.549 20317.135
4145.728 20386.222
4146.907 20295.600
4148.086 20397.269
4149.265 20515.716
4150.443 20269.987
4151.622 20294.952
4152.801 20546.645
4153.980 20276.577
4155.159 20252.293
4156.338 20218.113
4157.516 20567.131
4158.695 20332.226
4159.874 20076.768
4161.053 19960.042
4162.232 20120.577
4163.410 20053.669
4164.589 20341.821
4165.768 19961.996
4166.947 19981.801
4168.126 20033.842
4169.305 19828.772
4170.483 19765.080
4171.662 19686.343
4172.841 19902.684
4174.020 20017.623
4175.199 19856.965
4176.377 19847.738
4177.556 20094.942
4178.735 20002.912
4179.914 19853.681
4181.093 19969.022
4182.271 19929.570
4183.450 19665.332
4184.629 19228.630
4185.808 19263.726
4186.987 19168.144
4188.166 19127.262
4189.344 18940.768
4190.523 18997.266
4191.702 18908.386
4192.881 19065.470
4194.060 18602.831
4195.238 18737.597
4196.417 18711.370
4197.596 18499.274
4198.775 18562.105
4199.954 18191.529
4201.133 17767.426
4202.311 17272.517
4203.490 17577.592
4204.669 17657.335
4205.848 17783.824
4207.027 18259.309
4208.205 18082.074
4209.384 18237.739
4210.563 18274.031
4211.742 18207.837
4212.921 18382.949
4214.100 18355.002
4215.278 18016.015
4216.457 18171.490
4217.636 17923.471
4218.815 18006.230
4219.994 18068.871
4221.172 18063.219
4222.351 17940.070
4223.530 17921.606
4224.709 17852.050
4225.888 17951.352
4227.067 17955.373
4228.245 17692.520
4229.424 17671.722
4230.603 17585.691
4231.782 17631.946
4232.961 17819.635
4234.139 18248.295
4235.318 18661.317
4236.497 18935.440
4237.676 18335.164
4238.855 17736.072
4240.034 17588.103
4241.212 17217.136
4242.391 17307.993
4243.570 17266.407
4244.749 17343.491
4245.928 17998.009
4247.106 17990.067
4248.285 17564.803
4249.464 17257.259
4250.643 17165.844
4251.822 17070.910
4253.001 17075.646
4254.179 17180.298
4255.358 17098.868
4256.537 16946.119
4257.716 16777.474
4258.895 16805.220
4260.073 16905.069
4261.252 16682.116
4262.431 16858.948
4263.610 16697.352
4264.789 16562.563
4265.968 16704.791
4267.146 16774.961
4268.325 16877.267
4269.504 16342.771
4270.683 16497.777
4271.862 16402.028
4273.040 16373.332
4274.219 16517.805
4275.398 16497.498
4276.577 16396.108
4277.756 16480.285
4278.935 16735.207
4280.113 16746.276
4281.292 16136.841
4282.471 16200.745
4283.650 16209.323
4284.829 15958.132
4286.007 16143.510
4287.186 16061.600
4288.365 16157.963
4289.544 17117.109
4290.723 17161.499
4291.902 16443.223
4293.080 16103.521
4294.259 15888.577
4295.438 15746.461
4296.617 16004.488
4297.796 15802.735
4298.974 15853.101
4300.153 15850.331
4301.332 15693.560
4302.511 15898.105
4303.690 15984.739
4304.869 15840.925
4306.047 15632.359
4307.226 15768.790
4308.405 15592.594
4309.584 15543.424
4310.763 15361.196
4311.941 15410.467
4313.120 15185.492
4314.299 15422.330
4315.478 15426.239
4316.657 15128.268
4317.836 15301.716
4319.014 15224.911
4320.193 15345.927
4321.372 15329.920
4322.551 15408.166
4323.730 15125.074
4324.908 14802.741
4326.087 14871.682
4327.266 15060.254
4328.445 14819.150
4329.624 14547.127
4330.803 14462.704
4331.981 14547.462
4333.160 14400.174
4334.339 14384.156
4335.518 14105.711
4336.697 13776.542
4337.875 13434.773
4339.054 12954.966
4340.233 13640.279
4341.412 24745.370
4342.591 56533.392
4343.769 61950.172
4344.948 38708.998
4346.127 15814.285
4347.306 14999.657
4348.485 14506.390
4349.664 14470.992
4350.842 14344.447
4352.021 14167.000
4353.200 14599.380
4354.379 14702.010
4355.558 14630.511
4356.736 14653.465
4357.915 14237.617
4359.094 14231.239
4360.273 14524.452
4361.452 15061.740
4362.631 14892.380
4363.809 15493.438
4364.988 18180.069
4366.167 20182.224
4367.346 17894.742
4368.525 14471.003
4369.703 13977.166
4370.882 14127.492
4372.061 14084.644
4373.240 13884.299
4374.419 14015.368
4375.598 13953.877
4376.776 14134.239
4377.955 13947.108
4379.134 13709.444
4380.313 13750.035
4381.492 13642.781
4382.670 13538.654
4383.849 13766.254
4385.028 13784.115
4386.207 13678.760
4387.386 13730.957
4388.565 13648.455
4389.743 13539.090
4390.922 13509.769
4392.101 13349.613
4393.280 13279.510
4394.459 13348.396
4395.637 13472.316
4396.816 13597.487
4397.995 13533.192
4399.174 13515.555
4400.353 13655.336
4401.532 13584.016
4402.710 13323.799
4403.889 13352.786
4405.068 13337.349
4406.247 13232.362
4407.426 13339.560
4408.604 13204.817
4409.783 13105.024
4410.962 13213.362
4412.141 13247.084
4413.320 13218.422
4414.499 13352.640
4415.677 13735.425
4416.856 13679.463
4418.035 13883.975
4419.214 13802.233
4420.393 13591.086
4421.571 13458.532
4422.750 13112.854
4423.929 13051.285
4425.108 12966.482
4426.287 13109.827
4427.466 13015.329
4428.644 12842.719
4429.823 12916.519
4431.002 12835.682
4432.181 12962.707
4433.360 12759.491
4434.538 12902.154
4435.717 12892.749
4436.896 12564.742
4438.075 12685.601
4439.254 12837.983
4440.433 12636.844
4441.611 12648.037
4442.790 12669.997
4443.969 12626.322
4445.148 12725.277
4446.327 12741.250
4447.505 12666.612
4448.684 12620.458
4449.863 12576.917
4451.042 12657.151
4452.221 12664.769
4453.400 12692.873
4454.578 12887.980
4455.757 12830.934
4456.936 12541.095
4458.115 12445.346
4459.294 12621.151
4460.472 12722.987
4461.651 12743.373
4462.830 12479.414
4464.009 12200.477
4465.188 12251.759
4466.367 12287.078
4467.545 12296.986
4468.724 12193.127
4469.903 12181.600
4471.082 12063.310
4472.261 12217.188
4473.439 14035.261
4474.618 14962.863
4475.797 13396.226
4476.976 12013.815
4478.155 12098.361
4479.334 12205.995
4480.512 12219.254
4481.691 12207.012
4482.870 11998.323
4484.049 12004.723
4485.228 12085.918
4486.406 12184.526
4487.585 12050.218
4488.764 12214.361
4489.943 12301.722
4491.122 12414.874
4492.301 12540.045
4493.479 12367.737
4494.658 12399.314
4495.837 12329.982
4497.016 12082.879
4498.195 12009.001
4499.373 11991.576
4500.552 12041.640
4501.731 11981.702
4502.910 11987.510
4504.089 12069.040
4505.267 11954.927
4506.446 11927.214
4507.625 11983.578
4508.804 12037.429
4509.983 12277.025
4511.162 12287.022
4512.340 12284.208
4513.519 12125.962
4514.698 12041.818
4515.877 11982.338
4517.056 12108.124
4518.234 12389.585
4519.413 12249.648
4520.592 12055.312
4521.771 12062.595
4522.950 12291.468
4524.129 12292.272
4525.307 12239.293
4526.486 12077.674
4527.665 11873.062
4528.844 11889.527
4530.023 11801.943
4531.201 11906.137
4532.380 11907.220
4533.559 11895.938
4534.738 11967.393
4535.917 11945.254
4537.096 11818.921
4538.274 11742.898
4539.453 11820.485
4540.632 11517.767
4541.811 11208.302
4542.990 11072.708
4544.168 10865.057
4545.347 10907.966
4546.526 10945.279
4547.705 11102.385
4548.884 11443.062
4550.063 11654.610
4551.241 12093.368
4552.420 12240.198
4553.599 12017.468
4554.778 11854.933
4555.957 11786.752
4557.135 11823.222
4558.314 11962.567
4559.493 11992.067
4560.672 11819.625
4561.851 11554.661
4563.030 11565.887
4564.208 11715.945
4565.387 11684.110
4566.566 11664.094
4567.745 11541.883
4568.924 11537.046
4570.102 11490.233
4571.281 11363.263
4572.460 11540.922
4573.639 11624.027
4574.818 11624.954
4575.997 11559.989
4577.175 11626.038
4578.354 11506.753
4579.533 11495.203
4580.712 11618.922
4581.891 11541.883
4583.069 11441.688
4584.248 11569.931
4585.427 12169.503
4586.606 12428.345
4587.785 12315.305
4588.964 11795.609
4590.142 11674.683
4591.321 11578.297
4592.500 11450.278
4593.679 11354.160
4594.858 11206.113
4596.036 11294.166
4597.215 11167.984
4598.394 11329.530
4599.573 11357.053
4600.752 11244.616
4601.931 11088.916
4603.109 11230.899
4604.288 11206.101
4605.467 11164.387
4606.646 11318.606
4607.825 11218.500
4609.003 11398.817
4610.182 11294.512
4611.361 11227.336
4612.540 11220.455
4613.719 11188.922
4614.898 11200.472
4616.076 11191.469
4617.255 11159.775
4618.434 11086.283
4619.613 11239.310
4620.792 11189.369
4621.970 11247.777
4623.149 11386.296
4624.328 11329.307
4625.507 11188.877
4626.686 11149.732
4627.865 11290.580
4629.043 11145.343
4630.222 11367.798
4631.401 11771.907
4632.580 11806.411
4633.759 11618.241
4634.937 11406.536
4636.116 11349.614
4637.295 11139.326
4638.474 11245.867
4639.653 11238.550
4640.832 11164.207
4642.010 11167.787
4643.189 11284.872
4644.368 11072.650
4645.547 11012.510
4646.726 11058.155
4647.904 11055.604
4649.083 11019.957
4650.262 11101.339
4651.441 11094.264
4652.620 11137.495
4653.799 11266.241
4654.977 11219.226
4656.156 11236.741
4657.335 11048.076
4658.514 11030.721
4659.693 11277.522
4660.871 11293.831
4662.050 11334.802
4663.229 11295.785
4664.408 11104.861
4665.587 11045.156
4666.765 11156.495
4667.944 11104.450
4669.123 11140.004
4670.302 11119.533
4671.481 11058.300
4672.660 11167.317
4673.838 10979.000
4675.017 10967.406
4676.196 10989.428
4677.375 11038.321
4678.554 10964.250
4679.732 11034.131
4680.911 10816.552
4682.090 10934.521
4683.269 10903.709
4684.448 10822.636
4685.627 10680.534
4686.805 10526.480
4687.984 10204.224
4689.163 10049.097
4690.342 10034.349
4691.521 10307.536
4692.699 10785.940
4693.878 10718.549
4695.057 10841.250
4696.236 10904.001
4697.415 10950.778
4698.594 10883.231
4699.772 10991.033
4700.951 10977.589
4702.130 10941.157
4703.309 10925.880
4704.488 11094.350
4705.666 11013.166
4706.845 10960.125
4708.024 10788.795
4709.203 10749.752
4710.382 10876.944
4711.561 10835.853
4712.739 10906.310
4713.918 11047.427
4715.097 11289.787
4716.276 11081.753
4717.455 10840.309
4718.633 10744.687
4719.812 10811.239
4720.991 10920.288
4722.170 10779.889
4723.349 10823.357
4724.528 10761.978
4725.706 10683.818
4726.885 10806.240
4728.064 10778.013
4729.243 10811.477
4730.422 10887.684
4731.600 10973.987
4732.779 10883.303
4733.958 10740.367
4735.137 10856.966
4736.316 10806.785
4737.495 10751.480
4738.673 10740.157
4739.852 10746.297
4741.031 10797.985
4742.210 10934.424
4743.389 10932.283
4744.567 10741.068
4745.746 10652.589
4746.925 10783.114
4748.104 10657.144
4749.283 10727.686
4750.462 10809.267
4751.640 10567.616
4752.819 10476.209
4753.998 10548.473
4755.177 10524.767
4756.356 10643.870
4757.534 10753.931
4758.713 10588.948
4759.892 10678.275
4761.071 10386.868
4762.250 10480.063
4763.429 10432.150
4764.607 10464.266
4765.786 10461.773
4766.965 10491.494
4768.144 10334.583
4769.323 10370.531
4770.501 10433.112
4771.680 10446.598
4772.859 10406.154
4774.038 10654.833
4775.217 10523.024
4776.396 10434.212
4777.574 10544.957
4778.753 10497.723
4779.932 10438.842
4781.111 10392.217
4782.290 10286.063
4783.468 10321.243
4784.647 10387.058
4785.826 10325.842
4787.005 10248.081
4788.184 10241.884
4789.363 10211.452
4790.541 10179.786
4791.720 10217.030
4792.899 10244.574
4794.078 10388.655
4795.257 10331.700
4796.435 10236.118
4797.614 10265.306
4798.793 10318.724
4799.972 10381.980
4801.151 10242.626
4802.330 10330.005
4803.508 10309.836
4804.687 10226.862
4805.866 10165.983
4807.045 10073.541
4808.224 10081.910
4809.402 10191.605
4810.581 10136.582
4811.760 10139.589
4812.939 10127.257
4814.118 10205.263
4815.296 10146.501
4816.475 10393.904
4817.654 10370.554
4818.833 10412.045
4820.012 10076.594
4821.191 10090.261
4822.369 10020.057
4823.548 9887.358
4824.727 10117.045
4825.906 10072.676
4827.085 10040.630
4828.263 10111.895
4829.442 10142.769
4830.621 10059.526
4831.800 10018.379
4832.979 9958.968
4834.158 9845.498
4835.336 9948.065
4836.515 9973.906
4837.694 9971.113
4838.873 10020.925
4840.052 9980.368
4841.230 10003.953
4842.409 10002.145
4843.588 9960.589
4844.767 9897.487
4845.946 9901.071
4847.125 9849.197
4848.303 9804.268
4849.482 9931.751
4850.661 9854.410
4851.840 9927.496
4853.019 9888.979
4854.197 9977.884
4855.376 10179.834
4856.555 10049.643
4857.734 10089.946
4858.913 10054.321
4860.092 10291.363
4861.270 12560.777
4862.449 35136.240
4863.628 98053.477
4864.807 116107.235
4865.986 63866.184
4867.164 22836.116
4868.343 14123.337
4869.522 12555.728
4870.701 11299.896
4871.880 10825.888
4873.059 10578.278
4874.237 10181.939
4875.416 10031.214
4876.595 10082.895
4877.774 10037.287
4878.953 9804.498
4880.131 9698.586
4881.310 9821.991
4882.489 9755.689
4883.668 9659.083
4884.847 9574.082
4886.026 9606.403
4887.204 9561.999
4888.383 9651.183
4889.562 9579.304
4890.741 9595.180
4891.920 9804.692
4893.098 9823.424
4894.277 9499.334
4895.456 9699.974
4896.635 9474.555
4897.814 9533.280
4898.993 9519.562
4900.171 9477.144
4901.350 9570.501
4902.529 9518.491
4903.708 9450.057
4904.887 9535.271
4906.065 9526.131
4907.244 9635.845
4908.423 9722.243
4909.602 9544.650
4910.781 9377.461
4911.960 9363.447
4913.138 9348.509
4914.317 9454.622
4915.496 9447.413
4916.675 9480.349
4917.854 9385.892
4919.032 9239.176
4920.211 9280.990
4921.390 9241.136
4922.569 9209.437
4923.748 9666.547
4924.927 10500.879
4926.105 10749.692
4927.284 10493.125
4928.463 10022.002
4929.642 9573.142
4930.821 9435.155
4931.999 9396.616
4933.178 9366.275
4934.357 9332.447
4935.536 9186.916
4936.715 9234.614
4937.894 9257.287
4939.072 9323.350
4940.251 9242.172
4941.430 9186.545
4942.609 9264.843
4943.788 9274.806
4944.966 9158.315
4946.145 9156.459
4947.324 9161.459
4948.503 9252.490
4949.682 9277.733
4950.861 9352.821
4952.039 9207.018
4953.218 9288.012
4954.397 9374.842
4955.576 9285.134
4956.755 8896.525
4957.933 10226.634
4959.112 7891.290
4960.291 55570.862
4961.470 140053.705
4962.649 136830.824
4963.828 61551.291
4965.006 6673.353
4966.185 10432.530
4967.364 9095.725
4968.543 9304.368
4969.722 9042.573
4970.900 9189.015
4972.079 9144.551
4973.258 9133.454
4974.437 9109.385
4975.616 9139.290
4976.794 9130.402
4977.973 9098.701
4979.152 8984.195
4980.331 9085.325
4981.510 9066.619
4982.689 9116.957
4983.867 9103.878
4985.046 9045.871
4986.225 8912.282
4987.404 9111.300
4988.583 9337.492
4989.761 9244.420
4990.940 9130.949
4992.119 9066.156
4993.298 8951.372
4994.477 8978.994
4995.656 9033.255
4996.834 8949.594
4998.013 8930.963
4999.192 9018.902
5000.371 9074.069
5001.550 8961.876
5002.728 9125.499
5003.907 8810.144
5005.086 9837.457
5006.265 8125.276
5007.444 27197.163
5008.623 229861.175
5009.801 423087.765
5010.980 350688.070
5012.159 69194.419
5013.338 7495.776
5014.517 10145.001
5015.695 8709.448
5016.874 9439.546
5018.053 10508.755
5019.232 11213.842
5020.411 10832.533
5021.590 10569.853
5022.768 10223.401
5023.947 9557.589
5025.126 9204.320
5026.305 9056.481
5027.484 8826.963
5028.662 8830.575
5029.841 8819.526
5031.020 8735.690
5032.199 8912.323
5033.378 8760.076
5034.557 8768.452
5035.735 8777.271
5036.914 8645.093
5038.093 8813.711
5039.272 8739.517
5040.451 8618.116
5041.629 8649.435
5042.808 8634.108
5043.987 8700.743
5045.166 8733.666
5046.345 8706.147
5047.524 8598.275
5048.702 8599.074
5049.881 8638.576
5051.060 8756.876
5052.239 8601.278
5053.418 8494.162
5054.596 8624.233
5055.775 8530.564
5056.954 8527.419
5058.133 8674.224
5059.312 8587.684
5060.491 8604.259
5061.669 8675.847
5062.848 8556.886
5064.027 8542.106
5065.206 8538.903
5066.385 8510.148
5067.563 8350.370
5068.742 8372.256
5069.921 8454.149
5071.100 8436.432
5072.279 8413.547
5073.458 8501.260
5074.636 8419.715
5075.815 8323.527
5076.994 8297.203
5078.173 8411.628
5079.352 8387.982
5080.530 8353.904
5081.709 8303.953
5082.888 8312.058
5084.067 8271.612
5085.246 8234.438
5086.425 8212.379
5087.603 8220.673
5088.782 8264.170
5089.961 8274.657
5091.140 8277.937
5092.319 8333.816
5093.497 8378.388
5094.676 8289.580
5095.855 8283.976
5097.034 8297.441
5098.213 8172.095
5099.392 8345.710
5100.570 8243.822
5101.749 8249.988
5102.928 8268.119
5104.107 8181.176
5105.286 8265.009
5106.464 8310.537
5107.643 8177.327
5108.822 8183.873
5110.001 8268.151
5111.180 8249.782
5112.359 8137.051
5113.537 8229.062
5114.716 8232.549
5115.895 8198.425
5117.074 8154.197
5118.253 8071.474
5119.431 8031.341
5120.610 8099.146
5121.789 8112.201
5122.968 8079.726
5124.147 8128.062
5125.326 8033.630
5126.504 8097.144
5127.683 8159.956
5128.862 8063.226
5130.041 8044.383
5131.220 7946.946
5132.398 8140.273
5133.577 8037.181
5134.756 8010.929
5135.935 7953.308
5137.114 7978.700
5138.292 7971.641
5139.471 7901.086
5140.650 7876.615
5141.829 7947.330
5143.008 8043.070
5144.187 8062.236
5145.365 8040.957
5146.544 8004.910
5147.723 7940.501
5148.902 7948.850
5150.081 8073.973
5151.259 8041.500
5152.438 7887.779
5153.617 7913.701
5154.796 7946.368
5155.975 7995.659
5157.154 7958.810
5158.332 7834.236
5159.511 8013.874
5160.690 8324.677
5161.869 8551.996
5163.048 8234.110
5164.226 8013.240
5165.405 7933.943
5166.584 7978.930
5167.763 8091.527
5168.942 7997.475
5170.121 8270.770
5171.299 8806.289
5172.478 8920.922
5173.657 8611.627
5174.836 8310.221
5176.015 8140.283
5177.193 7963.049
5178.372 7893.428
5179.551 7855.423
5180.730 7751.864
5181.909 7824.913
5183.088 7799.455
5184.266 7743.136
5185.445 7904.907
5186.624 7865.826
5187.803 7783.937
5188.982 7771.901
5190.160 7870.171
5191.339 7755.163
5192.518 7725.596
5193.697 7839.811
5194.876 7824.514
5196.055 7855.915
5197.233 8017.053
5198.412 8311.582
5199.591 8579.890
5200.770 8649.139
5201.949 8440.834
5203.127 8178.142
5204.306 7979.264
5205.485 7778.651
5206.664 7700.808
5207.843 7687.356
5209.022 7627.101
5210.200 7661.939
5211.379 7584.975
5212.558 7587.181
5213.737 7622.358
5214.916 7578.980
5216.094 7660.005
5217.273 7717.771
5218.452 7628.109
5219.631 7542.061
5220.810 7603.751
5221.989 7656.025
5223.167 7754.116
5224.346 7739.385
5225.525 7662.036
5226.704 7650.584
5227.883 7655.307
5229.061 7640.406
5230.240 7577.173
5231.419 7543.938
5232.598 7557.518
5233.777 7550.943
5234.956 7582.594
5236.134 7690.844
5237.313 7883.748
5238.492 8001.312
5239.671 7816.299
5240.850 7604.154
5242.028 7521.085
5243.207 7410.843
5244.386 7451.541
5245.565 7369.378
5246.744 7473.497
5247.923 7461.529
5249.101 7433.966
5250.280 7423.527
5251.459 7345.319
5252.638 7337.386
5253.817 7441.826
5254.995 7524.797
5256.174 7483.405
5257.353 7426.942
5258.532 7416.521
5259.711 7358.714
5260.890 7372.572
5262.068 7381.279
5263.247 7458.656
5264.426 7781.620
5265.605 7578.604
5266.784 7395.441
5267.962 7359.989
5269.141 7208.867
5270.320 7357.959
5271.499 7258.851
5272.678 7457.186
5273.857 7385.288
5275.035 7501.160
5276.214 7635.089
5277.393 7734.558
5278.572 7793.480
5279.751 7646.360
5280.929 7476.640
5282.108 7312.922
5283.287 7203.676
5284.466 7210.560
5285.645 7206.133
5286.824 7241.852
5288.002 7238.256
5289.181 7253.868
5290.360 7187.434
5291.539 7210.378
5292.718 7186.043
5293.896 7050.961
5295.075 7297.941
5296.254 7272.399
5297.433 7123.163
5298.612 7038.324
5299.790 7115.338
5300.969 7093.278
5302.148 7102.943
5303.327 7097.752
5304.506 6955.118
5305.685 6955.823
5306.863 7040.050
5308.042 7064.309
5309.221 7031.690
5310.400 6900.291
5311.579 6945.641
5312.757 7014.833
5313.936 6989.015
5315.115 6984.992
5316.294 7009.644
5317.473 7211.905
5318.652 7802.526
5319.830 8313.070
5321.009 7852.976
5322.188 7344.076
5323.367 6968.679
5324.546 6931.136
5325.724 6895.460
5326.903 6867.062
5328.082 6947.529
5329.261 7086.903
5330.440 7041.996
5331.619 6858.334
5332.797 6844.165
5333.976 6799.564
5335.155 6859.796
5336.334 7133.707
5337.513 7008.510
5338.691 6803.088
5339.870 6787.843
5341.049 6684.471
5342.228 6729.877
5343.407 6782.401
5344.586 6714.944
5345.764 6749.732
5346.943 6787.283
5348.122 6722.728
5349.301 6754.293
5350.480 6679.158
5351.658 6792.278
5352.837 6788.024
5354.016 6648.371
5355.195 6704.601
5356.374 6729.740
5357.553 6754.125
5358.731 6713.539
5359.910 6566.613
5361.089 6533.432
5362.268 6656.654
5363.447 6735.263
5364.625 6700.920
5365.804 6715.271
5366.983 6786.478
5368.162 6741.998
5369.341 6638.903
5370.520 6533.812
5371.698 6570.659
5372.877 6506.181
5374.056 6477.967
5375.235 6437.004
5376.414 6496.568
5377.592 6584.912
5378.771 6627.294
5379.950 6624.637
5381.129 6513.235
5382.308 6559.830
5383.487 6564.339
5384.665 6497.681
5385.844 6406.739
5387.023 6479.208
5388.202 6472.507
5389.381 6427.955
5390.559 6435.415
5391.738 6375.906
5392.917 6370.557
5394.096 6297.119
5395.275 6381.990
5396.454 6453.850
5397.632 6417.182
5398.811 6456.272
5399.990 6411.930
5401.169 6321.645
5402.348 6295.103
5403.526 6257.234
5404.705 6282.653
5405.884 6304.657
5407.063 6258.646
5408.242 6197.390
5409.421 6222.266
5410.599 6269.873
5411.778 6064.486
5412.957 6029.499
5414.136 5793.525
5415.315 5857.874
5416.493 5889.746
5417.672 5904.351
5418.851 5959.614
5420.030 6055.359
5421.209 6160.216
5422.388 6165.974
5423.566 6142.266
5424.745 6143.232
5425.924 6132.236
5427.103 6162.405
5428.282 6189.142
5429.460 6109.244
5430.639 6123.840
5431.818 6193.606
5432.997 6074.966
5434.176 6063.316
5435.355 6207.367
5436.533 6230.510
5437.712 6143.299
5438.891 6063.889
5440.070 6089.610
5441.249 6070.788
5442.427 6073.822
5443.606 6076.480
5444.785 6033.340
5445.964 5970.836
5447.143 5936.681
5448.322 6003.513
5449.500 5986.468
5450.679 5895.241
5451.858 5988.928
5453.037 6085.027
5454.216 5976.437
5455.394 5988.059
5456.573 5937.426
5457.752 5787.437
5458.931 5826.004
5460.110 5844.696
5461.288 5953.144
5462.467 5993.869
5463.646 5967.708
5464.825 5875.309
5466.004 5879.588
5467.183 5930.596
5468.361 5890.440
5469.540 5816.311
5470.719 5791.341
5471.898 5849.128
5473.077 5835.093
5474.255 5837.388
5475.434 5831.631
5476.613 5771.584
5477.792 5816.882
5478.971 5860.011
5480.150 5793.097
5481.328 5838.047
5482.507 5934.464
5483.686 5775.243
5484.865 5773.564
5486.044 5824.355
5487.222 5801.702
5488.401 5790.723
5489.580 5755.023
5490.759 5731.218
5491.938 5785.060
5493.117 5765.136
5494.295 5705.619
5495.474 5750.395
5496.653 5679.718
5497.832 5778.735
5499.011 5755.100
5500.189 5720.246
5501.368 5604.706
5502.547 5609.977
5503.726 5575.170
5504.905 5717.303
5506.084 5746.814
5507.262 5682.416
5508.441 5689.032
5509.620 5710.334
5510.799 5621.243
5511.978 5650.506
5513.156 5705.811
5514.335 5609.183
5515.514 5644.314
5516.693 5610.565
5517.872 5627.660
5519.051 5622.905
5520.229 5780.369
5521.408 5893.895
5522.587 5787.462
5523.766 5652.227
5524.945 5574.257
5526.123 5570.460
5527.302 5611.693
5528.481 5558.163
5529.660 5643.580
5530.839 5670.539
5532.018 5634.423
5533.196 5603.344
5534.375 5533.478
5535.554 5558.404
5536.733 5600.679
5537.912 5679.979
5539.090 5649.856
5540.269 5729.493
5541.448 5674.750
5542.627 5674.004
5543.806 5557.365
5544.985 5532.498
5546.163 5509.657
5547.342 5465.239
5548.521 5515.287
5549.700 5509.907
5550.879 5498.899
5552.057 5491.087
5553.236 5472.855
5554.415 5502.383
5555.594 5514.384
5556.773 5456.122
5557.952 5408.254
5559.130 5488.118
5560.309 5508.019
5561.488 5377.107
5562.667 5486.545
5563.846 5450.476
5565.024 5416.078
5566.203 5465.187
5567.382 5403.557
5568.561 5436.939
5569.740 5399.418
5570.919 5375.360
5572.097 5355.228
5573.276 5469.015
5574.455 4989.550
5575.634 7728.483
5576.813 13811.761
5577.991 15123.901
5579.170 10663.738
5580.349 5688.536
5581.528 5478.205
5582.707 5396.015
5583.886 5356.243
5585.064 5307.440
5586.243 5263.491
5587.422 5280.705
5588.601 5295.111
5589.780 5322.490
5590.958 5381.388
5592.137 5322.389
5593.316 5238.025
5594.495 5281.966
5595.674 5232.600
5596.853 5138.034
5598.031 5179.560
5599.210 5208.860
5600.389 5253.929
5601.568 5205.138
5602.747 5214.481
5603.925 5209.636
5605.104 5234.929
5606.283 5281.214
5607.462 5307.192
5608.641 5257.047
5609.820 5273.050
5610.998 5281.886
5612.177 5203.876
5613.356 5210.721
5614.535 5300.788
5615.714 5238.247
5616.892 5164.332
5618.071 5197.214
5619.250 5197.689
5620.429 5222.205
5621.608 5164.903
5622.786 5221.014
5623.965 5144.134
5625.144 5136.082
5626.323 5210.576
5627.502 5196.723
5628.681 5125.590
5629.859 5190.204
5631.038 5097.346
5632.217 5102.866
5633.396 5160.818
5634.575 5135.774
5635.753 5108.708
5636.932 5071.740
5638.111 5082.044
5639.290 5109.727
5640.469 5048.328
5641.648 5024.656
5642.826 5011.322
5644.005 5069.895
5645.184 5067.210
5646.363 5119.361
5647.542 5105.846
5648.720 5146.782
5649.899 5076.796
5651.078 5100.490
5652.257 5096.508
5653.436 5113.575
5654.615 5129.800
5655.793 5027.608
5656.972 5048.882
5658.151 5112.193
5659.330 5059.794
5660.509 5050.133
5661.687 4972.508
5662.866 5081.446
5664.045 4959.655
5665.224 5037.740
5666.403 4997.250
5667.582 5030.942
5668.760 4994.684
5669.939 5040.234
5671.118 5057.061
5672.297 5017.991
5673.476 5002.222
5674.654 4991.697
5675.833 5009.808
5677.012 5052.408
5678.191 5005.388
5679.370 4977.273
5680.549 5061.319
5681.727 4992.738
5682.906 4906.422
5684.085 4947.911
5685.264 4975.467
5686.443 4939.835
5687.621 4916.311
5688.800 4860.114
5689.979 4993.721
5691.158 4927.271
5692.337 4928.532
5693.516 4989.274
5694.694 4931.788
5695.873 4928.635
5697.052 4913.515
5698.231 4857.136
5699.410 4876.472
5700.588 4912.888
5701.767 4983.297
5702.946 4892.708
5704.125 4899.204
5705.304 4869.415
5706.483 4890.714
5707.661 4920.487
5708.840 4896.044
5710.019 4883.244
5711.198 4913.255
5712.377 4832.002
5713.555 4797.608
5714.734 4859.924
5715.913 4874.071
5717.092 4846.329
5718.271 4800.750
5719.450 4810.605
5720.628 4858.578
5721.807 4848.927
5722.986 4843.655
5724.165 4844.062
5725.344 4834.166
5726.522 4797.060
5727.701 4835.842
5728.880 4782.185
5730.059 4726.764
5731.238 4814.507
5732.417 4798.050
5733.595 4736.436
5734.774 4775.338
5735.953 4770.198
5737.132 4748.743
5738.311 4796.894
5739.489 4743.832
5740.668 4644.782
5741.847 4739.010
5743.026 4760.074
5744.205 4782.038
5745.384 4727.940
5746.562 4682.636
5747.741 4653.266
5748.920 4776.408
5750.099 4816.804
5751.278 4767.254
5752.456 4759.889
5753.635 4746.694
5754.814 4757.790
5755.993 4723.088
5757.172 4707.592
5758.351 4844.057
5759.529 4777.903
5760.708 4714.183
5761.887 4696.985
5763.066 4652.362
5764.245 4718.348
5765.423 4683.992
5766.602 4607.369
5767.781 4649.547
5768.960 4614.149
5770.139 4593.155
5771.318 4638.966
5772.496 4640.725
5773.675 4626.270
5774.854 4599.775
5776.033 4584.609
5777.212 4607.675
5778.390 4567.769
5779.569 4602.521
5780.748 4599.622
5781.927 4572.117
5783.106 4545.448
5784.284 4542.353
5785.463 4559.983
5786.642 4594.383
5787.821 4616.023
5789.000 4544.453
5790.179 4478.968
5791.357 4544.980
5792.536 4571.549
5793.715 4502.976
5794.894 4498.629
5796.073 4532.710
5797.251 4549.427
5798.430 4564.169
5799.609 4587.792
5800.788 4515.537
5801.967 4578.286
5803.146 4548.180
5804.324 4483.965
5805.503 4471.696
5806.682 4469.161
5807.861 4552.498
5809.040 4550.458
5810.218 4495.086
5811.397 4520.349
5812.576 4512.250
5813.755 4500.370
5814.934 4514.663
5816.113 4460.972
5817.291 4486.307
5818.470 4436.270
5819.649 4466.014
5820.828 4403.262
5822.007 4491.911
5823.185 4466.121
5824.364 4505.495
5825.543 4468.775
5826.722 4453.802
5827.901 4439.415
5829.080 4466.309
5830.258 4469.011
5831.437 4423.323
5832.616 4441.222
5833.795 4438.616
5834.974 4432.955
5836.152 4366.388
5837.331 4407.981
5838.510 4392.229
5839.689 4419.222
5840.868 4463.901
5842.047 4457.040
5843.225 4429.757
5844.404 4385.636
5845.583 4303.468
5846.762 4312.015
5847.941 4353.578
5849.119 4359.945
5850.298 4360.522
5851.477 4331.907
5852.656 4341.321
5853.835 4375.429
5855.014 4311.839
5856.192 4277.578
5857.371 4276.195
5858.550 4380.288
5859.729 4341.169
5860.908 4304.126
5862.086 4304.453
5863.265 4300.904
5864.444 4302.701
5865.623 4365.240
5866.802 4433.099
5867.981 4423.094
5869.159 4381.946
5870.338 4342.532
5871.517 4284.326
5872.696 4264.334
5873.875 4284.794
5875.053 4231.811
5876.232 4289.783
5877.411 6298.951
5878.590 10134.906
5879.769 11342.018
5880.948 7589.186
5882.126 4845.497
5883.305 4290.311
5884.484 4266.527
5885.663 4321.109
5886.842 4352.735
5888.020 4673.565
5889.199 5117.351
5890.378 5147.732
5891.557 4671.294
5892.736 4213.962
5893.915 4182.340
5895.093 4565.583
5896.272 4727.690
5897.451 4438.586
5898.630 4177.889
5899.809 4130.325
5900.987 4165.563
5902.166 4175.834
5903.345 4170.909
5904.524 4170.995
5905.703 4171.787
5906.882 4131.810
5908.060 4068.361
5909.239 4085.521
5910.418 4086.322
5911.597 4029.699
5912.776 4028.568
5913.954 4153.481
5915.133 4225.025
5916.312 4239.008
5917.491 4132.748
5918.670 4045.176
5919.849 4033.436
5921.027 4016.965
5922.206 4018.203
5923.385 4091.568
5924.564 4075.744
5925.743 4011.722
5926.921 4096.062
5928.100 4070.512
5929.279 3951.562
5930.458 3988.011
5931.637 4116.671
5932.815 4096.477
5933.994 4109.273
5935.173 3992.757
5936.352 3964.097
5937.531 3939.277
5938.710 3901.472
5939.888 3908.328
5941.067 3921.140
5942.246 3934.589
5943.425 3910.496
5944.604 3893.791
5945.782 3914.510
5946.961 3931.531
5948.140 3905.196
5949.319 3955.466
5950.498 3881.125
5951.677 3869.485
5952.855 3982.640
5954.034 3985.828
5955.213 3909.914
5956.392 3841.208
5957.571 3877.683
5958.749 3954.765
5959.928 3897.286
5961.107 3896.131
5962.286 3899.069
5963.465 3893.850
5964.644 3919.032
5965.822 3820.820
5967.001 3836.625
5968.180 3799.190
5969.359 3838.645
5970.538 3881.785
5971.716 3877.805
5972.895 3877.927
5974.074 3878.052
