3561.035 1029.782
3562.213 1025.406
3563.392 852.326
3564.571 897.175
3565.750 168.955
3566.929 1123.421
3568.108 1110.934
3569.286 384.190
3570.465 499.489
3571.644 685.222
3572.823 483.830
3574.002 452.112
3575.180 737.126
3576.359 971.954
3577.538 849.658
3578.717 951.437
3579.896 282.407
3581.075 641.010
3582.253 273.454
3583.432 -40.065
3584.611 775.304
3585.790 907.609
3586.969 474.546
3588.147 605.732
3589.326 -215.181
3590.505 1139.059
3591.684 804.627
3592.863 195.173
3594.042 390.216
3595.220 784.155
3596.399 225.197
3597.578 1081.871
3598.757 739.640
3599.936 161.129
3601.114 818.368
3602.293 572.364
3603.472 473.952
3604.651 784.488
3605.830 795.290
3607.009 557.343
3608.187 203.116
3609.366 480.373
3610.545 498.743
3611.724 265.864
3612.903 523.323
3614.081 668.389
3615.260 431.830
3616.439 1170.779
3617.618 663.219
3618.797 872.866
3619.976 563.796
3621.154 862.473
3622.333 965.309
3623.512 761.854
3624.691 1082.371
3625.870 1041.297
3627.048 1100.163
3628.227 796.754
3629.406 468.811
3630.585 1085.482
3631.764 1401.970
3632.943 1107.260
3634.121 959.267
3635.300 866.810
3636.479 1029.742
3637.658 580.989
3638.837 897.417
3640.015 991.101
3641.194 1158.339
3642.373 605.111
3643.552 836.330
3644.731 745.685
3645.910 851.504
3647.088 810.965
3648.267 654.519
3649.446 939.632
3650.625 859.988
3651.804 632.033
3652.982 603.125
3654.161 321.399
3655.340 384.317
3656.519 804.462
3657.698 726.077
3658.877 882.960
3660.055 1172.838
3661.234 775.072
3662.413 902.580
3663.592 851.893
3664.771 950.994
3665.949 545.975
3667.128 499.701
3668.307 508.431
3669.486 604.115
3670.665 844.893
3671.844 927.174
3673.022 744.113
3674.201 875.240
3675.380 663.124
3676.559 561.055
3677.738 660.703
3678.916 722.871
3680.095 861.116
3681.274 417.850
3682.453 690.591
3683.632 655.589
3684.811 835.795
3685.989 682.824
3687.168 366.906
3688.347 684.846
3689.526 608.642
3690.705 692.651
3691.883 814.595
3693.062 790.714
3694.241 698.566
3695.420 818.775
3696.599 531.292
3697.777 1102.527
3698.956 1032.728
3700.135 1057.912
3701.314 754.790
3702.493 876.278
3703.672 857.887
3704.850 794.849
3706.029 868.844
3707.208 1099.567
3708.387 870.003
3709.566 499.683
3710.744 483.224
3711.923 866.797
3713.102 1104.466
3714.281 834.909
3715.460 672.576
3716.639 838.814
3717.817 702.118
3718.996 650.413
3720.175 606.512
3721.354 401.280
3722.533 572.306
3723.711 1147.936
3724.890 1514.995
3726.069 1968.126
3727.248 5289.700
3728.427 8376.467
3729.606 9803.059
3730.784 10899.611
3731.963 8674.244
3733.142 3655.788
3734.321 729.358
3735.500 1215.804
3736.678 1200.552
3737.857 1244.159
3739.036 893.293
3740.215 800.857
3741.394 1157.898
3742.573 1108.819
3743.751 769.474
3744.930 664.799
3746.109 860.005
3747.288 719.558
3748.467 674.026
3749.645 657.773
3750.824 1043.932
3752.003 1007.524
3753.182 1355.647
3754.361 658.308
3755.540 646.846
3756.718 628.485
3757.897 571.386
3759.076 725.758
3760.255 764.573
3761.434 565.139
3762.612 484.659
3763.791 583.308
3764.970 657.821
3766.149 592.847
3767.328 892.319
3768.507 343.647
3769.685 536.241
3770.864 943.625
3772.043 1285.860
3773.222 1407.218
3774.401 1085.455
3775.579 634.858
3776.758 833.462
3777.937 686.468
3779.116 573.318
3780.295 558.922
3781.474 448.278
3782.652 699.699
3783.831 722.910
3785.010 626.604
3786.189 643.832
3787.368 524.501
3788.546 482.011
3789.725 600.189
3790.904 825.430
3792.083 530.515
3793.262 515.304
3794.441 546.326
3795.619 555.678
3796.798 547.128
3797.977 366.060
3799.156 1212.490
3800.335 1614.041
3801.513 1271.266
3802.692 602.806
3803.871 411.782
3805.050 472.623
3806.229 468.395
3807.408 553.682
3808.586 509.008
3809.765 695.847
3810.944 539.060
3812.123 499.768
3813.302 562.276
3814.480 634.901
3815.659 571.080
3816.838 525.762
3818.017 609.906
3819.196 614.370
3820.375 785.855
3821.553 1026.361
3822.732 827.582
3823.911 566.731
3825.090 525.696
3826.269 549.469
3827.447 512.115
3828.626 689.410
3829.805 766.998
3830.984 855.258
3832.163 839.245
3833.342 846.289
3834.520 687.708
3835.699 895.724
3836.878 1514.259
3838.057 2073.030
3839.236 1485.147
3840.414 578.606
3841.593 578.567
3842.772 681.932
3843.951 526.598
3845.130 641.436
3846.309 578.936
3847.487 626.270
3848.666 586.290
3849.845 509.447
3851.024 545.745
3852.203 569.719
3853.381 525.317
3854.560 662.460
3855.739 637.319
3856.918 532.513
3858.097 639.880
3859.275 501.786
3860.454 678.216
3861.633 435.750
3862.812 504.729
3863.991 575.294
3865.170 519.914
3866.348 600.237
3867.527 734.670
3868.706 1042.513
3869.885 4947.146
3871.064 8956.305
3872.242 7100.434
3873.421 1947.553
3874.600 456.998
3875.779 508.389
3876.958 512.617
3878.137 458.895
3879.315 344.465
3880.494 316.434
3881.673 425.999
3882.852 406.572
3884.031 380.998
3885.209 394.620
3886.388 402.852
3887.567 497.499
3888.746 657.546
3889.925 2225.025
3891.104 4008.640
3892.282 3510.128
3893.461 1301.210
3894.640 411.605
3895.819 532.035
3896.998 541.159
3898.176 347.445
3899.355 440.284
3900.534 533.629
3901.713 467.293
3902.892 491.448
3904.071 552.584
3905.249 708.943
3906.428 583.577
3907.607 672.812
3908.786 689.259
3909.965 606.374
3911.143 768.827
3912.322 632.721
3913.501 576.748
3914.680 747.261
3915.859 644.827
3917.038 567.157
3918.216 663.400
3919.395 536.510
3920.574 501.034
3921.753 536.997
3922.932 479.127
3924.110 529.868
3925.289 533.512
3926.468 491.414
3927.647 428.942
3928.826 470.818
3930.005 395.392
3931.183 390.058
3932.362 410.328
3933.541 281.226
3934.720 456.229
3935.899 240.357
3937.077 385.733
3938.256 441.502
3939.435 573.315
3940.614 447.132
3941.793 490.984
3942.972 598.326
3944.150 592.672
3945.329 486.329
3946.508 619.729
3947.687 761.109
3948.866 615.241
3950.044 513.834
3951.223 624.384
3952.402 516.161
3953.581 423.412
3954.760 416.144
3955.939 510.989
3957.117 464.302
3958.296 467.379
3959.475 407.258
3960.654 508.921
3961.833 396.242
3963.011 402.679
3964.190 284.924
3965.369 281.953
3966.548 514.756
3967.727 831.320
3968.906 1709.398
3970.084 2442.591
3971.263 3015.120
3972.442 3257.260
3973.621 2366.089
3974.800 783.173
3975.978 470.457
3977.157 392.048
3978.336 405.510
3979.515 434.917
3980.694 504.347
3981.873 423.647
3983.051 525.756
3984.230 555.704
3985.409 570.541
3986.588 493.460
3987.767 529.329
3988.945 499.090
3990.124 468.382
3991.303 415.940
3992.482 516.112
3993.661 493.763
3994.840 545.213
3996.018 406.141
3997.197 435.918
3998.376 520.833
3999.555 566.764
4000.734 503.464
4001.912 513.850
4003.091 517.336
4004.270 519.898
4005.449 542.279
4006.628 510.725
4007.807 567.461
4008.985 533.075
4010.164 538.604
4011.343 589.440
4012.522 637.260
4013.701 597.674
4014.879 573.830
4016.058 432.013
4017.237 449.573
4018.416 556.267
4019.595 536.214
4020.773 460.207
4021.952 605.543
4023.131 528.453
4024.310 427.958
4025.489 491.844
4026.668 567.181
4027.846 714.204
4029.025 721.490
4030.204 660.325
4031.383 563.410
4032.562 513.798
4033.740 491.934
4034.919 505.193
4036.098 465.192
4037.277 531.421
4038.456 499.964
4039.635 555.544
4040.813 593.919
4041.992 567.227
4043.171 586.581
4044.350 520.641
4045.529 471.109
4046.707 537.017
4047.886 558.232
4049.065 520.319
4050.244 639.247
4051.423 451.549
4052.602 583.884
4053.780 479.813
4054.959 515.203
4056.138 598.410
4057.317 428.989
4058.496 482.350
4059.674 540.208
4060.853 416.647
4062.032 490.264
4063.211 564.941
4064.390 465.679
4065.569 490.714
4066.747 565.631
4067.926 588.872
4069.105 577.480
4070.284 621.540
4071.463 683.153
4072.641 525.785
4073.820 387.163
4074.999 493.300
4076.178 542.802
4077.357 549.727
4078.536 516.878
4079.714 514.788
4080.893 495.241
4082.072 553.564
4083.251 492.193
4084.430 365.839
4085.608 438.822
4086.787 475.832
4087.966 564.128
4089.145 474.221
4090.324 475.706
4091.503 485.433
4092.681 488.580
4093.860 526.912
4095.039 451.443
4096.218 408.078
4097.397 427.636
4098.575 327.716
4099.754 386.849
4100.933 425.467
4102.112 781.982
4103.291 2696.036
4104.470 4016.671
4105.648 2513.881
4106.827 761.578
4108.006 363.010
4109.185 424.294
4110.364 413.649
4111.542 432.621
4112.721 377.488
4113.900 451.949
4115.079 456.110
4116.258 416.334
4117.437 392.429
4118.615 396.004
4119.794 374.282
4120.973 331.693
4122.152 451.356
4123.331 490.861
4124.509 458.357
4125.688 470.839
4126.867 457.849
4128.046 438.189
4129.225 467.543
4130.404 454.102
4131.582 455.750
4132.761 430.189
4133.940 420.698
4135.119 454.315
4136.298 531.064
4137.476 470.222
4138.655 437.414
4139.834 409.049
4141.013 404.409
4142.192 443.715
4143.371 432.749
4144.549 364.850
4145.728 443.668
4146.907 428.110
4148.086 422.476
4149.265 391.620
4150.443 401.739
4151.622 400.969
4152.801 417.998
4153.980 404.984
4155.159 481.327
4156.338 453.309
4157.516 466.609
4158.695 476.949
4159.874 420.748
4161.053 483.103
4162.232 493.486
4163.410 510.422
4164.589 513.160
4165.768 580.745
4166.947 496.787
4168.126 534.918
4169.305 505.242
4170.483 438.695
4171.662 469.885
4172.841 486.542
4174.020 435.307
4175.199 416.325
4176.377 383.063
4177.556 464.972
4178.735 435.052
4179.914 421.959
4181.093 384.766
4182.271 424.019
4183.450 354.648
4184.629 407.757
4185.808 414.154
4186.987 427.843
4188.166 399.182
4189.344 435.515
4190.523 452.212
4191.702 420.996
4192.881 392.679
4194.060 388.949
4195.238 343.611
4196.417 419.255
4197.596 383.499
4198.775 352.678
4199.954 409.669
4201.133 432.449
4202.311 276.145
4203.490 336.732
4204.669 361.544
4205.848 375.774
4207.027 374.029
4208.205 372.336
4209.384 408.333
4210.563 416.500
4211.742 373.580
4212.921 402.882
4214.100 411.524
4215.278 426.077
4216.457 398.677
4217.636 377.698
4218.815 370.480
4219.994 386.468
4221.172 373.872
4222.351 334.826
4223.530 366.863
4224.709 364.984
4225.888 317.637
4227.067 349.071
4228.245 297.776
4229.424 263.551
4230.603 425.143
4231.782 474.835
4232.961 449.089
4234.139 447.055
4235.318 379.058
4236.497 413.882
4237.676 359.351
4238.855 420.183
4240.034 356.589
4241.212 307.747
4242.391 365.807
4243.570 354.710
4244.749 341.122
4245.928 398.725
4247.106 388.268
4248.285 352.281
4249.464 402.521
4250.643 407.577
4251.822 382.643
4253.001 398.726
4254.179 340.861
4255.358 324.474
4256.537 341.514
4257.716 355.395
4258.895 361.782
4260.073 282.567
4261.252 356.122
4262.431 284.808
4263.610 318.063
4264.789 315.533
4265.968 326.363
4267.146 420.779
4268.325 386.032
4269.504 361.703
4270.683 385.439
4271.862 331.857
4273.040 327.692
4274.219 352.099
4275.398 332.444
4276.577 323.416
4277.756 356.420
4278.935 337.513
4280.113 334.814
4281.292 361.521
4282.471 359.485
4283.650 376.289
4284.829 358.506
4286.007 328.671
4287.186 330.803
4288.365 333.473
4289.544 312.612
4290.723 307.027
4291.902 323.172
4293.080 313.310
4294.259 334.498
4295.438 309.460
4296.617 347.099
4297.796 353.040
4298.974 330.835
4300.153 274.629
4301.332 306.149
4302.511 270.492
4303.690 251.285
4304.869 314.866
4306.047 255.361
4307.226 275.696
4308.405 300.229
4309.584 264.461
4310.763 292.109
4311.941 333.771
4313.120 308.538
4314.299 326.707
4315.478 375.363
4316.657 294.865
4317.836 343.320
4319.014 331.310
4320.193 360.079
4321.372 340.372
4322.551 327.970
4323.730 293.801
4324.908 306.897
4326.087 263.498
4327.266 306.842
4328.445 283.868
4329.624 362.696
4330.803 305.203
4331.981 303.464
4333.160 275.141
4334.339 317.620
4335.518 313.948
4336.697 274.523
4337.875 285.983
4339.054 309.485
4340.233 329.725
4341.412 1635.133
4342.591 4497.276
4343.769 4788.060
4344.948 2355.527
4346.127 301.344
4347.306 330.308
4348.485 277.126
4349.664 307.396
4350.842 329.110
4352.021 264.021
4353.200 241.511
4354.379 278.756
4355.558 323.415
4356.736 306.791
4357.915 270.779
4359.094 341.215
4360.273 321.263
4361.452 289.660
4362.631 318.870
4363.809 399.682
4364.988 820.272
4366.167 1118.409
4367.346 859.721
4368.525 543.934
4369.703 427.814
4370.882 364.714
4372.061 327.036
4373.240 293.575
4374.419 294.338
4375.598 332.075
4376.776 264.309
4377.955 316.584
4379.134 339.508
4380.313 296.862
4381.492 330.598
4382.670 263.075
4383.849 255.816
4385.028 267.881
4386.207 235.124
4387.386 263.716
4388.565 296.988
4389.743 360.592
4390.922 348.224
4392.101 300.883
4393.280 280.612
4394.459 289.332
4395.637 277.772
4396.816 295.527
4397.995 310.774
4399.174 302.824
4400.353 300.209
4401.532 332.176
4402.710 317.308
4403.889 325.286
4405.068 324.632
4406.247 307.010
4407.426 298.912
4408.604 336.195
4409.783 328.050
4410.962 318.469
4412.141 366.630
4413.320 365.879
4414.499 376.826
4415.677 344.823
4416.856 360.468
4418.035 347.118
4419.214 310.189
4420.393 315.858
4421.571 316.309
4422.750 277.170
4423.929 322.465
4425.108 337.418
4426.287 280.680
4427.466 315.690
4428.644 279.341
4429.823 324.309
4431.002 322.360
4432.181 310.324
4433.360 327.884
4434.538 280.331
4435.717 278.177
4436.896 319.392
4438.075 328.159
4439.254 355.936
4440.433 309.837
4441.611 304.770
4442.790 333.952
4443.969 298.852
4445.148 294.263
4446.327 319.296
4447.505 309.792
4448.684 276.893
4449.863 296.778
4451.042 296.859
4452.221 265.763
4453.400 289.966
4454.578 282.486
4455.757 293.284
4456.936 272.487
4458.115 287.386
4459.294 280.595
4460.472 271.758
4461.651 282.720
4462.830 266.539
4464.009 258.993
4465.188 320.677
4466.367 281.833
4467.545 298.974
4468.724 248.685
4469.903 261.812
4471.082 262.129
4472.261 312.503
4473.439 570.445
4474.618 625.614
4475.797 513.288
4476.976 299.475
4478.155 264.945
4479.334 303.018
4480.512 294.572
4481.691 287.022
4482.870 273.124
4484.049 304.058
4485.228 315.700
4486.406 300.877
4487.585 298.897
4488.764 286.624
4489.943 294.024
4491.122 343.122
4492.301 262.875
4493.479 307.338
4494.658 313.434
4495.837 264.643
4497.016 274.484
4498.195 274.112
4499.373 282.521
4500.552 281.668
4501.731 332.726
4502.910 304.187
4504.089 270.719
4505.267 300.741
4506.446 305.772
4507.625 290.967
4508.804 295.202
4509.983 300.192
4511.162 277.891
4512.340 279.472
4513.519 313.458
4514.698 282.231
4515.877 282.483
4517.056 293.404
4518.234 307.599
4519.413 295.187
4520.592 284.426
4521.771 324.223
4522.950 320.921
4524.129 278.241
4525.307 291.807
4526.486 281.461
4527.665 296.142
4528.844 307.287
4530.023 262.119
4531.201 220.229
4532.380 364.756
4533.559 320.211
4534.738 300.302
4535.917 320.440
4537.096 305.610
4538.274 285.580
4539.453 313.692
4540.632 242.250
4541.811 304.904
4542.990 318.206
4544.168 334.236
4545.347 292.623
4546.526 297.647
4547.705 297.576
4548.884 268.789
4550.063 290.488
4551.241 317.602
4552.420 300.590
4553.599 291.115
4554.778 293.074
4555.957 285.528
4557.135 282.854
4558.314 260.473
4559.493 301.715
4560.672 305.686
4561.851 314.885
4563.030 300.856
4564.208 310.439
4565.387 315.059
4566.566 279.194
4567.745 289.646
4568.924 277.565
4570.102 263.261
4571.281 261.138
4572.460 271.420
4573.639 281.905
4574.818 286.175
4575.997 276.969
4577.175 337.117
4578.354 315.928
4579.533 308.855
4580.712 272.143
4581.891 259.201
4583.069 301.096
4584.248 290.968
4585.427 267.651
4586.606 295.458
4587.785 273.176
4588.964 269.071
4590.142 294.576
4591.321 309.527
4592.500 300.530
4593.679 268.781
4594.858 274.522
4596.036 259.932
4597.215 257.252
4598.394 273.861
4599.573 256.696
4600.752 288.532
4601.931 260.663
4603.109 262.652
4604.288 297.948
4605.467 283.504
4606.646 289.896
4607.825 292.431
4609.003 281.638
4610.182 272.901
4611.361 292.041
4612.540 267.075
4613.719 266.573
4614.898 271.496
4616.076 262.746
4617.255 273.459
4618.434 308.815
4619.613 265.110
4620.792 269.272
4621.970 290.342
4623.149 293.017
4624.328 285.233
4625.507 245.366
4626.686 297.715
4627.865 258.042
4629.043 264.405
4630.222 261.154
4631.401 247.601
4632.580 262.738
4633.759 280.261
4634.937 289.290
4636.116 262.188
4637.295 279.590
4638.474 262.514
4639.653 262.162
4640.832 304.567
4642.010 306.400
4643.189 234.730
4644.368 280.415
4645.547 286.763
4646.726 291.582
4647.904 261.225
4649.083 240.427
4650.262 300.870
4651.441 272.796
4652.620 288.096
4653.799 298.202
4654.977 359.147
4656.156 323.127
4657.335 337.929
4658.514 279.041
4659.693 321.812
4660.871 330.289
4662.050 364.055
4663.229 315.694
4664.408 328.520
4665.587 273.131
4666.765 325.166
4667.944 310.308
4669.123 256.915
4670.302 294.436
4671.481 286.601
4672.660 287.639
4673.838 293.861
4675.017 315.083
4676.196 286.675
4677.375 297.797
4678.554 304.473
4679.732 292.938
4680.911 284.166
4682.090 291.754
4683.269 309.268
4684.448 321.105
4685.627 304.855
4686.805 303.307
4687.984 297.077
4689.163 322.810
4690.342 312.662
4691.521 292.313
4692.699 310.504
4693.878 311.774
4695.057 291.462
4696.236 298.562
4697.415 280.553
4698.594 260.998
4699.772 299.672
4700.951 297.790
4702.130 282.112
4703.309 278.372
4704.488 292.515
4705.666 278.930
4706.845 287.168
4708.024 307.638
4709.203 276.145
4710.382 293.111
4711.561 290.810
4712.739 331.191
4713.918 336.671
4715.097 378.070
4716.276 352.707
4717.455 347.707
4718.633 315.890
4719.812 290.994
4720.991 287.638
4722.170 316.191
4723.349 300.325
4724.528 285.215
4725.706 279.932
4726.885 274.876
4728.064 282.698
4729.243 266.349
4730.422 305.742
4731.600 272.832
4732.779 284.862
4733.958 256.975
4735.137 259.567
4736.316 277.023
4737.495 285.942
4738.673 255.100
4739.852 283.111
4741.031 265.070
4742.210 321.856
4743.389 368.467
4744.567 298.082
4745.746 263.374
4746.925 294.633
4748.104 270.615
4749.283 270.053
4750.462 306.913
4751.640 296.113
4752.819 251.906
4753.998 255.704
4755.177 298.883
4756.356 332.322
4757.534 305.853
4758.713 289.029
4759.892 323.626
4761.071 287.056
4762.250 264.643
4763.429 256.385
4764.607 246.085
4765.786 258.965
4766.965 259.243
4768.144 271.769
4769.323 247.245
4770.501 251.845
4771.680 323.288
4772.859 349.355
4774.038 316.956
4775.217 307.121
4776.396 315.803
4777.574 268.031
4778.753 253.254
4779.932 303.330
4781.111 287.028
4782.290 281.095
4783.468 290.700
4784.647 295.390
4785.826 271.394
4787.005 304.636
4788.184 269.559
4789.363 275.976
4790.541 256.786
4791.720 251.633
4792.899 255.097
4794.078 260.183
4795.257 262.024
4796.435 313.169
4797.614 303.369
4798.793 279.385
4799.972 274.179
4801.151 308.520
4802.330 308.069
4803.508 281.393
4804.687 296.918
4805.866 273.049
4807.045 241.829
4808.224 252.588
4809.402 266.038
4810.581 269.088
4811.760 288.824
4812.939 275.922
4814.118 265.905
4815.296 282.935
4816.475 286.193
4817.654 292.846
4818.833 270.571
4820.012 289.788
4821.191 315.850
4822.369 322.636
4823.548 318.411
4824.727 304.839
4825.906 262.407
4827.085 273.606
4828.263 294.027
4829.442 301.452
4830.621 245.632
4831.800 234.789
4832.979 311.244
4834.158 286.616
4835.336 301.270
4836.515 290.781
4837.694 305.931
4838.873 324.423
4840.052 285.141
4841.230 299.975
4842.409 312.133
4843.588 285.519
4844.767 276.951
4845.946 263.940
4847.125 292.723
4848.303 288.705
4849.482 276.987
4850.661 291.560
4851.840 256.162
4853.019 292.479
4854.197 319.664
4855.376 294.259
4856.555 258.589
4857.734 255.193
4858.913 237.419
4860.092 299.984
4861.270 191.472
4862.449 2776.344
4863.628 7685.911
4864.807 8724.741
4865.986 4263.275
4867.164 330.276
4868.343 321.561
4869.522 258.961
4870.701 271.672
4871.880 251.489
4873.059 265.574
4874.237 277.118
4875.416 249.158
4876.595 290.580
4877.774 255.528
4878.953 271.300
4880.131 281.464
4881.310 281.204
4882.489 276.090
4883.668 297.766
4884.847 294.645
4886.026 280.985
4887.204 270.279
4888.383 247.157
4889.562 243.934
4890.741 257.119
4891.920 258.434
4893.098 276.536
4894.277 278.518
4895.456 249.327
4896.635 268.506
4897.814 277.221
4898.993 274.092
4900.171 286.735
4901.350 288.206
4902.529 255.691
4903.708 261.478
4904.887 284.482
4906.065 280.565
4907.244 288.074
4908.423 273.488
4909.602 266.370
4910.781 270.671
4911.960 267.246
4913.138 268.015
4914.317 272.598
4915.496 252.497
4916.675 316.927
4917.854 263.872
4919.032 274.417
4920.211 267.911
4921.390 272.745
4922.569 285.029
4923.748 319.869
4924.927 368.958
4926.105 339.784
4927.284 278.547
4928.463 250.044
4929.642 250.608
4930.821 291.922
4931.999 290.911
4933.178 264.844
4934.357 293.135
4935.536 284.629
4936.715 260.674
4937.894 304.269
4939.072 274.993
4940.251 263.520
4941.430 267.762
4942.609 285.912
4943.788 298.116
4944.966 245.417
4946.145 236.206
4947.324 300.515
4948.503 304.771
4949.682 277.167
4950.861 283.049
4952.039 261.940
4953.218 322.477
4954.397 289.924
4955.576 262.956
4956.755 273.605
4957.933 251.909
4959.112 562.209
4960.291 5502.536
4961.470 16558.517
4962.649 16359.837
4963.828 5927.253
4965.006 619.989
4966.185 334.155
4967.364 359.963
4968.543 367.903
4969.722 332.247
4970.900 299.123
4972.079 283.251
4973.258 302.378
4974.437 261.593
4975.616 277.507
4976.794 313.621
4977.973 276.758
4979.152 273.095
4980.331 280.936
4981.510 259.316
4982.689 274.855
4983.867 278.274
4985.046 229.183
4986.225 261.303
4987.404 323.922
4988.583 349.351
4989.761 331.531
4990.940 318.459
4992.119 267.107
4993.298 302.693
4994.477 294.581
4995.656 285.502
4996.834 266.695
4998.013 290.322
4999.192 328.574
5000.371 228.310
5001.550 259.075
5002.728 287.286
5003.907 316.754
5005.086 269.665
5006.265 684.976
5007.444 1397.615
5008.623 28994.932
5009.801 50903.149
5010.980 39068.672
5012.159 10418.367
5013.338 -476.205
5014.517 771.872
5015.695 210.133
5016.874 365.603
5018.053 406.899
5019.232 467.134
5020.411 387.719
5021.590 271.891
5022.768 269.828
5023.947 284.269
5025.126 290.158
5026.305 268.572
5027.484 267.788
5028.662 257.421
5029.841 261.634
5031.020 252.800
5032.199 288.473
5033.378 261.943
5034.557 270.364
5035.735 248.835
5036.914 265.458
5038.093 271.234
5039.272 268.576
5040.451 239.142
5041.629 243.701
5042.808 247.499
5043.987 260.576
5045.166 265.633
5046.345 250.895
5047.524 277.623
5048.702 262.634
5049.881 279.643
5051.060 276.425
5052.239 236.884
5053.418 273.526
5054.596 260.607
5055.775 258.514
5056.954 249.641
5058.133 267.479
5059.312 256.967
5060.491 269.308
5061.669 268.747
5062.848 253.319
5064.027 262.497
5065.206 260.810
5066.385 239.005
5067.563 246.512
5068.742 218.881
5069.921 244.476
5071.100 240.280
5072.279 249.941
5073.458 243.930
5074.636 250.327
5075.815 236.816
5076.994 218.861
5078.173 240.731
5079.352 241.913
5080.530 223.982
5081.709 228.654
5082.888 204.494
5084.067 234.319
5085.246 247.908
5086.425 231.055
5087.603 257.681
5088.782 244.651
5089.961 296.716
5091.140 367.589
5092.319 241.292
5093.497 258.507
5094.676 224.985
5095.855 254.218
5097.034 260.998
5098.213 252.900
5099.392 215.924
5100.570 226.479
5101.749 217.396
5102.928 260.742
5104.107 235.243
5105.286 261.209
5106.464 254.116
5107.643 213.253
5108.822 231.196
5110.001 247.631
5111.180 236.872
5112.359 236.528
5113.537 254.953
5114.716 263.722
5115.895 244.435
5117.074 236.378
5118.253 228.678
5119.431 223.214
5120.610 258.299
5121.789 244.267
5122.968 221.834
5124.147 224.311
5125.326 239.386
5126.504 217.080
5127.683 233.548
5128.862 210.673
5130.041 208.305
5131.220 256.055
5132.398 271.267
5133.577 237.829
5134.756 242.522
5135.935 260.799
5137.114 252.201
5138.292 221.641
5139.471 219.521
5140.650 255.824
5141.829 250.901
5143.008 245.366
5144.187 249.572
5145.365 236.376
5146.544 214.362
5147.723 222.658
5148.902 272.108
5150.081 243.263
5151.259 254.117
5152.438 238.034
5153.617 259.502
5154.796 232.820
5155.975 239.803
5157.154 236.854
5158.332 257.833
5159.511 269.103
5160.690 263.962
5161.869 260.156
5163.048 227.576
5164.226 232.605
5165.405 220.597
5166.584 215.376
5167.763 225.604
5168.942 224.826
5170.121 209.327
5171.299 208.304
5172.478 204.483
5173.657 215.603
5174.836 242.782
5176.015 253.403
5177.193 257.127
5178.372 246.363
5179.551 245.777
5180.730 214.309
5181.909 234.660
5183.088 229.148
5184.266 229.670
5185.445 207.245
5186.624 233.095
5187.803 279.910
5188.982 274.664
5190.160 267.458
5191.339 238.332
5192.518 221.316
5193.697 242.913
5194.876 231.445
5196.055 315.561
5197.233 581.161
5198.412 783.956
5199.591 730.278
5200.770 591.056
5201.949 455.195
5203.127 302.074
5204.306 258.444
5205.485 226.260
5206.664 192.932
5207.843 230.478
5209.022 247.109
5210.200 242.493
5211.379 245.016
5212.558 239.821
5213.737 271.835
5214.916 243.252
5216.094 239.379
5217.273 237.217
5218.452 262.330
5219.631 229.758
5220.810 238.719
5221.989 265.652
5223.167 249.054
5224.346 270.937
5225.525 260.536
5226.704 223.714
5227.883 221.685
5229.061 211.415
5230.240 237.516
5231.419 247.743
5232.598 234.269
5233.777 221.975
5234.956 210.077
5236.134 227.465
5237.313 293.733
5238.492 254.651
5239.671 284.505
5240.850 240.391
5242.028 232.635
5243.207 215.333
5244.386 247.337
5245.565 266.958
5246.744 253.524
5247.923 253.580
5249.101 249.994
5250.280 252.906
5251.459 232.723
5252.638 230.203
5253.817 275.725
5254.995 280.234
5256.174 286.190
5257.353 285.545
5258.532 258.302
5259.711 232.584
5260.890 220.562
5262.068 244.084
5263.247 229.249
5264.426 243.893
5265.605 220.635
5266.784 197.107
5267.962 206.761
5269.141 233.776
5270.320 225.887
5271.499 233.039
5272.678 219.828
5273.857 236.757
5275.035 275.893
5276.214 273.983
5277.393 249.213
5278.572 241.795
5279.751 237.808
5280.929 241.186
5282.108 228.665
5283.287 216.341
5284.466 235.443
5285.645 216.664
5286.824 221.424
5288.002 223.010
5289.181 248.560
5290.360 243.488
5291.539 231.701
5292.718 256.051
5293.896 254.615
5295.075 250.037
5296.254 217.125
5297.433 217.486
5298.612 243.300
5299.790 224.254
5300.969 228.298
5302.148 216.736
5303.327 205.723
5304.506 232.910
5305.685 218.515
5306.863 219.780
5308.042 247.591
5309.221 239.421
5310.400 230.176
5311.579 214.587
5312.757 244.634
5313.936 228.576
5315.115 249.650
5316.294 227.792
5317.473 202.675
5318.652 221.117
5319.830 244.915
5321.009 241.868
5322.188 213.081
5323.367 256.965
5324.546 272.705
5325.724 220.352
5326.903 215.358
5328.082 262.362
5329.261 345.209
5330.440 393.951
5331.619 326.052
5332.797 237.801
5333.976 256.092
5335.155 259.258
5336.334 241.513
5337.513 238.357
5338.691 225.701
5339.870 223.584
5341.049 220.744
5342.228 225.830
5343.407 234.674
5344.586 221.907
5345.764 200.031
5346.943 212.741
5348.122 217.382
5349.301 220.171
5350.480 232.464
5351.658 223.167
5352.837 226.471
5354.016 231.252
5355.195 225.673
5356.374 225.977
5357.553 218.716
5358.731 245.252
5359.910 240.439
5361.089 238.077
5362.268 230.884
5363.447 213.282
5364.625 192.516
5365.804 246.221
5366.983 200.390
5368.162 225.938
5369.341 224.896
5370.520 234.640
5371.698 237.643
5372.877 217.365
5374.056 216.822
5375.235 220.800
5376.414 227.218
5377.592 220.605
5378.771 237.633
5379.950 250.636
5381.129 206.667
5382.308 213.211
5383.487 215.012
5384.665 232.626
5385.844 238.931
5387.023 187.373
5388.202 225.885
5389.381 222.745
5390.559 209.546
5391.738 208.850
5392.917 223.300
5394.096 213.750
5395.275 208.384
5396.454 192.938
5397.632 211.347
5398.811 227.468
5399.990 217.940
5401.169 225.050
5402.348 224.697
5403.526 214.278
5404.705 206.023
5405.884 208.680
5407.063 199.079
5408.242 223.927
5409.421 208.649
5410.599 198.548
5411.778 200.712
5412.957 208.759
5414.136 241.259
5415.315 236.246
5416.493 213.389
5417.672 205.490
5418.851 215.043
5420.030 197.379
5421.209 236.580
5422.388 237.080
5423.566 217.229
5424.745 244.310
5425.924 207.634
5427.103 204.890
5428.282 191.609
5429.460 199.118
5430.639 266.218
5431.818 239.364
5432.997 229.296
5434.176 231.285
5435.355 227.246
5436.533 260.769
5437.712 230.135
5438.891 223.288
5440.070 224.625
5441.249 237.944
5442.427 232.810
5443.606 198.030
5444.785 203.358
5445.964 224.148
5447.143 207.562
5448.322 217.051
5449.500 228.509
5450.679 201.620
5451.858 197.844
5453.037 212.418
5454.216 209.579
5455.394 222.935
5456.573 196.397
5457.752 195.752
5458.931 225.341
5460.110 244.125
5461.288 219.633
5462.467 207.612
5463.646 216.027
5464.825 209.220
5466.004 200.417
5467.183 213.589
5468.361 217.148
5469.540 221.254
5470.719 229.832
5471.898 216.327
5473.077 213.208
5474.255 196.562
5475.434 223.062
5476.613 208.364
5477.792 199.336
5478.971 218.065
5480.150 204.732
5481.328 214.995
5482.507 212.690
5483.686 203.228
5484.865 228.459
5486.044 228.997
5487.222 221.239
5488.401 230.907
5489.580 211.956
5490.759 203.829
5491.938 217.319
5493.117 211.056
5494.295 231.227
5495.474 212.152
5496.653 217.099
5497.832 219.534
5499.011 218.826
5500.189 220.948
5501.368 227.436
5502.547 218.936
5503.726 226.082
5504.905 219.239
5506.084 232.002
5507.262 231.403
5508.441 238.746
5509.620 226.594
5510.799 211.488
5511.978 232.287
5513.156 232.080
5514.335 220.446
5515.514 226.139
5516.693 214.666
5517.872 230.887
5519.051 228.370
5520.229 250.452
5521.408 268.136
5522.587 228.783
5523.766 224.690
5524.945 207.401
5526.123 228.545
5527.302 190.956
5528.481 194.786
5529.660 214.167
5530.839 221.939
5532.018 224.229
5533.196 217.674
5534.375 214.978
5535.554 208.400
5536.733 222.378
5537.912 218.529
5539.090 228.795
5540.269 241.251
5541.448 247.608
5542.627 240.479
5543.806 279.290
5544.985 262.315
5546.163 225.034
5547.342 223.557
5548.521 246.767
5549.700 252.054
5550.879 222.782
5552.057 225.197
5553.236 213.473
5554.415 203.969
5555.594 216.757
5556.773 218.741
5557.952 226.486
5559.130 202.060
5560.309 216.108
5561.488 199.205
5562.667 234.711
5563.846 289.336
5565.024 271.000
5566.203 246.423
5567.382 231.246
5568.561 220.079
5569.740 229.531
5570.919 242.874
5572.097 229.919
5573.276 284.856
5574.455 112.037
5575.634 2714.093
5576.813 8703.453
5577.991 11320.930
5579.170 6756.926
5580.349 983.249
5581.528 266.039
5582.707 214.727
5583.886 226.082
5585.064 207.012
5586.243 202.154
5587.422 231.915
5588.601 260.042
5589.780 248.194
5590.958 226.075
5592.137 202.891
5593.316 192.787
5594.495 217.112
5595.674 234.106
5596.853 223.889
5598.031 242.408
5599.210 238.384
5600.389 211.137
5601.568 217.553
5602.747 235.040
5603.925 251.915
5605.104 265.788
5606.283 265.291
5607.462 244.637
5608.641 232.599
5609.820 250.331
5610.998 251.114
5612.177 218.032
5613.356 233.799
5614.535 244.529
5615.714 229.599
5616.892 224.681
5618.071 224.561
5619.250 220.678
5620.429 200.594
5621.608 217.058
5622.786 246.436
5623.965 260.261
5625.144 240.973
5626.323 214.271
5627.502 213.910
5628.681 220.362
5629.859 203.040
5631.038 228.485
5632.217 237.317
5633.396 235.641
5634.575 226.282
5635.753 208.703
5636.932 213.536
5638.111 213.359
5639.290 221.842
5640.469 223.899
5641.648 210.928
5642.826 235.600
5644.005 226.777
5645.184 257.658
5646.363 247.830
5647.542 216.001
5648.720 210.402
5649.899 218.383
5651.078 207.891
5652.257 225.786
5653.436 224.940
5654.615 207.022
5655.793 220.101
5656.972 226.291
5658.151 228.494
5659.330 209.606
5660.509 201.167
5661.687 233.970
5662.866 209.372
5664.045 217.992
5665.224 243.129
5666.403 214.768
5667.582 227.945
5668.760 211.488
5669.939 255.519
5671.118 240.355
5672.297 223.040
5673.476 217.514
5674.654 228.561
5675.833 229.223
5677.012 222.031
5678.191 228.505
5679.370 220.265
5680.549 225.988
5681.727 241.824
5682.906 227.178
5684.085 241.226
5685.264 232.178
5686.443 254.572
5687.621 220.330
5688.800 221.832
5689.979 235.246
5691.158 220.744
5692.337 257.728
5693.516 231.404
5694.694 236.341
5695.873 236.206
5697.052 239.499
5698.231 261.196
5699.410 227.114
5700.588 213.362
5701.767 247.347
5702.946 228.369
5704.125 212.469
5705.304 208.755
5706.483 247.840
5707.661 212.135
5708.840 209.001
5710.019 209.320
5711.198 208.577
5712.377 218.967
5713.555 224.777
5714.734 228.619
5715.913 222.295
5717.092 211.605
5718.271 209.100
5719.450 220.007
5720.628 228.026
5721.807 218.750
5722.986 232.818
5724.165 246.016
5725.344 227.733
5726.522 219.859
5727.701 224.861
5728.880 203.775
5730.059 233.254
5731.238 239.469
5732.417 226.203
5733.595 218.058
5734.774 223.375
5735.953 243.152
5737.132 249.338
5738.311 222.642
5739.489 214.382
5740.668 228.777
5741.847 224.972
5743.026 228.229
5744.205 248.547
5745.384 222.989
5746.562 243.548
5747.741 239.912
5748.920 229.913
5750.099 215.548
5751.278 219.628
5752.456 243.787
5753.635 233.983
5754.814 213.843
5755.993 233.264
5757.172 228.521
5758.351 227.511
5759.529 243.938
5760.708 231.705
5761.887 227.876
5763.066 230.671
5764.245 247.597
5765.423 221.419
5766.602 224.360
5767.781 204.045
5768.960 221.287
5770.139 227.996
5771.318 230.850
5772.496 217.762
5773.675 228.992
5774.854 229.902
5776.033 213.605
5777.212 211.578
5778.390 220.025
5779.569 218.618
5780.748 213.455
5781.927 217.432
5783.106 227.295
5784.284 233.119
5785.463 227.516
5786.642 225.963
5787.821 204.596
5789.000 225.170
5790.179 235.500
5791.357 221.584
5792.536 211.937
5793.715 219.972
5794.894 231.857
5796.073 216.535
5797.251 214.796
5798.430 215.008
5799.609 204.176
5800.788 215.572
5801.967 195.084
5803.146 206.028
5804.324 227.730
5805.503 207.634
5806.682 236.312
5807.861 220.307
5809.040 206.557
5810.218 248.911
5811.397 211.773
5812.576 210.060
5813.755 221.224
5814.934 215.618
5816.113 238.914
5817.291 237.252
5818.470 212.172
5819.649 214.011
5820.828 233.344
5822.007 243.456
5823.185 243.093
5824.364 218.308
5825.543 227.327
5826.722 225.642
5827.901 207.303
5829.080 238.640
5830.258 239.065
5831.437 201.101
5832.616 237.301
5833.795 249.757
5834.974 214.190
5836.152 226.240
5837.331 234.136
5838.510 213.673
5839.689 222.311
5840.868 226.280
5842.047 198.816
5843.225 219.167
5844.404 225.465
5845.583 223.637
5846.762 208.100
5847.941 224.005
5849.119 218.844
5850.298 208.222
5851.477 198.936
5852.656 212.415
5853.835 214.644
5855.014 210.368
5856.192 222.621
5857.371 216.467
5858.550 202.020
5859.729 211.299
5860.908 216.338
5862.086 226.487
5863.265 235.135
5864.444 274.700
5865.623 319.072
5866.802 351.709
5867.981 335.785
5869.159 302.247
5870.338 261.035
5871.517 251.210
5872.696 274.084
5873.875 251.905
5875.053 243.473
5876.232 286.212
5877.411 478.694
5878.590 797.036
5879.769 800.034
5880.948 536.904
5882.126 280.567
5883.305 240.764
5884.484 244.852
5885.663 261.318
5886.842 321.170
5888.020 674.774
5889.199 1279.873
5890.378 1442.180
5891.557 906.539
5892.736 407.453
5893.915 452.762
5895.093 772.198
5896.272 926.776
5897.451 688.802
5898.630 335.090
5899.809 237.303
5900.987 205.352
5902.166 223.154
5903.345 233.635
5904.524 255.685
5905.703 267.789
5906.882 261.601
5908.060 270.522
5909.239 232.872
5910.418 202.544
5911.597 221.408
5912.776 248.997
5913.954 303.449
5915.133 366.776
5916.312 340.165
5917.491 262.108
5918.670 228.832
5919.849 207.057
5921.027 240.741
5922.206 244.776
5923.385 244.784
5924.564 289.205
5925.743 283.160
5926.921 253.097
5928.100 217.365
5929.279 241.443
5930.458 247.338
5931.637 318.295
5932.815 413.857
5933.994 350.920
5935.173 269.176
5936.352 218.252
5937.531 203.182
5938.710 214.657
5939.888 218.286
5941.067 209.568
5942.246 231.797
5943.425 204.008
5944.604 247.685
5945.782 273.491
5946.961 253.306
5948.140 233.890
5949.319 225.302
5950.498 226.900
5951.677 255.379
5952.855 322.375
5954.034 325.949
5955.213 297.959
5956.392 239.290
5957.571 224.746
5958.749 241.800
5959.928 251.680
5961.107 241.041
5962.286 244.240
5963.465 229.976
5964.644 218.193
5965.822 223.993
5967.001 220.726
5968.180 226.922
5969.359 238.719
5970.538 241.784
5971.716 261.225
5972.895 261.239
5974.074 261.250
