3561.035 5824.480
3562.213 5711.458
3563.392 5645.488
3564.571 5709.009
3565.750 5414.279
3566.929 5669.454
3568.108 5472.075
3569.286 5880.588
3570.465 6068.518
3571.644 5622.471
3572.823 5389.463
3574.002 5321.503
3575.180 5610.514
3576.359 5174.446
3577.538 5235.825
3578.717 5548.151
3579.896 5638.725
3581.075 5207.942
3582.253 5364.608
3583.432 5249.565
3584.611 5784.072
3585.790 7240.007
3586.969 5913.538
3588.147 6510.050
3589.326 4890.023
3590.505 5462.237
3591.684 5973.830
3592.863 5626.241
3594.042 4787.000
3595.220 6354.847
3596.399 5459.137
3597.578 5219.418
3598.757 5810.944
3599.936 6325.866
3601.114 5938.525
3602.293 5444.247
3603.472 6107.079
3604.651 5412.083
3605.830 5441.095
3607.009 6052.295
3608.187 5252.296
3609.366 5763.513
3610.545 5654.337
3611.724 6260.206
3612.903 5678.150
3614.081 6085.961
3615.260 6378.906
3616.439 6531.836
3617.618 6008.879
3618.797 5524.177
3619.976 5843.836
3621.154 6465.232
3622.333 5817.951
3623.512 5925.923
3624.691 5911.586
3625.870 5776.750
3627.048 5943.336
3628.227 5828.141
3629.406 5794.322
3630.585 6476.778
3631.764 5751.585
3632.943 6257.177
3634.121 5941.608
3635.300 5681.015
3636.479 6584.167
3637.658 6828.834
3638.837 5825.170
3640.015 5715.932
3641.194 5893.448
3642.373 5952.452
3643.552 6086.881
3644.731 6030.476
3645.910 5704.040
3647.088 5861.491
3648.267 5996.761
3649.446 5716.110
3650.625 5903.262
3651.804 5480.838
3652.982 5468.735
3654.161 5250.596
3655.340 5583.677
3656.519 5746.086
3657.698 5174.499
3658.877 5193.482
3660.055 5669.925
3661.234 5640.037
3662.413 5875.572
3663.592 5744.175
3664.771 5723.198
3665.949 5362.830
3667.128 5223.565
3668.307 5990.547
3669.486 5402.520
3670.665 5262.184
3671.844 5088.358
3673.022 5852.365
3674.201 5224.468
3675.380 5380.020
3676.559 4900.073
3677.738 5082.712
3678.916 5034.287
3680.095 5139.662
3681.274 5273.256
3682.453 5068.079
3683.632 4860.167
3684.811 5342.568
3685.989 5049.013
3687.168 4731.337
3688.347 4926.813
3689.526 5494.566
3690.705 4373.294
3691.883 4379.239
3693.062 4877.129
3694.241 5051.342
3695.420 4763.716
3696.599 4564.289
3697.777 4597.492
3698.956 5396.614
3700.135 5324.793
3701.314 4932.158
3702.493 4727.365
3703.672 4560.747
3704.850 5446.289
3706.029 5934.864
3707.208 5934.147
3708.387 4548.104
3709.566 4697.747
3710.744 4472.328
3711.923 4593.386
3713.102 5521.466
3714.281 5952.000
3715.460 5267.600
3716.639 4758.780
3717.817 4631.873
3718.996 4383.327
3720.175 4241.302
3721.354 4673.423
3722.533 5506.277
3723.711 6747.589
3724.890 7397.166
3726.069 7451.795
3727.248 22064.893
3728.427 35976.869
3729.606 40849.068
3730.784 48371.022
3731.963 42801.758
3733.142 16100.835
3734.321 4584.401
3735.500 5569.266
3736.678 6842.125
3737.857 7235.815
3739.036 5598.199
3740.215 4718.529
3741.394 6109.104
3742.573 5386.902
3743.751 5008.342
3744.930 4373.963
3746.109 4492.299
3747.288 4253.968
3748.467 3691.745
3749.645 4046.652
3750.824 4856.264
3752.003 6640.254
3753.182 6674.118
3754.361 5188.257
3755.540 4378.654
3756.718 4415.228
3757.897 4530.979
3759.076 4451.124
3760.255 4711.628
3761.434 4134.575
3762.612 4247.924
3763.791 4302.227
3764.970 4340.654
3766.149 4325.318
3767.328 4298.977
3768.507 4250.118
3769.685 3945.551
3770.864 4214.118
3772.043 6631.793
3773.222 7533.988
3774.401 6072.751
3775.579 4405.367
3776.758 3979.300
3777.937 4263.980
3779.116 4162.318
3780.295 4348.694
3781.474 4535.975
3782.652 4222.195
3783.831 4386.565
3785.010 4465.252
3786.189 4097.906
3787.368 4525.771
3788.546 4472.441
3789.725 4693.341
3790.904 4148.437
3792.083 4461.890
3793.262 4221.188
3794.441 3810.067
3795.619 3734.512
3796.798 3688.291
3797.977 4240.569
3799.156 6785.827
3800.335 8447.477
3801.513 6797.491
3802.692 4182.002
3803.871 4013.212
3805.050 3669.224
3806.229 3732.266
3807.408 3659.018
3808.586 4039.842
3809.765 4260.720
3810.944 4247.636
3812.123 4229.296
3813.302 4360.935
3814.480 4219.183
3815.659 4201.698
3816.838 4441.866
3818.017 4209.271
3819.196 3985.785
3820.375 4472.736
3821.553 4745.037
3822.732 4829.165
3823.911 4166.825
3825.090 3902.285
3826.269 3748.986
3827.447 3941.440
3828.626 4117.025
3829.805 4246.420
3830.984 4324.592
3832.163 3830.634
3833.342 3643.114
3834.520 3678.636
3835.699 4259.426
3836.878 8519.804
3838.057 9731.854
3839.236 6926.961
3840.414 3418.901
3841.593 3756.925
3842.772 3633.896
3843.951 3964.640
3845.130 3706.939
3846.309 4179.048
3847.487 4106.817
3848.666 3837.978
3849.845 3950.511
3851.024 3836.378
3852.203 3904.864
3853.381 3722.433
3854.560 3899.930
3855.739 3965.814
3856.918 3950.050
3858.097 3832.258
3859.275 3955.888
3860.454 3871.086
3861.633 3718.172
3862.812 3726.013
3863.991 3829.305
3865.170 3783.475
3866.348 3811.077
3867.527 4124.129
3868.706 6187.997
3869.885 23614.182
3871.064 38869.104
3872.242 30949.792
3873.421 7625.257
3874.600 3631.757
3875.779 3497.509
3876.958 3602.370
3878.137 3498.702
3879.315 3729.846
3880.494 3453.490
3881.673 3633.959
3882.852 3567.567
3884.031 3399.075
3885.209 3376.166
3886.388 3171.708
3887.567 3189.158
3888.746 3990.110
3889.925 11536.240
3891.104 19396.631
3892.282 15786.802
3893.461 5906.351
3894.640 3111.349
3895.819 3219.076
3896.998 3433.048
3898.176 3361.564
3899.355 3371.791
3900.534 3317.946
3901.713 3493.971
3902.892 3502.435
3904.071 3635.430
3905.249 3610.674
3906.428 3416.517
3907.607 3651.513
3908.786 3658.489
3909.965 3738.995
3911.143 3632.678
3912.322 3370.158
3913.501 3590.819
3914.680 3498.261
3915.859 3319.229
3917.038 3465.496
3918.216 3497.778
3919.395 3328.718
3920.574 3439.179
3921.753 3457.735
3922.932 3348.627
3924.110 3181.231
3925.289 3056.966
3926.468 3198.379
3927.647 3057.394
3928.826 3192.752
3930.005 3051.059
3931.183 3209.236
3932.362 3136.187
3933.541 2892.734
3934.720 2833.252
3935.899 2729.555
3937.077 2812.161
3938.256 2954.565
3939.435 3126.911
3940.614 3337.789
3941.793 3280.812
3942.972 3282.834
3944.150 3318.684
3945.329 3263.819
3946.508 3348.039
3947.687 3362.241
3948.866 3499.646
3950.044 3193.043
3951.223 3262.767
3952.402 3289.767
3953.581 3037.769
3954.760 3237.969
3955.939 3085.719
3957.117 3183.264
3958.296 3007.169
3959.475 3119.375
3960.654 3051.902
3961.833 2880.969
3963.011 2826.026
3964.190 2796.646
3965.369 3138.953
3966.548 3358.550
3967.727 4269.011
3968.906 9125.566
3970.084 11881.405
3971.263 14368.544
3972.442 14308.891
3973.621 11459.710
3974.800 4030.622
3975.978 2609.804
3977.157 2670.630
3978.336 2921.774
3979.515 2861.677
3980.694 2918.480
3981.873 2869.349
3983.051 3090.630
3984.230 3026.175
3985.409 2844.589
3986.588 2822.957
3987.767 2963.062
3988.945 2902.627
3990.124 2891.942
3991.303 2935.859
3992.482 2972.795
3993.661 2880.057
3994.840 2886.782
3996.018 2768.049
3997.197 2740.182
3998.376 2855.055
3999.555 3028.075
4000.734 2845.593
4001.912 2918.311
4003.091 2828.834
4004.270 2904.185
4005.449 2847.218
4006.628 2703.308
4007.807 2856.349
4008.985 2760.036
4010.164 2786.124
4011.343 2873.880
4012.522 2783.401
4013.701 2759.119
4014.879 2721.580
4016.058 2996.454
4017.237 2646.906
4018.416 2826.464
4019.595 2858.946
4020.773 2840.928
4021.952 2695.756
4023.131 2657.915
4024.310 2684.939
4025.489 2613.975
4026.668 2756.643
4027.846 3439.418
4029.025 3714.954
4030.204 3086.176
4031.383 2608.224
4032.562 2649.324
4033.740 2643.605
4034.919 2734.022
4036.098 2659.481
4037.277 2735.921
4038.456 2724.358
4039.635 2683.849
4040.813 2733.721
4041.992 2680.218
4043.171 2653.898
4044.350 2784.882
4045.529 2671.677
4046.707 2584.092
4047.886 2683.803
4049.065 2744.175
4050.244 2619.497
4051.423 2562.692
4052.602 2562.212
4053.780 2426.447
4054.959 2708.876
4056.138 2575.809
4057.317 2516.197
4058.496 2593.902
4059.674 2713.249
4060.853 2651.405
4062.032 2628.290
4063.211 2631.228
4064.390 2555.150
4065.569 2592.927
4066.747 2632.550
4067.926 2451.605
4069.105 2672.784
4070.284 2914.628
4071.463 3002.002
4072.641 2764.882
4073.820 2520.676
4074.999 2434.989
4076.178 2657.949
4077.357 2579.147
4078.536 2601.270
4079.714 2530.443
4080.893 2543.414
4082.072 2460.540
4083.251 2417.220
4084.430 2488.151
4085.608 2374.873
4086.787 2390.677
4087.966 2353.438
4089.145 2390.752
4090.324 2415.848
4091.503 2321.598
4092.681 2326.078
4093.860 2313.744
4095.039 2344.796
4096.218 2317.369
4097.397 2298.049
4098.575 2196.810
4099.754 2064.480
4100.933 2294.703
4102.112 3993.715
4103.291 13537.884
4104.470 17453.682
4105.648 11566.100
4106.827 2913.438
4108.006 2123.820
4109.185 2148.197
4110.364 2139.185
4111.542 2231.201
4112.721 2263.316
4113.900 2236.029
4115.079 2305.587
4116.258 2222.817
4117.437 2174.903
4118.615 2133.909
4119.794 2227.618
4120.973 2130.858
4122.152 2290.076
4123.331 2286.575
4124.509 2192.778
4125.688 2282.250
4126.867 2264.704
4128.046 2256.215
4129.225 2307.529
4130.404 2212.790
4131.582 2138.377
4132.761 2168.101
4133.940 2196.688
4135.119 2177.352
4136.298 2318.841
4137.476 2214.070
4138.655 2301.741
4139.834 2096.583
4141.013 2074.947
4142.192 2057.004
4143.371 2025.095
4144.549 2038.701
4145.728 2142.826
4146.907 2187.409
4148.086 1978.842
4149.265 2037.510
4150.443 2116.103
4151.622 2062.141
4152.801 2067.261
4153.980 2088.376
4155.159 2185.088
4156.338 2077.940
4157.516 2111.538
4158.695 2068.969
4159.874 2139.790
4161.053 2022.212
4162.232 2050.145
4163.410 2121.596
4164.589 2089.372
4165.768 2088.086
4166.947 2108.402
4168.126 2060.300
4169.305 2050.827
4170.483 2157.064
4171.662 2375.748
4172.841 2682.835
4174.020 2209.663
4175.199 2074.664
4176.377 2048.234
4177.556 2014.559
4178.735 2065.224
4179.914 2008.553
4181.093 2056.116
4182.271 1942.476
4183.450 1991.786
4184.629 2037.460
4185.808 2068.618
4186.987 2042.604
4188.166 1915.170
4189.344 1894.259
4190.523 1959.046
4191.702 1972.730
4192.881 2086.997
4194.060 1983.860
4195.238 1944.161
4196.417 1928.389
4197.596 1908.992
4198.775 1902.499
4199.954 1960.042
4201.133 1953.945
4202.311 1892.353
4203.490 1872.664
4204.669 1885.071
4205.848 1821.632
4207.027 1906.509
4208.205 1902.709
4209.384 1884.600
4210.563 1844.515
4211.742 1932.652
4212.921 1901.727
4214.100 1868.503
4215.278 1913.951
4216.457 1857.346
4217.636 1887.324
4218.815 1844.802
4219.994 1777.374
4221.172 1849.488
4222.351 1778.133
4223.530 1737.923
4224.709 1748.459
4225.888 1811.964
4227.067 1819.823
4228.245 1749.192
4229.424 1721.834
4230.603 1860.519
4231.782 1836.795
4232.961 1816.281
4234.139 1882.392
4235.318 1887.174
4236.497 1828.444
4237.676 1799.345
4238.855 1777.972
4240.034 1704.128
4241.212 1765.022
4242.391 1761.844
4243.570 1777.017
4244.749 1847.214
4245.928 1773.635
4247.106 1870.132
4248.285 1825.888
4249.464 1756.245
4250.643 1749.378
4251.822 1734.708
4253.001 1824.828
4254.179 1808.225
4255.358 1805.992
4256.537 1806.486
4257.716 1738.137
4258.895 1696.014
4260.073 1741.471
4261.252 1723.522
4262.431 1696.295
4263.610 1699.385
4264.789 1771.002
4265.968 1763.126
4267.146 1696.485
4268.325 1746.072
4269.504 1765.642
4270.683 1638.709
4271.862 1633.878
4273.040 1741.307
4274.219 1683.393
4275.398 1615.644
4276.577 1553.364
4277.756 1710.504
4278.935 1675.579
4280.113 1647.795
4281.292 1654.781
4282.471 1556.020
4283.650 1624.888
4284.829 1642.317
4286.007 1636.757
4287.186 1708.175
4288.365 1704.355
4289.544 1626.128
4290.723 1637.759
4291.902 1613.351
4293.080 1647.961
4294.259 1585.190
4295.438 1617.115
4296.617 1684.550
4297.796 1638.837
4298.974 1580.964
4300.153 1567.231
4301.332 1560.694
4302.511 1532.264
4303.690 1563.517
4304.869 1617.372
4306.047 1591.856
4307.226 1587.926
4308.405 1568.840
4309.584 1511.478
4310.763 1630.756
4311.941 1619.380
4313.120 1522.332
4314.299 1909.956
4315.478 1880.966
4316.657 1593.132
4317.836 1689.949
4319.014 1577.787
4320.193 1661.302
4321.372 1881.823
4322.551 1747.766
4323.730 1454.299
4324.908 1510.844
4326.087 1491.897
4327.266 1426.664
4328.445 1491.529
4329.624 1553.401
4330.803 1546.833
4331.981 1471.011
4333.160 1517.230
4334.339 1551.088
4335.518 1430.548
4336.697 1407.762
4337.875 1377.736
4339.054 1527.571
4340.233 1528.719
4341.412 8105.965
4342.591 19592.974
4343.769 21536.059
4344.948 10077.250
4346.127 1458.569
4347.306 1465.418
4348.485 1412.595
4349.664 1448.359
4350.842 1409.730
4352.021 1439.264
4353.200 1452.132
4354.379 1447.080
4355.558 1456.982
4356.736 1500.579
4357.915 1467.353
4359.094 1485.506
4360.273 1455.913
4361.452 1459.527
4362.631 1486.458
4363.809 1872.425
4364.988 3739.150
4366.167 4509.448
4367.346 3151.158
4368.525 1775.317
4369.703 1447.620
4370.882 1399.507
4372.061 1431.086
4373.240 1402.795
4374.419 1447.093
4375.598 1416.051
4376.776 1370.412
4377.955 1452.543
4379.134 1461.138
4380.313 1455.031
4381.492 1359.947
4382.670 1443.325
4383.849 1331.651
4385.028 1382.035
4386.207 1401.768
4387.386 1386.649
4388.565 1353.947
4389.743 1404.492
4390.922 1565.427
4392.101 1513.652
4393.280 1327.251
4394.459 1355.378
4395.637 1404.211
4396.816 1332.164
4397.995 1333.481
4399.174 1440.135
4400.353 1378.404
4401.532 1355.565
4402.710 1386.528
4403.889 1436.034
4405.068 1391.089
4406.247 1488.204
4407.426 1676.630
4408.604 1575.895
4409.783 1461.665
4410.962 1392.317
4412.141 1413.215
4413.320 1423.759
4414.499 1481.647
4415.677 1431.684
4416.856 1427.593
4418.035 1403.027
4419.214 1432.794
4420.393 1382.678
4421.571 1389.409
4422.750 1378.727
4423.929 1385.527
4425.108 1374.886
4426.287 1406.765
4427.466 1381.390
4428.644 1431.210
4429.823 1327.476
4431.002 1337.041
4432.181 1372.833
4433.360 1322.778
4434.538 1339.703
4435.717 1387.442
4436.896 1251.443
4438.075 1341.620
4439.254 1326.285
4440.433 1351.099
4441.611 1268.042
4442.790 1344.688
4443.969 1320.782
4445.148 1332.932
4446.327 1380.893
4447.505 1263.274
4448.684 1250.362
4449.863 1357.408
4451.042 1301.673
4452.221 1293.263
4453.400 1287.862
4454.578 1279.789
4455.757 1291.330
4456.936 1302.720
4458.115 1260.058
4459.294 1293.442
4460.472 1240.354
4461.651 1305.602
4462.830 1239.740
4464.009 1290.347
4465.188 1339.239
4466.367 1305.059
4467.545 1230.466
4468.724 1246.135
4469.903 1241.346
4471.082 1210.638
4472.261 1484.240
4473.439 2540.772
4474.618 2729.573
4475.797 2054.573
4476.976 1324.497
4478.155 1277.551
4479.334 1241.093
4480.512 1287.303
4481.691 1226.099
4482.870 1240.102
4484.049 1265.809
4485.228 1302.854
4486.406 1274.576
4487.585 1284.567
4488.764 1266.420
4489.943 1269.681
4491.122 1226.149
4492.301 1257.743
4493.479 1279.173
4494.658 1283.740
4495.837 1247.847
4497.016 1286.314
4498.195 1264.898
4499.373 1254.724
4500.552 1224.305
4501.731 1218.701
4502.910 1200.562
4504.089 1203.718
4505.267 1267.936
4506.446 1300.814
4507.625 1286.340
4508.804 1442.356
4509.983 1482.208
4511.162 1543.537
4512.340 1485.343
4513.519 1196.565
4514.698 1242.843
4515.877 1200.822
4517.056 1200.095
4518.234 1266.243
4519.413 1254.679
4520.592 1239.963
4521.771 1293.513
4522.950 1279.816
4524.129 1261.929
4525.307 1220.984
4526.486 1260.967
4527.665 1247.716
4528.844 1223.733
4530.023 1279.700
4531.201 1241.132
4532.380 1265.739
4533.559 1156.187
4534.738 1239.036
4535.917 1305.488
4537.096 1210.828
4538.274 1265.031
4539.453 1297.032
4540.632 1242.160
4541.811 1191.017
4542.990 1296.916
4544.168 1201.412
4545.347 1226.159
4546.526 1209.092
4547.705 1208.655
4548.884 1268.700
4550.063 1198.370
4551.241 1185.541
4552.420 1179.931
4553.599 1143.412
4554.778 1180.007
4555.957 1174.947
4557.135 1225.042
4558.314 1216.165
4559.493 1221.070
4560.672 1189.695
4561.851 1267.027
4563.030 1220.137
4564.208 1260.902
4565.387 1216.731
4566.566 1237.196
4567.745 1238.280
4568.924 1198.432
4570.102 1230.771
4571.281 1136.334
4572.460 1178.948
4573.639 1182.338
4574.818 1212.401
4575.997 1215.784
4577.175 1193.547
4578.354 1205.564
4579.533 1166.186
4580.712 1195.201
4581.891 1206.541
4583.069 1220.300
4584.248 1181.189
4585.427 1158.940
4586.606 1198.476
4587.785 1199.925
4588.964 1135.062
4590.142 1214.875
4591.321 1177.171
4592.500 1129.932
4593.679 1130.709
4594.858 1178.533
4596.036 1219.392
4597.215 1153.084
4598.394 1149.764
4599.573 1218.847
4600.752 1189.559
4601.931 1158.848
4603.109 1181.783
4604.288 1180.703
4605.467 1162.387
4606.646 1158.769
4607.825 1218.458
4609.003 1214.037
4610.182 1293.041
4611.361 1476.471
4612.540 1278.514
4613.719 1128.807
4614.898 1169.091
4616.076 1155.531
4617.255 1199.138
4618.434 1183.925
4619.613 1171.423
4620.792 1155.235
4621.970 1169.609
4623.149 1175.102
4624.328 1201.991
4625.507 1191.079
4626.686 1140.137
4627.865 1153.912
4629.043 1140.852
4630.222 1173.749
4631.401 1187.063
4632.580 1166.758
4633.759 1125.840
4634.937 1141.652
4636.116 1150.224
4637.295 1220.574
4638.474 1189.347
4639.653 1176.219
4640.832 1165.737
4642.010 1192.923
4643.189 1163.202
4644.368 1175.954
4645.547 1148.518
4646.726 1124.679
4647.904 1090.601
4649.083 1151.670
4650.262 1137.158
4651.441 1135.844
4652.620 1151.135
4653.799 1188.336
4654.977 1186.188
4656.156 1174.518
4657.335 1176.036
4658.514 1199.928
4659.693 1193.372
4660.871 1263.122
4662.050 1189.759
4663.229 1183.353
4664.408 1213.351
4665.587 1144.867
4666.765 1180.987
4667.944 1143.130
4669.123 1157.690
4670.302 1144.081
4671.481 1291.622
4672.660 1235.944
4673.838 1160.355
4675.017 1189.059
4676.196 1192.967
4677.375 1266.825
4678.554 1531.929
4679.732 1320.158
4680.911 1165.802
4682.090 1170.386
4683.269 1142.989
4684.448 1144.233
4685.627 1178.153
4686.805 1160.606
4687.984 1158.622
4689.163 1173.581
4690.342 1138.911
4691.521 1152.330
4692.699 1147.927
4693.878 1091.040
4695.057 1102.594
4696.236 1176.738
4697.415 1173.426
4698.594 1133.851
4699.772 1161.672
4700.951 1153.779
4702.130 1160.145
4703.309 1170.824
4704.488 1160.105
4705.666 1161.978
4706.845 1144.747
4708.024 1128.454
4709.203 1148.884
4710.382 1175.814
4711.561 1145.356
4712.739 1275.416
4713.918 1347.234
4715.097 1406.179
4716.276 1361.842
4717.455 1202.477
4718.633 1165.948
4719.812 1137.392
4720.991 1111.539
4722.170 1147.152
4723.349 1165.850
4724.528 1163.157
4725.706 1180.246
4726.885 1116.879
4728.064 1110.971
4729.243 1167.700
4730.422 1109.548
4731.600 1149.540
4732.779 1106.344
4733.958 1130.740
4735.137 1116.539
4736.316 1119.564
4737.495 1086.460
4738.673 1215.788
4739.852 1268.106
4741.031 1160.437
4742.210 1259.003
4743.389 1316.811
4744.567 1152.860
4745.746 1162.831
4746.925 1160.567
4748.104 1120.841
4749.283 1120.278
4750.462 1122.191
4751.640 1091.297
4752.819 1072.580
4753.998 1114.064
4755.177 1118.531
4756.356 1134.737
4757.534 1092.654
4758.713 1083.652
4759.892 1103.735
4761.071 1095.266
4762.250 1104.119
4763.429 1055.955
4764.607 1070.989
4765.786 1098.427
4766.965 1089.457
4768.144 1085.013
4769.323 1064.964
4770.501 1089.170
4771.680 1104.485
4772.859 1109.769
4774.038 1149.551
4775.217 1104.265
4776.396 1115.811
4777.574 1093.559
4778.753 1103.352
4779.932 1116.097
4781.111 1103.048
4782.290 1095.895
4783.468 1086.386
4784.647 1058.887
4785.826 1072.418
4787.005 1124.603
4788.184 1098.188
4789.363 1108.803
4790.541 1105.324
4791.720 1108.247
4792.899 1063.059
4794.078 1096.563
4795.257 1089.921
4796.435 1133.149
4797.614 1061.057
4798.793 1095.894
4799.972 1114.696
4801.151 1090.307
4802.330 1189.075
4803.508 1263.650
4804.687 1159.418
4805.866 1102.825
4807.045 1105.712
4808.224 1069.040
4809.402 1068.150
4810.581 1095.865
4811.760 1090.139
4812.939 1125.209
4814.118 1121.946
4815.296 1073.907
4816.475 1122.638
4817.654 1108.706
4818.833 1096.717
4820.012 1115.836
4821.191 1062.373
4822.369 1096.872
4823.548 1129.797
4824.727 1123.392
4825.906 1066.108
4827.085 1052.504
4828.263 1069.814
4829.442 1085.319
4830.621 1079.519
4831.800 1089.887
4832.979 1099.536
4834.158 1091.330
4835.336 1086.927
4836.515 1137.382
4837.694 1051.063
4838.873 1149.792
4840.052 1071.899
4841.230 1050.295
4842.409 1106.917
4843.588 1042.103
4844.767 1056.287
4845.946 1120.927
4847.125 1111.978
4848.303 1085.078
4849.482 1049.909
4850.661 1047.524
4851.840 1067.102
4853.019 1082.116
4854.197 1051.051
4855.376 1036.878
4856.555 1041.559
4857.734 1078.816
4858.913 987.822
4860.092 1348.814
4861.270 741.822
4862.449 13011.146
4863.628 35714.831
4864.807 38584.207
4865.986 18402.833
4867.164 777.290
4868.343 1456.634
4869.522 1013.129
4870.701 1087.422
4871.880 1014.783
4873.059 1047.118
4874.237 1083.459
4875.416 1006.172
4876.595 1033.429
4877.774 1027.053
4878.953 1044.724
4880.131 1038.176
4881.310 1089.254
4882.489 1050.063
4883.668 1070.292
4884.847 1052.992
4886.026 1041.949
4887.204 1039.497
4888.383 1058.432
4889.562 1032.401
4890.741 1068.078
4891.920 1111.117
4893.098 1071.333
4894.277 1052.544
4895.456 1031.268
4896.635 1034.939
4897.814 1015.889
4898.993 1003.342
4900.171 1055.923
4901.350 1058.295
4902.529 1022.852
4903.708 1027.379
4904.887 1077.470
4906.065 1072.713
4907.244 1039.513
4908.423 1086.084
4909.602 1064.114
4910.781 1035.152
4911.960 1083.624
4913.138 1000.000
4914.317 1021.725
4915.496 1009.738
4916.675 1069.284
4917.854 1047.696
4919.032 1037.436
4920.211 956.609
4921.390 1162.003
4922.569 1188.533
4923.748 1231.459
4924.927 1391.889
4926.105 1329.030
4927.284 1049.430
4928.463 993.008
4929.642 1032.221
4930.821 1043.207
4931.999 1066.846
4933.178 1055.289
4934.357 1047.706
4935.536 1032.567
4936.715 1035.187
4937.894 1060.692
4939.072 1029.326
4940.251 1004.283
4941.430 1039.691
4942.609 1034.232
4943.788 1033.005
4944.966 1031.743
4946.145 1020.308
4947.324 1092.477
4948.503 1060.766
4949.682 1041.958
4950.861 1080.325
4952.039 998.304
4953.218 1025.346
4954.397 1086.554
4955.576 1232.000
4956.755 1273.902
4957.933 1150.417
4959.112 2243.860
4960.291 26732.192
4961.470 69096.704
4962.649 68795.149
4963.828 20844.025
4965.006 1655.266
4966.185 1103.767
4967.364 1144.943
4968.543 1099.949
4969.722 1078.474
4970.900 1089.666
4972.079 1055.747
4973.258 1071.867
4974.437 1065.795
4975.616 1033.270
4976.794 1065.623
4977.973 1100.590
4979.152 1091.135
4980.331 1035.422
4981.510 1036.502
4982.689 1073.332
4983.867 985.023
4985.046 946.549
4986.225 1060.873
4987.404 1094.775
4988.583 1033.080
4989.761 1083.976
4990.940 1065.130
4992.119 1061.262
4993.298 1054.198
4994.477 1078.249
4995.656 1119.266
4996.834 1070.542
4998.013 1068.822
4999.192 1055.314
5000.371 1057.283
5001.550 1085.282
5002.728 1026.516
5003.907 1171.048
5005.086 981.341
5006.265 2264.789
5007.444 7952.822
5008.623 125837.514
5009.801 220925.364
5010.980 154223.763
5012.159 37604.835
5013.338 -3635.795
5014.517 2651.370
5015.695 738.048
5016.874 1372.089
5018.053 1750.708
5019.232 1897.753
5020.411 1479.692
5021.590 1073.160
5022.768 1059.845
5023.947 1023.700
5025.126 1000.999
5026.305 1016.477
5027.484 1039.523
5028.662 1001.167
5029.841 1012.637
5031.020 981.074
5032.199 1016.601
5033.378 1033.217
5034.557 1013.670
5035.735 1035.177
5036.914 1088.482
5038.093 1030.453
5039.272 997.010
5040.451 986.668
5041.629 958.757
5042.808 1016.694
5043.987 1021.619
5045.166 978.470
5046.345 984.182
5047.524 995.774
5048.702 964.937
5049.881 953.732
5051.060 1023.814
5052.239 1005.131
5053.418 965.997
5054.596 922.674
5055.775 928.916
5056.954 944.075
5058.133 960.467
5059.312 911.138
5060.491 960.106
5061.669 961.305
5062.848 948.984
5064.027 930.608
5065.206 975.286
5066.385 947.433
5067.563 973.042
5068.742 939.458
5069.921 942.590
5071.100 928.828
5072.279 918.068
5073.458 888.023
5074.636 893.150
5075.815 917.446
5076.994 898.295
5078.173 926.887
5079.352 981.243
5080.530 941.872
5081.709 857.766
5082.888 873.673
5084.067 910.617
5085.246 859.594
5086.425 889.977
5087.603 1119.401
5088.782 1123.348
5089.961 914.084
5091.140 931.836
5092.319 900.273
5093.497 925.581
5094.676 902.307
5095.855 904.441
5097.034 905.537
5098.213 869.120
5099.392 860.000
5100.570 880.222
5101.749 916.930
5102.928 924.464
5104.107 914.899
5105.286 904.804
5106.464 896.952
5107.643 896.666
5108.822 895.811
5110.001 880.184
5111.180 870.727
5112.359 865.306
5113.537 853.547
5114.716 864.439
5115.895 874.796
5117.074 850.994
5118.253 881.559
5119.431 861.235
5120.610 864.217
5121.789 939.954
5122.968 871.551
5124.147 913.749
5125.326 849.138
5126.504 864.427
5127.683 882.474
5128.862 856.491
5130.041 887.921
5131.220 848.419
5132.398 894.102
5133.577 894.571
5134.756 827.457
5135.935 865.609
5137.114 896.328
5138.292 875.325
5139.471 873.003
5140.650 877.274
5141.829 865.271
5143.008 860.990
5144.187 876.304
5145.365 849.600
5146.544 879.490
5147.723 879.149
5148.902 884.174
5150.081 888.810
5151.259 895.770
5152.438 829.651
5153.617 846.764
5154.796 871.752
5155.975 818.675
5157.154 883.489
5158.332 856.806
5159.511 856.666
5160.690 856.204
5161.869 846.637
5163.048 861.430
5164.226 861.955
5165.405 870.194
5166.584 815.000
5167.763 782.230
5168.942 821.680
5170.121 828.537
5171.299 841.296
5172.478 822.132
5173.657 842.729
5174.836 832.764
5176.015 822.320
5177.193 844.955
5178.372 850.562
5179.551 833.446
5180.730 825.084
5181.909 845.009
5183.088 904.578
5184.266 811.962
5185.445 787.870
5186.624 815.792
5187.803 832.292
5188.982 870.392
5190.160 861.109
5191.339 797.692
5192.518 814.742
5193.697 899.807
5194.876 866.063
5196.055 933.139
5197.233 1213.697
5198.412 1387.840
5199.591 1360.640
5200.770 1165.743
5201.949 1055.189
5203.127 878.060
5204.306 891.662
5205.485 808.165
5206.664 805.058
5207.843 835.966
5209.022 833.935
5210.200 821.583
5211.379 865.849
5212.558 867.526
5213.737 857.150
5214.916 815.178
5216.094 840.503
5217.273 848.526
5218.452 831.625
5219.631 831.617
5220.810 831.358
5221.989 843.967
5223.167 835.895
5224.346 845.433
5225.525 814.061
5226.704 796.859
5227.883 838.946
5229.061 818.103
5230.240 855.001
5231.419 782.381
5232.598 776.675
5233.777 800.811
5234.956 813.461
5236.134 842.003
5237.313 861.177
5238.492 860.799
5239.671 869.782
5240.850 775.226
5242.028 812.486
5243.207 820.924
5244.386 813.959
5245.565 801.872
5246.744 783.734
5247.923 800.005
5249.101 806.565
5250.280 812.087
5251.459 806.884
5252.638 804.423
5253.817 746.786
5254.995 802.229
5256.174 849.594
5257.353 843.982
5258.532 799.864
5259.711 778.763
5260.890 857.343
5262.068 827.686
5263.247 781.872
5264.426 740.972
5265.605 807.008
5266.784 753.978
5267.962 759.181
5269.141 759.085
5270.320 739.182
5271.499 792.989
5272.678 794.807
5273.857 750.862
5275.035 785.364
5276.214 812.724
5277.393 786.019
5278.572 797.410
5279.751 778.112
5280.929 755.283
5282.108 760.588
5283.287 765.276
5284.466 717.672
5285.645 745.225
5286.824 780.071
5288.002 814.721
5289.181 778.583
5290.360 807.487
5291.539 770.655
5292.718 737.856
5293.896 778.907
5295.075 766.176
5296.254 823.816
5297.433 874.242
5298.612 821.174
5299.790 784.371
5300.969 749.696
5302.148 732.667
5303.327 757.212
5304.506 764.606
5305.685 770.271
5306.863 799.944
5308.042 755.702
5309.221 743.717
5310.400 737.669
5311.579 788.321
5312.757 744.369
5313.936 770.670
5315.115 773.524
5316.294 760.612
5317.473 734.646
5318.652 757.733
5319.830 759.651
5321.009 755.662
5322.188 777.661
5323.367 759.213
5324.546 747.927
5325.724 749.887
5326.903 742.510
5328.082 786.603
5329.261 861.885
5330.440 933.021
5331.619 878.881
5332.797 764.529
5333.976 765.953
5335.155 761.761
5336.334 700.074
5337.513 749.020
5338.691 724.746
5339.870 756.809
5341.049 749.363
5342.228 720.232
5343.407 721.507
5344.586 726.566
5345.764 714.280
5346.943 754.112
5348.122 771.168
5349.301 705.464
5350.480 704.765
5351.658 753.599
5352.837 739.354
5354.016 738.442
5355.195 734.785
5356.374 734.787
5357.553 764.071
5358.731 733.721
5359.910 801.149
5361.089 739.829
5362.268 670.055
5363.447 687.629
5364.625 730.144
5365.804 715.541
5366.983 746.043
5368.162 738.823
5369.341 696.768
5370.520 703.073
5371.698 721.049
5372.877 708.659
5374.056 681.218
5375.235 682.027
5376.414 710.410
5377.592 702.572
5378.771 712.853
5379.950 674.377
5381.129 714.275
5382.308 703.364
5383.487 727.850
5384.665 693.140
5385.844 721.492
5387.023 678.699
5388.202 687.911
5389.381 684.353
5390.559 678.934
5391.738 681.599
5392.917 709.475
5394.096 702.684
5395.275 682.130
5396.454 698.177
5397.632 676.412
5398.811 680.040
5399.990 683.573
5401.169 660.262
5402.348 674.410
5403.526 688.806
5404.705 656.167
5405.884 671.934
5407.063 699.676
5408.242 697.156
5409.421 673.620
5410.599 677.741
5411.778 637.218
5412.957 647.462
5414.136 656.394
5415.315 675.194
5416.493 672.254
5417.672 662.752
5418.851 670.293
5420.030 661.292
5421.209 727.647
5422.388 739.581
5423.566 708.898
5424.745 672.038
5425.924 627.357
5427.103 630.395
5428.282 644.228
5429.460 655.871
5430.639 713.112
5431.818 666.513
5432.997 646.005
5434.176 656.768
5435.355 736.721
5436.533 700.981
5437.712 669.452
5438.891 683.880
5440.070 623.578
5441.249 631.571
5442.427 678.659
5443.606 650.299
5444.785 638.341
5445.964 633.020
5447.143 638.349
5448.322 627.326
5449.500 654.831
5450.679 636.801
5451.858 671.995
5453.037 669.711
5454.216 615.681
5455.394 621.050
5456.573 664.742
5457.752 638.694
5458.931 629.623
5460.110 640.999
5461.288 655.662
5462.467 675.691
5463.646 649.694
5464.825 608.490
5466.004 613.622
5467.183 644.968
5468.361 648.686
5469.540 677.560
5470.719 640.640
5471.898 649.121
5473.077 625.412
5474.255 635.985
5475.434 639.093
5476.613 624.849
5477.792 648.210
5478.971 649.375
5480.150 613.298
5481.328 590.053
5482.507 603.013
5483.686 638.942
5484.865 644.074
5486.044 652.258
5487.222 661.888
5488.401 612.414
5489.580 639.414
5490.759 668.271
5491.938 600.505
5493.117 643.249
5494.295 636.885
5495.474 654.551
5496.653 605.789
5497.832 625.487
5499.011 637.477
5500.189 634.116
5501.368 615.375
5502.547 648.994
5503.726 615.946
5504.905 598.863
5506.084 639.191
5507.262 630.976
5508.441 621.580
5509.620 625.096
5510.799 626.940
5511.978 615.920
5513.156 632.549
5514.335 642.168
5515.514 654.482
5516.693 640.913
5517.872 624.396
5519.051 654.853
5520.229 702.310
5521.408 734.398
5522.587 652.637
5523.766 621.594
5524.945 623.753
5526.123 638.402
5527.302 616.327
5528.481 598.204
5529.660 617.645
5530.839 609.516
5532.018 623.119
5533.196 571.038
5534.375 640.041
5535.554 587.774
5536.733 644.608
5537.912 605.776
5539.090 546.831
5540.269 640.945
5541.448 727.383
5542.627 741.090
5543.806 724.726
5544.985 697.631
5546.163 650.350
5547.342 587.709
5548.521 605.600
5549.700 654.178
5550.879 607.286
5552.057 588.148
5553.236 613.374
5554.415 616.822
5555.594 617.613
5556.773 590.476
5557.952 599.120
5559.130 652.940
5560.309 616.051
5561.488 603.862
5562.667 641.071
5563.846 673.255
5565.024 666.524
5566.203 622.466
5567.382 613.024
5568.561 635.385
5569.740 611.563
5570.919 606.146
5572.097 635.363
5573.276 655.348
5574.455 600.825
5575.634 3132.771
5576.813 10281.059
5577.991 11544.643
5579.170 6019.734
5580.349 1152.059
5581.528 581.813
5582.707 609.545
5583.886 601.851
5585.064 602.418
5586.243 573.732
5587.422 601.702
5588.601 640.401
5589.780 643.734
5590.958 636.529
5592.137 604.706
5593.316 586.706
5594.495 612.442
5595.674 575.339
5596.853 620.770
5598.031 583.853
5599.210 605.601
5600.389 621.670
5601.568 575.329
5602.747 632.578
5603.925 616.938
5605.104 649.052
5606.283 655.227
5607.462 605.595
5608.641 593.849
5609.820 597.346
5610.998 577.822
5612.177 572.807
5613.356 607.694
5614.535 617.955
5615.714 602.525
5616.892 612.900
5618.071 607.184
5619.250 629.041
5620.429 582.104
5621.608 598.112
5622.786 638.102
5623.965 616.874
5625.144 622.808
5626.323 600.150
5627.502 595.738
5628.681 598.693
5629.859 561.204
5631.038 599.828
5632.217 649.176
5633.396 608.607
5634.575 588.649
5635.753 576.652
5636.932 581.511
5638.111 603.775
5639.290 578.220
5640.469 593.867
5641.648 582.252
5642.826 622.668
5644.005 570.810
5645.184 577.155
5646.363 628.538
5647.542 618.711
5648.720 599.772
5649.899 587.017
5651.078 577.439
5652.257 572.191
5653.436 568.412
5654.615 576.199
5655.793 576.164
5656.972 570.514
5658.151 588.021
5659.330 576.398
5660.509 580.480
5661.687 582.034
5662.866 584.094
5664.045 603.528
5665.224 548.210
5666.403 565.823
5667.582 577.225
5668.760 564.268
5669.939 575.841
5671.118 574.269
5672.297 571.521
5673.476 595.832
5674.654 587.090
5675.833 568.070
5677.012 600.350
5678.191 588.286
5679.370 557.332
5680.549 558.512
5681.727 571.762
5682.906 569.313
5684.085 559.189
5685.264 580.280
5686.443 583.637
5687.621 558.374
5688.800 570.261
5689.979 599.953
5691.158 592.420
5692.337 590.102
5693.516 565.846
5694.694 549.125
5695.873 593.336
5697.052 560.132
5698.231 556.968
5699.410 553.929
5700.588 549.881
5701.767 543.983
5702.946 577.329
5704.125 586.650
5705.304 606.734
5706.483 590.007
5707.661 541.221
5708.840 549.706
5710.019 569.340
5711.198 572.428
5712.377 565.539
5713.555 544.396
5714.734 540.606
5715.913 531.219
5717.092 542.123
5718.271 573.018
5719.450 528.145
5720.628 535.690
5721.807 557.578
5722.986 588.084
5724.165 590.687
5725.344 563.955
5726.522 607.671
5727.701 615.650
5728.880 568.356
5730.059 555.981
5731.238 535.232
5732.417 530.163
5733.595 553.324
5734.774 557.736
5735.953 569.927
5737.132 539.778
5738.311 553.508
5739.489 524.204
5740.668 542.117
5741.847 554.231
5743.026 567.930
5744.205 572.713
5745.384 520.784
5746.562 519.734
5747.741 542.279
5748.920 528.194
5750.099 541.840
5751.278 581.530
5752.456 564.161
5753.635 540.341
5754.814 549.386
5755.993 515.853
5757.172 545.365
5758.351 563.395
5759.529 549.271
5760.708 558.439
5761.887 529.111
5763.066 501.853
5764.245 551.601
5765.423 546.526
5766.602 574.619
5767.781 602.226
5768.960 589.872
5770.139 567.825
5771.318 526.904
5772.496 527.308
5773.675 548.689
5774.854 546.709
5776.033 530.203
5777.212 546.373
5778.390 542.491
5779.569 530.112
5780.748 549.843
5781.927 523.883
5783.106 508.013
5784.284 523.498
5785.463 527.078
5786.642 527.512
5787.821 520.706
5789.000 488.436
5790.179 507.171
5791.357 542.423
5792.536 508.448
5793.715 510.536
5794.894 544.599
5796.073 549.806
5797.251 504.874
5798.430 548.418
5799.609 504.786
5800.788 507.248
5801.967 527.835
5803.146 539.413
5804.324 543.305
5805.503 516.477
5806.682 501.296
5807.861 523.476
5809.040 517.655
5810.218 527.712
5811.397 567.911
5812.576 526.400
5813.755 536.147
5814.934 535.284
5816.113 541.535
5817.291 538.243
5818.470 540.294
5819.649 512.383
5820.828 527.170
5822.007 534.043
5823.185 526.462
5824.364 571.565
5825.543 546.009
5826.722 508.213
5827.901 537.732
5829.080 523.221
5830.258 518.739
5831.437 535.993
5832.616 516.714
5833.795 558.403
5834.974 515.799
5836.152 522.054
5837.331 501.911
5838.510 518.685
5839.689 537.867
5840.868 538.181
5842.047 512.179
5843.225 515.516
5844.404 509.389
5845.583 502.269
5846.762 526.098
5847.941 538.105
5849.119 521.892
5850.298 503.412
5851.477 524.609
5852.656 510.365
5853.835 515.351
5855.014 525.046
5856.192 514.581
5857.371 475.996
5858.550 511.776
5859.729 511.490
5860.908 511.072
5862.086 507.979
5863.265 509.765
5864.444 549.476
5865.623 605.354
5866.802 648.372
5867.981 645.531
5869.159 587.763
5870.338 529.286
5871.517 531.836
5872.696 533.143
5873.875 564.269
5875.053 556.721
5876.232 551.631
5877.411 1646.207
5878.590 3012.272
5879.769 3169.611
5880.948 1823.775
5882.126 733.317
5883.305 535.508
5884.484 489.135
5885.663 510.634
5886.842 549.618
5888.020 882.955
5889.199 1598.725
5890.378 1714.454
5891.557 1252.058
5892.736 687.733
5893.915 682.585
5895.093 1072.528
5896.272 1219.956
5897.451 942.558
5898.630 659.650
5899.809 512.723
5900.987 500.765
5902.166 529.114
5903.345 522.096
5904.524 536.943
5905.703 536.035
5906.882 559.995
5908.060 545.659
5909.239 532.381
5910.418 538.848
5911.597 508.322
5912.776 505.795
5913.954 550.369
5915.133 635.864
5916.312 620.308
5917.491 542.256
5918.670 493.553
5919.849 496.336
5921.027 517.141
5922.206 516.974
5923.385 507.289
5924.564 524.535
5925.743 556.215
5926.921 518.427
5928.100 499.508
5929.279 459.419
5930.458 498.557
5931.637 592.171
5932.815 664.996
5933.994 614.268
5935.173 509.877
5936.352 489.872
5937.531 507.778
5938.710 489.618
5939.888 490.081
5941.067 517.361
5942.246 495.059
5943.425 457.790
5944.604 493.842
5945.782 518.581
5946.961 549.143
5948.140 501.385
5949.319 499.411
5950.498 484.273
5951.677 489.807
5952.855 569.801
5954.034 605.056
5955.213 569.412
5956.392 522.336
5957.571 477.740
5958.749 496.383
5959.928 512.869
5961.107 505.395
5962.286 481.183
5963.465 480.004
5964.644 466.045
5965.822 488.691
5967.001 492.121
5968.180 479.367
5969.359 477.200
5970.538 488.210
5971.716 531.364
5972.895 531.346
5974.074 531.328
