5329.969 2467.310
5331.022 2222.211
5332.075 2075.959
5333.128 1731.472
5334.181 1796.637
5335.234 1745.185
5336.287 1629.310
5337.340 1747.909
5338.393 1742.356
5339.446 1678.180
5340.499 1607.959
5341.552 1615.208
5342.605 1703.225
5343.658 1775.955
5344.711 1716.810
5345.764 1676.757
5346.817 1590.004
5347.870 1611.081
5348.923 1587.340
5349.976 1674.735
5351.029 1614.581
5352.082 1859.579
5353.135 1781.323
5354.188 1734.541
5355.241 1654.905
5356.294 1773.598
5357.347 1835.365
5358.400 1789.170
5359.453 1708.365
5360.506 1607.230
5361.559 1895.053
5362.612 1674.324
5363.665 1750.747
5364.718 1655.652
5365.771 1818.058
5366.824 1769.996
5367.877 1628.842
5368.930 1759.481
5369.983 1695.067
5371.036 1670.601
5372.089 1677.048
5373.142 1476.223
5374.195 1679.286
5375.248 1798.062
5376.301 1806.495
5377.354 1680.590
5378.407 1820.223
5379.460 1797.640
5380.513 1701.947
5381.566 1667.975
5382.619 1600.910
5383.672 1567.428
5384.725 1521.127
5385.778 1528.040
5386.831 1732.449
5387.884 1602.089
5388.937 1597.273
5389.990 1705.340
5391.043 1740.540
5392.097 1532.433
5393.150 1673.541
5394.203 1613.159
5395.256 1550.366
5396.309 1741.731
5397.362 1631.129
5398.415 1814.593
5399.468 1620.882
5400.521 1584.372
5401.574 1512.152
5402.627 1729.883
5403.680 1810.991
5404.733 1678.832
5405.786 1714.896
5406.839 1923.904
5407.892 1977.790
5408.945 1931.939
5409.998 1929.860
5411.051 2086.707
5412.104 2010.344
5413.157 2169.993
5414.210 2158.337
5415.263 2135.023
5416.316 2199.852
5417.369 1982.286
5418.422 1981.224
5419.475 2006.065
5420.528 2041.870
5421.581 2051.194
5422.634 1875.920
5423.687 1730.772
5424.740 1836.549
5425.793 1944.557
5426.846 1860.763
5427.899 1775.752
5428.952 1775.487
5430.005 1639.657
5431.058 1548.735
5432.111 1586.790
5433.164 1722.505
5434.217 1705.254
5435.270 1599.352
5436.323 1799.072
5437.376 1760.768
5438.429 1695.179
5439.482 1585.161
5440.535 1638.262
5441.588 1632.033
5442.641 1635.944
5443.694 1571.258
5444.747 1670.096
5445.800 1564.390
5446.853 1548.686
5447.906 1501.733
5448.959 1578.714
5450.012 1522.891
5451.065 1480.037
5452.118 1585.810
5453.171 1591.662
5454.224 1583.771
5455.277 1416.709
5456.330 1568.925
5457.383 1441.386
5458.436 1616.865
5459.489 1587.794
5460.542 1644.554
5461.595 1579.740
5462.648 1447.691
5463.701 1543.993
5464.754 1593.488
5465.807 1602.175
5466.860 1473.144
5467.913 1481.245
5468.966 1535.379
5470.019 1596.851
5471.072 1630.518
5472.125 1519.166
5473.178 1429.937
5474.231 1505.237
5475.285 1589.727
5476.338 1469.248
5477.391 1560.567
5478.444 1521.760
5479.497 1448.314
5480.550 1627.499
5481.603 1600.482
5482.656 1580.221
5483.709 1498.227
5484.762 1513.593
5485.815 1392.485
5486.868 1506.705
5487.921 1490.470
5488.974 1515.833
5490.027 1574.318
5491.080 1481.589
5492.133 1461.480
5493.186 1605.561
5494.239 1562.758
5495.292 1428.488
5496.345 1565.193
5497.398 1408.014
5498.451 1501.999
5499.504 1404.998
5500.557 1517.742
5501.610 1484.911
5502.663 1485.427
5503.716 1492.742
5504.769 1479.989
5505.822 1415.361
5506.875 1457.023
5507.928 1412.715
5508.981 1492.123
5510.034 1599.892
5511.087 1422.853
5512.140 1571.865
5513.193 1413.237
5514.246 1522.265
5515.299 1449.562
5516.352 1582.112
5517.405 1506.122
5518.458 1440.464
5519.511 1514.401
5520.564 1653.064
5521.617 1560.932
5522.670 1465.485
5523.723 1498.054
5524.776 1430.077
5525.829 1333.090
5526.882 1485.011
5527.935 1356.852
5528.988 1426.323
5530.041 1411.558
5531.094 1450.491
5532.147 1541.425
5533.200 1376.088
5534.253 1475.318
5535.306 1441.944
5536.359 1387.678
5537.412 1371.175
5538.465 1421.067
5539.518 1405.631
5540.571 1534.918
5541.624 1674.467
5542.677 1624.308
5543.730 1557.380
5544.783 1670.596
5545.836 1599.388
5546.889 1532.262
5547.942 1585.663
5548.995 1607.647
5550.048 1401.765
5551.101 1451.974
5552.154 1443.810
5553.207 1409.067
5554.260 1320.677
5555.313 1565.235
5556.366 1484.510
5557.419 1586.870
5558.473 1471.056
5559.526 1407.532
5560.579 1490.123
5561.632 1459.699
5562.685 1607.643
5563.738 1613.014
5564.791 1632.981
5565.844 1526.919
5566.897 1448.262
5567.950 1511.194
5569.003 1529.971
5570.056 1543.986
5571.109 1475.490
5572.162 1477.169
5573.215 1553.748
5574.268 1593.796
5575.321 3484.912
5576.374 26081.319
5577.427 53829.915
5578.480 38017.957
5579.533 8634.191
5580.586 666.316
5581.639 1731.665
5582.692 1324.966
5583.745 1315.993
5584.798 1434.199
5585.851 1373.665
5586.904 1437.185
5587.957 1457.925
5589.010 1654.781
5590.063 1685.870
5591.116 1471.812
5592.169 1357.503
5593.222 1363.149
5594.275 1430.202
5595.328 1373.600
5596.381 1423.871
5597.434 1465.633
5598.487 1424.723
5599.540 1428.533
5600.593 1391.118
5601.646 1456.470
5602.699 1323.155
5603.752 1363.306
5604.805 1707.531
5605.858 1680.113
5606.911 1415.782
5607.964 1396.825
5609.017 1355.111
5610.070 1255.032
5611.123 1375.123
5612.176 1371.032
5613.229 1340.174
5614.282 1362.125
5615.335 1198.842
5616.388 1357.534
5617.441 1458.561
5618.494 1503.153
5619.547 1443.140
5620.600 1419.551
5621.653 1328.841
5622.706 1453.339
5623.759 1614.536
5624.812 1551.213
5625.865 1458.583
5626.918 1282.549
5627.971 1435.340
5629.024 1376.369
5630.077 1264.360
5631.130 1329.044
5632.183 1408.659
5633.236 1402.181
5634.289 1275.135
5635.342 1406.997
5636.395 1382.732
5637.448 1320.938
5638.501 1338.250
5639.554 1354.417
5640.608 1321.838
5641.661 1310.390
5642.714 1403.719
5643.767 1293.927
5644.820 1380.346
5645.873 1450.779
5646.926 1355.929
5647.979 1435.688
5649.032 1447.669
5650.085 1575.238
5651.138 1451.385
5652.191 1310.528
5653.244 1369.450
5654.297 1213.593
5655.350 1364.122
5656.403 1252.006
5657.456 1263.911
5658.509 1185.817
5659.562 1207.119
5660.615 1350.252
5661.668 1336.735
5662.721 1219.112
5663.774 1370.866
5664.827 1313.587
5665.880 1275.086
5666.933 1267.036
5667.986 1350.310
5669.039 1369.570
5670.092 1432.983
5671.145 1296.622
5672.198 1318.280
5673.251 1315.509
5674.304 1384.625
5675.357 1367.562
5676.410 1341.348
5677.463 1321.142
5678.516 1380.959
5679.569 1342.464
5680.622 1324.144
5681.675 1291.770
5682.728 1277.685
5683.781 1267.479
5684.834 1359.265
5685.887 1315.657
5686.940 1384.895
5687.993 1329.918
5689.046 1354.039
5690.099 1344.493
5691.152 1333.436
5692.205 1369.889
5693.258 1290.348
5694.311 1413.328
5695.364 1453.839
5696.417 1383.200
5697.470 1421.874
5698.523 1369.506
5699.576 1394.344
5700.629 1327.120
5701.682 1341.660
5702.735 1242.669
5703.788 1300.725
5704.841 1256.337
5705.894 1403.719
5706.947 1424.136
5708.000 1317.038
5709.053 1200.182
5710.106 1274.060
5711.159 1365.927
5712.212 1327.749
5713.265 1437.704
5714.318 1303.938
5715.371 1363.601
5716.424 1340.875
5717.477 1323.439
5718.530 1341.323
5719.583 1315.283
5720.636 1269.660
5721.689 1411.961
5722.742 1177.742
5723.796 1336.155
5724.849 1314.154
5725.902 1231.303
5726.955 1231.796
5728.008 1340.026
5729.061 1281.956
5730.114 1303.165
5731.167 1310.111
5732.220 1280.821
5733.273 1335.044
5734.326 1336.888
5735.379 1245.158
5736.432 1343.158
5737.485 1218.339
5738.538 1241.647
5739.591 1263.953
5740.644 1189.727
5741.697 1373.792
5742.750 1308.335
5743.803 1251.215
5744.856 1290.122
5745.909 1217.611
5746.962 1244.145
5748.015 1305.055
5749.068 1283.366
5750.121 1247.622
5751.174 1388.491
5752.227 1298.802
5753.280 1197.186
5754.333 1297.108
5755.386 1249.696
5756.439 1284.176
5757.492 1206.073
5758.545 1340.877
5759.598 1260.596
5760.651 1252.117
5761.704 1139.219
5762.757 1252.471
5763.810 1219.876
5764.863 1283.850
5765.916 1269.903
5766.969 1265.398
5768.022 1280.873
5769.075 1258.195
5770.128 1394.390
5771.181 1256.886
5772.234 1254.759
5773.287 1302.392
5774.340 1223.283
5775.393 1264.243
5776.446 1212.782
5777.499 1270.027
5778.552 1198.667
5779.605 1236.142
5780.658 1260.463
5781.711 1274.460
5782.764 1274.870
5783.817 1216.200
5784.870 1254.598
5785.923 1279.798
5786.976 1087.974
5788.029 1172.612
5789.082 1372.610
5790.135 1349.976
5791.188 1195.119
5792.241 1183.316
5793.294 1308.119
5794.347 1320.262
5795.400 1330.259
5796.453 1421.468
5797.506 1328.336
5798.559 1322.969
5799.612 1304.787
5800.665 1371.895
5801.718 1372.301
5802.771 1338.944
5803.824 1324.103
5804.877 1340.821
5805.931 1302.374
5806.984 1296.467
5808.037 1338.794
5809.090 1322.515
5810.143 1429.946
5811.196 1349.115
5812.249 1433.890
5813.302 1371.603
5814.355 1391.176
5815.408 1234.967
5816.461 1299.851
5817.514 1274.184
5818.567 1238.991
5819.620 1330.548
5820.673 1194.076
5821.726 1266.482
5822.779 1341.506
5823.832 1245.850
5824.885 1174.200
5825.938 1189.370
5826.991 1356.698
5828.044 1349.263
5829.097 1296.994
5830.150 1264.658
5831.203 1238.932
5832.256 1173.337
5833.309 1226.500
5834.362 1221.811
5835.415 1202.587
5836.468 1151.132
5837.521 1179.411
5838.574 1150.362
5839.627 1270.568
5840.680 1168.071
5841.733 1184.804
5842.786 1244.870
5843.839 1208.196
5844.892 1263.483
5845.945 1270.982
5846.998 1203.825
5848.051 1207.595
5849.104 1189.164
5850.157 1126.947
5851.210 1186.348
5852.263 1183.332
5853.316 1131.282
5854.369 1223.875
5855.422 1164.643
5856.475 1194.756
5857.528 1122.338
5858.581 1107.827
5859.634 1187.488
5860.687 1159.785
5861.740 1143.868
5862.793 1263.754
5863.846 1285.643
5864.899 1552.944
5865.952 1687.635
5867.005 1824.300
5868.058 1870.339
5869.111 1622.076
5870.164 1516.240
5871.217 1301.888
5872.270 1450.686
5873.323 1359.429
5874.376 1365.534
5875.429 1409.754
5876.482 1484.634
5877.535 2227.064
5878.588 5038.467
5879.641 5624.069
5880.694 3407.076
5881.747 1376.443
5882.800 1267.177
5883.853 1354.302
5884.906 1357.138
5885.959 1375.034
5887.012 1631.967
5888.065 2591.765
5889.119 5134.474
5890.172 7292.815
5891.225 4806.080
5892.278 1734.319
5893.331 1365.388
5894.384 2197.508
5895.437 4034.429
5896.490 4619.130
5897.543 2628.315
5898.596 1234.033
5899.649 1177.308
5900.702 1272.609
5901.755 1250.139
5902.808 1206.641
5903.861 1252.068
5904.914 1135.058
5905.967 1394.779
5907.020 1441.765
5908.073 1325.504
5909.126 1134.196
5910.179 1193.579
5911.232 1196.061
5912.285 1185.551
5913.338 1196.557
5914.391 1622.051
5915.444 1948.061
5916.497 1704.766
5917.550 1213.309
5918.603 1182.371
5919.656 1157.517
5920.709 1208.520
5921.762 1165.361
5922.815 1186.396
5923.868 1393.926
5924.921 1379.614
5925.974 1372.160
5927.027 1225.339
5928.080 1176.677
5929.133 1204.312
5930.186 1254.083
5931.239 1263.033
5932.292 1731.327
5933.345 2047.667
5934.398 1541.880
5935.451 1053.117
5936.504 1117.013
5937.557 1192.060
5938.610 1166.902
5939.663 1149.712
5940.716 1081.450
5941.769 1104.376
5942.822 1127.212
5943.875 1215.554
5944.928 1349.341
5945.981 1252.561
5947.034 1364.521
5948.087 1189.047
5949.140 1141.822
5950.193 1167.889
5951.246 1125.629
5952.299 1447.228
5953.352 1708.967
5954.405 1615.154
5955.458 1248.112
5956.511 1155.147
5957.564 1203.218
5958.617 1227.226
5959.670 1142.795
5960.723 1125.643
5961.776 1124.443
5962.829 1112.691
5963.882 1136.091
5964.935 1137.178
5965.988 1097.173
5967.041 1057.781
5968.094 1167.205
5969.147 1207.718
5970.200 1311.142
5971.254 1251.288
5972.307 1154.909
5973.360 1077.805
5974.413 1113.559
5975.466 1160.871
5976.519 1408.191
5977.572 1429.701
5978.625 1218.823
5979.678 1143.209
5980.731 1082.008
5981.784 1138.121
5982.837 1187.232
5983.890 1112.894
5984.943 1096.623
5985.996 1057.843
5987.049 1078.174
5988.102 1086.551
5989.155 1039.882
5990.208 1061.697
5991.261 1031.182
5992.314 1085.386
5993.367 1048.782
5994.420 1037.064
5995.473 1074.530
5996.526 1127.052
5997.579 1137.827
5998.632 1124.413
5999.685 1078.729
6000.738 1006.413
6001.791 1113.290
6002.844 1100.136
6003.897 1267.712
6004.950 1269.583
6006.003 1202.260
6007.056 939.896
6008.109 1019.629
6009.162 947.814
6010.215 987.543
6011.268 1021.539
6012.321 1023.103
6013.374 1050.379
6014.427 1027.557
6015.480 1068.985
6016.533 1000.629
6017.586 873.252
6018.639 987.392
6019.692 952.289
6020.745 970.057
6021.798 1080.055
6022.851 928.656
6023.904 970.207
6024.957 1004.117
6026.010 987.660
6027.063 954.374
6028.116 1010.926
6029.169 959.051
6030.222 986.169
6031.275 996.428
6032.328 1053.831
6033.381 1084.514
6034.434 1078.541
6035.487 1099.365
6036.540 967.316
6037.593 983.952
6038.646 940.661
6039.699 964.646
6040.752 1023.405
6041.805 1019.321
6042.858 940.587
6043.911 1027.049
6044.964 1014.874
6046.017 971.261
6047.070 970.947
6048.123 928.284
6049.176 954.217
6050.229 992.939
6051.282 931.723
6052.335 926.909
6053.388 961.969
6054.442 979.844
6055.495 891.993
6056.548 938.628
6057.601 988.752
6058.654 960.666
6059.707 920.422
6060.760 948.119
6061.813 929.032
6062.866 906.869
6063.919 887.087
6064.972 952.869
6066.025 1001.285
6067.078 982.923
6068.131 882.461
6069.184 967.924
6070.237 915.593
6071.290 979.819
6072.343 920.094
6073.396 923.907
6074.449 997.015
6075.502 861.109
6076.555 930.617
6077.608 984.413
6078.661 1044.064
6079.714 926.183
6080.767 897.540
6081.820 906.990
6082.873 851.405
6083.926 947.481
6084.979 884.499
6086.032 912.676
6087.085 945.692
6088.138 927.158
6089.191 867.048
6090.244 895.854
6091.297 873.211
6092.350 889.523
6093.403 878.658
6094.456 887.052
6095.509 853.759
6096.562 978.775
6097.615 984.742
6098.668 927.019
6099.721 924.577
6100.774 925.310
6101.827 971.245
6102.880 881.173
6103.933 872.761
6104.986 921.370
6106.039 955.037
6107.092 929.811
6108.145 830.981
6109.198 948.805
6110.251 859.011
6111.304 916.367
6112.357 943.339
6113.410 874.204
6114.463 915.354
6115.516 871.992
6116.569 935.810
6117.622 848.833
6118.675 915.911
6119.728 867.483
6120.781 875.277
6121.834 869.107
6122.887 875.331
6123.940 910.710
6124.993 842.571
6126.046 859.346
6127.099 866.771
6128.152 872.310
6129.205 826.649
6130.258 853.160
6131.311 853.278
6132.364 877.606
6133.417 861.776
6134.470 875.262
6135.523 933.242
6136.577 989.075
6137.630 987.235
6138.683 959.871
6139.736 1010.489
6140.789 954.056
6141.842 837.599
6142.895 852.389
6143.948 970.114
6145.001 951.843
6146.054 921.639
6147.107 822.625
6148.160 897.889
6149.213 882.338
6150.266 857.447
6151.319 885.329
6152.372 917.039
6153.425 867.148
6154.478 969.209
6155.531 1150.657
6156.584 1485.018
6157.637 1658.586
6158.690 1440.926
6159.743 1063.643
6160.796 813.433
6161.849 748.179
6162.902 811.750
6163.955 811.587
6165.008 844.297
6166.061 867.982
6167.114 852.580
6168.167 856.096
6169.220 983.910
6170.273 1153.609
6171.326 1096.236
6172.379 890.746
6173.432 838.782
6174.485 888.741
6175.538 947.626
6176.591 956.836
6177.644 881.292
6178.697 915.676
6179.750 976.029
6180.803 850.852
6181.856 843.821
6182.909 909.463
6183.962 900.557
6185.015 868.469
6186.068 833.526
6187.121 812.717
6188.174 856.411
6189.227 892.593
6190.280 822.128
6191.333 795.288
6192.386 840.384
6193.439 942.620
6194.492 876.618
6195.545 838.035
6196.598 811.724
6197.651 826.671
6198.704 844.824
6199.757 828.776
6200.810 864.739
6201.863 1047.987
6202.916 1121.297
6203.969 1023.184
6205.022 859.364
6206.075 793.357
6207.128 896.080
6208.181 892.159
6209.234 850.868
6210.287 882.726
6211.340 824.458
6212.393 883.744
6213.446 928.004
6214.499 901.667
6215.552 867.675
6216.605 871.010
6217.658 853.316
6218.711 813.166
6219.765 865.500
6220.818 1014.551
6221.871 1141.843
6222.924 1110.993
6223.977 852.466
6225.030 797.648
6226.083 772.125
6227.136 836.349
6228.189 849.980
6229.242 757.876
6230.295 818.556
6231.348 813.973
6232.401 816.867
6233.454 1089.775
6234.507 1533.331
6235.560 1845.704
6236.613 1868.833
6237.666 1432.855
6238.719 976.247
6239.772 1029.533
6240.825 1092.068
6241.878 1133.468
6242.931 1050.671
6243.984 1045.595
6245.037 901.473
6246.090 852.860
6247.143 832.999
6248.196 897.849
6249.249 866.404
6250.302 836.636
6251.355 752.670
6252.408 746.032
6253.461 803.147
6254.514 835.907
6255.567 796.007
6256.620 1228.727
6257.673 1878.773
6258.726 1774.955
6259.779 1168.786
6260.832 842.474
6261.885 812.327
6262.938 910.507
6263.991 939.011
6265.044 1199.443
6266.097 1196.143
6267.150 989.562
6268.203 953.034
6269.256 951.294
6270.309 793.488
6271.362 779.714
6272.415 878.941
6273.468 835.026
6274.521 884.810
6275.574 909.017
6276.627 913.449
6277.680 872.146
6278.733 859.488
6279.786 812.310
6280.839 729.319
6281.892 853.469
6282.945 814.473
6283.998 745.427
6285.051 866.965
6286.104 971.015
6287.157 1752.046
6288.210 1600.506
6289.263 1080.849
6290.316 840.813
6291.369 841.631
6292.422 819.012
6293.475 813.145
6294.528 873.416
6295.581 893.554
6296.634 1117.044
6297.687 2212.900
6298.740 9716.983
6299.793 44116.640
6300.846 51204.666
6301.899 24802.511
6302.953 2546.046
6304.006 980.282
6305.059 1199.800
6306.112 1562.234
6307.165 1884.907
6308.218 1564.907
6309.271 960.733
6310.324 796.198
6311.377 780.356
6312.430 838.998
6313.483 820.818
6314.536 990.391
6315.589 1167.860
6316.642 1166.529
6317.695 891.328
6318.748 815.233
6319.801 861.626
6320.854 1086.839
6321.907 1187.230
6322.960 1021.115
6324.013 802.868
6325.066 849.194
6326.119 805.724
6327.172 784.826
6328.225 1003.066
6329.278 1498.528
6330.331 1702.949
6331.384 1235.221
6332.437 797.041
6333.490 799.544
6334.543 840.759
6335.596 817.181
6336.649 789.829
6337.702 792.978
6338.755 808.975
6339.808 775.906
6340.861 773.431
6341.914 787.278
6342.967 754.401
6344.020 814.309
6345.073 787.545
6346.126 769.817
6347.179 854.279
6348.232 940.411
6349.285 1012.189
6350.338 850.558
6351.391 813.679
6352.444 809.770
6353.497 724.557
6354.550 898.682
6355.603 1186.553
6356.656 1322.595
6357.709 1058.844
6358.762 776.605
6359.815 827.846
6360.868 750.297
6361.921 2610.117
6362.974 11096.997
6364.027 17977.260
6365.080 11685.150
6366.133 1786.733
6367.186 877.398
6368.239 817.474
6369.292 819.269
6370.345 775.374
6371.398 691.932
6372.451 810.817
6373.504 757.009
6374.557 722.106
6375.610 796.629
6376.663 700.867
6377.716 724.757
6378.769 899.092
6379.822 866.183
6380.875 776.446
6381.928 806.804
6382.981 736.992
6384.034 742.552
6385.088 806.242
6386.141 963.438
6387.194 1021.662
6388.247 865.200
6389.300 699.457
6390.353 675.051
6391.406 759.346
6392.459 704.085
6393.512 735.571
6394.565 713.961
6395.618 690.484
6396.671 724.300
6397.724 707.720
6398.777 694.745
6399.830 670.017
6400.883 687.842
6401.936 736.929
6402.989 755.953
6404.042 691.947
6405.095 676.335
6406.148 708.544
6407.201 657.984
6408.254 686.222
6409.307 720.108
6410.360 744.228
6411.413 755.267
6412.466 740.642
6413.519 798.264
6414.572 801.211
6415.625 711.475
6416.678 686.906
6417.731 697.386
6418.784 700.617
6419.837 803.636
6420.890 898.367
6421.943 822.869
6422.996 700.710
6424.049 672.562
6425.102 683.068
6426.155 658.400
6427.208 655.828
6428.261 698.780
6429.314 675.873
6430.367 688.564
6431.420 655.985
6432.473 631.165
6433.526 673.971
6434.579 665.238
6435.632 690.632
6436.685 675.308
6437.738 705.155
6438.791 594.581
6439.844 674.083
6440.897 698.590
6441.950 673.119
6443.003 679.048
6444.056 728.641
6445.109 738.563
6446.162 690.753
6447.215 606.909
6448.268 757.850
6449.321 682.218
6450.374 672.998
6451.427 746.111
6452.480 740.305
6453.533 849.232
6454.586 881.246
6455.639 862.799
6456.692 799.651
6457.745 758.978
6458.798 740.372
6459.851 717.334
6460.904 659.317
6461.957 655.851
6463.010 830.309
6464.063 997.216
6465.116 1024.061
6466.169 1089.240
6467.222 947.630
6468.276 715.842
6469.329 894.441
6470.382 1155.885
6471.435 1125.350
6472.488 857.735
6473.541 631.121
6474.594 654.583
6475.647 693.064
6476.700 754.221
6477.753 818.000
6478.806 797.980
6479.859 695.768
6480.912 645.750
6481.965 664.546
6483.018 644.562
6484.071 654.737
6485.124 574.565
6486.177 655.140
6487.230 692.022
6488.283 603.264
6489.336 635.341
6490.389 657.466
6491.442 669.660
6492.495 690.802
6493.548 699.170
6494.601 642.221
6495.654 654.266
6496.707 774.958
6497.760 1419.000
6498.813 1853.503
6499.866 1514.238
6500.919 767.659
6501.972 639.581
6503.025 718.534
6504.078 921.932
6505.131 1007.460
6506.184 893.511
6507.237 702.297
6508.290 701.605
6509.343 698.520
6510.396 662.166
6511.449 597.126
6512.502 604.026
6513.555 696.671
6514.608 690.092
6515.661 684.515
6516.714 666.526
6517.767 616.614
6518.820 607.926
6519.873 652.055
6520.926 703.174
6521.979 864.081
6523.032 903.324
6524.085 788.086
6525.138 668.407
6526.191 761.179
6527.244 683.765
6528.297 658.748
6529.350 675.957
6530.403 658.975
6531.456 807.178
6532.509 1483.706
6533.562 1558.666
6534.615 1131.520
6535.668 750.530
6536.721 696.388
6537.774 699.351
6538.827 640.348
6539.880 722.768
6540.933 723.947
6541.986 691.448
6543.039 906.529
6544.092 1042.794
6545.145 1000.630
6546.198 774.588
6547.251 718.536
6548.304 768.112
6549.357 818.061
6550.411 897.072
6551.464 1038.614
6552.517 1542.080
6553.570 1949.612
6554.623 1744.863
6555.676 1246.084
6556.729 959.028
6557.782 1053.241
6558.835 1140.368
6559.888 1137.082
6560.941 1194.597
6561.994 1375.353
6563.047 1858.993
6564.100 2580.732
6565.153 23748.419
6566.206 77664.839
6567.259 79775.613
6568.312 33095.254
6569.365 3142.986
6570.418 2136.189
6571.471 1520.844
6572.524 1100.824
6573.577 1073.471
6574.630 980.311
6575.683 1066.473
6576.736 1503.244
6577.789 1696.155
6578.842 1242.732
6579.895 863.315
6580.948 852.060
6582.001 797.814
6583.054 777.722
6584.107 810.201
6585.160 822.314
6586.213 1120.200
6587.266 1362.212
6588.319 1216.281
6589.372 921.561
6590.425 724.772
6591.478 730.492
6592.531 709.531
6593.584 634.889
6594.637 644.307
6595.690 739.508
6596.743 847.461
6597.796 805.813
6598.849 665.611
6599.902 612.435
6600.955 629.413
6602.008 641.731
6603.061 850.099
6604.114 1099.957
6605.167 1006.764
6606.220 664.006
6607.273 647.159
6608.326 607.957
6609.379 661.500
6610.432 638.461
6611.485 592.283
6612.538 572.859
6613.591 603.805
6614.644 604.081
6615.697 584.315
6616.750 603.898
6617.803 573.999
6618.856 591.445
6619.909 594.730
6620.962 598.274
6622.015 612.978
6623.068 601.726
6624.121 572.423
6625.174 584.812
6626.227 670.402
6627.280 645.110
6628.333 623.527
6629.386 631.050
6630.439 533.734
6631.492 542.717
6632.545 605.488
6633.599 691.617
6634.652 701.339
6635.705 707.573
6636.758 637.313
6637.811 596.979
6638.864 626.390
6639.917 540.340
6640.970 513.494
6642.023 588.331
6643.076 618.760
6644.129 618.795
6645.182 574.185
6646.235 594.163
6647.288 577.749
6648.341 606.828
6649.394 598.295
6650.447 568.530
6651.500 560.908
6652.553 547.180
6653.606 548.466
6654.659 602.659
6655.712 573.953
6656.765 577.175
6657.818 643.810
6658.871 598.104
6659.924 608.174
6660.977 611.224
6662.030 613.144
6663.083 597.628
6664.136 559.548
6665.189 600.162
6666.242 547.633
6667.295 691.739
6668.348 687.424
6669.401 628.724
6670.454 598.915
6671.507 591.426
6672.560 628.274
6673.613 616.638
6674.666 615.059
6675.719 597.196
6676.772 594.486
6677.825 635.494
6678.878 630.751
6679.931 648.787
6680.984 1113.673
6682.037 1539.014
6683.090 1369.185
6684.143 837.144
6685.196 606.372
6686.249 663.151
6687.302 620.630
6688.355 647.599
6689.408 666.229
6690.461 557.256
6691.514 624.347
6692.567 585.292
6693.620 564.866
6694.673 564.833
6695.726 540.943
6696.779 550.627
6697.832 624.768
6698.885 633.728
6699.938 626.831
6700.991 599.000
6702.044 613.750
6703.097 599.472
6704.150 623.730
6705.203 607.364
6706.256 604.851
6707.309 587.385
6708.362 589.789
6709.415 499.653
6710.468 519.308
6711.521 571.760
6712.574 560.084
6713.627 533.349
6714.680 548.126
6715.734 599.146
6716.787 623.627
6717.840 564.535
6718.893 921.566
6719.946 1815.553
6720.999 1890.830
6722.052 1210.150
6723.105 589.032
6724.158 642.991
6725.211 589.233
6726.264 495.753
6727.317 514.155
6728.370 530.915
6729.423 526.683
6730.476 570.116
6731.529 526.227
6732.582 527.648
6733.635 985.406
6734.688 1520.739
6735.741 1393.951
6736.794 753.838
6737.847 548.718
6738.900 590.313
6739.953 533.789
6741.006 554.306
6742.059 582.951
6743.112 573.305
6744.165 613.692
6745.218 589.131
6746.271 529.751
6747.324 535.329
6748.377 496.544
6749.430 524.817
6750.483 537.129
6751.536 520.268
6752.589 496.153
6753.642 601.019
6754.695 517.014
6755.748 542.115
6756.801 529.240
6757.854 512.657
6758.907 570.355
6759.960 561.887
6761.013 528.364
6762.066 533.830
6763.119 573.054
6764.172 565.361
6765.225 552.503
6766.278 554.905
6767.331 568.027
6768.384 548.831
6769.437 527.662
6770.490 543.811
6771.543 519.737
6772.596 496.264
6773.649 563.813
6774.702 595.269
6775.755 540.590
6776.808 566.993
6777.861 528.466
6778.914 512.846
6779.967 504.460
6781.020 514.426
6782.073 483.362
6783.126 555.717
6784.179 581.432
6785.232 528.758
6786.285 558.818
6787.338 523.318
6788.391 529.840
6789.444 568.652
6790.497 507.189
6791.550 536.887
6792.603 550.877
6793.656 544.880
6794.709 552.457
6795.762 568.293
6796.815 592.427
6797.868 514.913
6798.922 492.975
6799.975 522.241
6801.028 475.135
6802.081 444.281
6803.134 479.614
6804.187 521.173
6805.240 529.296
6806.293 475.652
6807.346 515.231
6808.399 491.567
6809.452 581.377
6810.505 478.240
6811.558 499.998
6812.611 516.352
6813.664 467.005
6814.717 500.852
6815.770 538.569
6816.823 536.364
6817.876 536.380
6818.929 559.757
6819.982 538.365
6821.035 481.118
6822.088 505.886
6823.141 526.168
6824.194 487.652
6825.247 533.113
6826.300 645.567
6827.353 1026.202
6828.406 1461.475
6829.459 1828.411
6830.512 1517.912
6831.565 780.510
6832.618 788.239
6833.671 1646.093
6834.724 1858.623
6835.777 1213.485
6836.830 626.745
6837.883 512.053
6838.936 546.786
6839.989 580.060
6841.042 710.991
6842.095 818.884
6843.148 710.716
6844.201 511.437
6845.254 475.410
6846.307 500.558
6847.360 524.462
6848.413 572.525
6849.466 523.101
6850.519 525.519
6851.572 578.483
6852.625 483.213
6853.678 529.903
6854.731 497.164
6855.784 507.331
6856.837 567.520
6857.890 523.886
6858.943 493.379
6859.996 516.252
6861.049 565.962
6862.102 760.406
6863.155 2362.375
6864.208 3305.318
6865.261 1928.974
6866.314 637.316
6867.367 429.240
6868.420 331.547
6869.473 381.454
6870.526 527.898
6871.579 581.081
6872.632 408.374
6873.685 332.238
6874.738 362.689
6875.791 395.534
6876.844 384.794
6877.897 433.465
6878.950 412.842
6880.003 522.193
6881.056 774.679
6882.110 802.501
6883.163 632.238
6884.216 498.516
6885.269 490.269
6886.322 456.817
6887.375 478.428
6888.428 775.626
6889.481 1000.025
6890.534 805.715
6891.587 491.855
6892.640 424.482
6893.693 507.041
6894.746 526.485
6895.799 538.779
6896.852 427.775
6897.905 476.457
6898.958 547.591
6900.011 792.785
6901.064 914.883
6902.117 761.613
6903.170 503.374
6904.223 467.205
6905.276 475.893
6906.329 423.321
6907.382 446.622
6908.435 427.515
6909.488 447.992
6910.541 531.886
6911.594 861.807
6912.647 1292.154
6913.700 1053.055
6914.753 544.707
6915.806 518.925
6916.859 524.609
6917.912 478.744
6918.965 489.661
6920.018 438.404
6921.071 461.772
6922.124 1172.408
6923.177 1761.703
6924.230 1567.725
6925.283 732.790
6926.336 433.591
6927.389 498.005
6928.442 504.598
6929.495 496.542
6930.548 479.042
6931.601 453.343
6932.654 467.652
6933.707 510.254
6934.760 479.451
6935.813 460.994
6936.866 472.093
6937.919 593.233
6938.972 1041.125
6940.025 1113.718
6941.078 817.750
6942.131 575.428
6943.184 488.667
6944.237 486.846
6945.290 502.036
6946.343 484.834
6947.396 636.981
6948.449 1711.027
6949.502 2257.622
6950.555 1276.131
6951.608 552.451
6952.661 545.514
6953.714 467.003
6954.767 476.469
6955.820 519.531
6956.873 521.088
6957.926 548.653
6958.979 569.523
6960.032 545.630
6961.085 498.038
6962.138 479.860
6963.191 522.668
6964.245 470.602
6965.298 528.377
6966.351 527.940
6967.404 543.136
6968.457 639.907
6969.510 826.103
6970.563 913.386
6971.616 708.965
6972.669 503.066
6973.722 454.650
6974.775 503.652
6975.828 489.245
6976.881 614.807
6977.934 1252.733
6978.987 1446.895
6980.040 927.061
6981.093 486.483
6982.146 527.720
6983.199 481.223
6984.252 451.354
6985.305 498.153
6986.358 514.018
6987.411 530.902
6988.464 527.677
6989.517 440.578
6990.570 462.627
6991.623 525.523
6992.676 520.737
6993.729 516.580
6994.782 502.827
6995.835 483.738
6996.888 523.592
6997.941 525.324
6998.994 525.331
7000.047 549.759
7001.100 637.442
7002.153 749.373
7003.206 829.298
7004.259 730.204
7005.312 541.297
7006.365 471.259
7007.418 479.928
7008.471 445.946
7009.524 477.716
7010.577 698.548
7011.630 959.036
7012.683 764.920
7013.736 472.404
7014.789 460.676
7015.842 439.296
7016.895 434.507
7017.948 468.685
7019.001 481.433
7020.054 487.712
7021.107 439.507
7022.160 466.301
7023.213 426.573
7024.266 439.116
7025.319 441.992
7026.372 432.754
7027.425 469.925
7028.478 477.303
7029.531 481.147
7030.584 458.975
7031.637 427.379
7032.690 470.066
7033.743 478.402
7034.796 420.016
7035.849 428.871
7036.902 476.597
7037.955 503.141
7039.008 451.618
7040.061 517.351
7041.114 627.340
7042.167 581.219
7043.220 533.180
7044.273 495.094
7045.326 551.727
7046.379 595.371
7047.433 676.808
7048.486 768.221
7049.539 686.586
7050.592 573.914
7051.645 570.660
7052.698 573.432
7053.751 552.811
7054.804 551.512
7055.857 546.525
7056.910 505.701
7057.963 487.973
7059.016 512.073
7060.069 511.925
7061.122 550.801
7062.175 547.347
7063.228 627.724
7064.281 548.118
7065.334 536.985
7066.387 589.679
7067.440 626.652
7068.493 893.443
7069.546 1127.592
7070.599 935.821
7071.652 657.262
7072.705 560.147
7073.758 538.219
7074.811 540.062
7075.864 523.184
7076.917 512.951
7077.970 534.704
7079.023 597.888
7080.076 500.064
7081.129 488.050
7082.182 602.048
7083.235 573.671
7084.288 478.820
7085.341 526.525
7086.394 466.893
7087.447 503.775
7088.500 632.779
7089.553 623.811
7090.606 561.204
7091.659 521.475
7092.712 518.597
7093.765 543.263
7094.818 485.287
7095.871 473.380
7096.924 480.919
7097.977 457.500
7099.030 486.245
7100.083 539.544
7101.136 499.803
7102.189 439.986
7103.242 494.785
7104.295 527.385
7105.348 530.600
7106.401 566.400
7107.454 559.203
7108.507 542.825
7109.560 556.893
7110.613 576.568
7111.666 561.636
7112.719 561.415
7113.772 579.731
7114.825 488.983
7115.878 516.393
7116.931 525.804
7117.984 568.420
7119.037 549.198
7120.090 490.374
7121.143 546.968
7122.196 548.720
7123.249 550.527
7124.302 609.295
7125.355 562.563
7126.408 572.908
7127.461 624.184
7128.514 564.730
7129.568 575.394
7130.621 575.412
7131.674 556.885
7132.727 609.961
7133.780 638.802
7134.833 529.971
7135.886 506.602
7136.939 490.791
7137.992 673.010
7139.045 1549.120
7140.098 2194.859
7141.151 1622.880
7142.204 790.982
7143.257 574.202
7144.310 612.702
7145.363 591.281
7146.416 545.240
7147.469 530.128
7148.522 561.143
7149.575 552.473
7150.628 471.913
7151.681 491.722
7152.734 460.446
7153.787 462.902
7154.840 484.205
7155.893 466.330
7156.946 504.292
7157.999 486.995
7159.052 472.672
7160.105 493.216
7161.158 489.622
7162.211 511.973
7163.264 514.882
7164.317 489.071
7165.370 493.171
7166.423 484.974
7167.476 481.070
7168.529 465.917
7169.582 456.454
7170.635 440.963
7171.688 460.347
7172.741 468.457
7173.794 482.913
7174.847 513.957
7175.900 484.863
7176.953 487.318
7178.006 482.073
7179.059 510.861
7180.112 540.774
7181.165 530.548
7182.218 550.167
7183.271 485.332
7184.324 433.020
7185.377 478.588
7186.430 472.385
7187.483 457.625
7188.536 466.078
7189.589 467.938
7190.642 438.776
7191.695 430.590
7192.748 440.296
7193.801 436.126
7194.854 402.446
7195.907 439.290
7196.960 462.309
7198.013 442.025
7199.066 467.856
7200.119 435.160
7201.172 419.391
7202.225 451.487
7203.278 414.602
7204.331 465.965
7205.384 462.692
7206.437 420.054
7207.490 407.283
7208.543 471.186
7209.596 449.372
7210.649 447.349
7211.702 415.951
7212.756 419.412
7213.809 432.517
7214.862 421.262
7215.915 432.599
7216.968 398.539
7218.021 446.581
7219.074 474.514
7220.127 473.703
7221.180 503.215
7222.233 470.587
7223.286 439.856
7224.339 416.250
7225.392 435.863
7226.445 468.214
7227.498 422.213
7228.551 437.632
7229.604 437.647
7230.657 446.497
7231.710 476.827
7232.763 441.944
7233.816 467.302
7234.869 484.142
7235.922 437.375
7236.975 566.124
7238.028 1151.829
7239.081 2194.329
7240.134 2916.735
7241.187 2664.577
7242.240 1567.350
7243.293 1313.979
7244.346 2331.042
7245.399 3043.454
7246.452 2149.477
7247.505 941.801
7248.558 603.354
7249.611 543.516
7250.664 564.207
7251.717 648.890
7252.770 950.022
7253.823 1021.021
7254.876 803.404
7255.929 713.738
7256.982 539.401
7258.035 497.275
7259.088 482.680
7260.141 463.131
7261.194 424.401
7262.247 417.540
7263.300 428.447
7264.353 463.864
7265.406 497.252
7266.459 495.049
7267.512 560.791
7268.565 560.792
7269.618 507.341
7270.671 536.910
7271.724 471.494
7272.777 459.797
7273.830 537.834
7274.883 2118.359
7275.936 4252.605
7276.989 4576.297
7278.042 2426.557
7279.095 705.491
7280.148 575.875
7281.201 562.490
7282.254 597.059
7283.307 1190.678
7284.360 2019.211
7285.413 1995.844
7286.466 1063.207
7287.519 550.414
7288.572 451.754
7289.625 478.473
7290.678 505.360
7291.731 478.850
7292.784 486.514
7293.837 491.356
7294.891 684.812
7295.944 959.763
7296.997 864.084
7298.050 529.731
7299.103 399.706
7300.156 437.015
7301.209 466.075
7302.262 665.890
7303.315 1264.311
7304.368 1363.835
7305.421 810.613
7306.474 495.887
7307.527 504.276
7308.580 477.071
7309.633 455.467
7310.686 497.338
7311.739 518.941
7312.792 468.148
7313.845 463.352
7314.898 1478.527
7315.951 3480.895
7317.004 3632.867
7318.057 1789.217
7319.110 634.524
7320.163 449.429
7321.216 469.664
7322.269 484.441
7323.322 559.445
7324.375 657.629
7325.428 591.674
7326.481 474.063
7327.534 772.255
7328.587 1458.672
7329.640 1765.397
7330.693 1276.187
7331.746 655.020
7332.799 496.847
7333.852 556.533
7334.905 597.241
7335.958 516.569
7337.011 476.117
7338.064 420.132
7339.117 1068.207
7340.170 3162.870
7341.223 4358.058
7342.276 2863.407
7343.329 1037.789
7344.382 516.627
7345.435 451.737
7346.488 497.253
7347.541 475.911
7348.594 481.711
7349.647 441.307
7350.700 456.006
7351.753 504.340
7352.806 478.576
7353.859 482.735
7354.912 503.020
7355.965 439.758
7357.018 743.839
7358.071 1346.010
7359.124 1515.203
7360.177 1086.779
7361.230 581.158
7362.283 427.987
7363.336 479.004
7364.389 462.878
7365.442 484.526
7366.495 402.971
7367.548 772.054
7368.601 2376.679
7369.654 3284.930
7370.707 2296.116
7371.760 1028.656
7372.813 531.563
7373.866 454.597
7374.919 449.352
7375.972 451.372
7377.025 437.289
7378.079 439.182
7379.132 439.170
7380.185 439.540
7381.238 423.173
7382.291 445.139
7383.344 433.770
7384.397 394.662
7385.450 366.147
7386.503 354.217
7387.556 444.925
7388.609 476.208
7389.662 419.384
7390.715 646.855
7391.768 1116.751
7392.821 1169.481
7393.874 772.283
7394.927 533.662
7395.980 414.123
7397.033 389.436
7398.086 356.709
7399.139 391.361
7400.192 781.638
7401.245 1656.683
7402.298 2080.067
7403.351 1404.639
7404.404 664.856
7405.457 451.928
7406.510 380.764
7407.563 418.018
7408.616 436.234
7409.669 388.896
7410.722 443.178
7411.775 457.071
7412.828 430.441
7413.881 452.305
7414.934 414.432
7415.987 406.858
7417.040 431.675
7418.093 423.356
7419.146 397.434
7420.199 357.659
7421.252 370.666
7422.305 409.782
7423.358 400.383
7424.411 439.536
7425.464 333.322
7426.517 405.364
7427.570 438.362
7428.623 593.577
7429.676 841.386
7430.729 787.874
7431.782 588.567
7432.835 411.784
7433.888 341.130
7434.941 396.651
7435.994 404.428
7437.047 639.514
7438.100 1178.542
7439.153 1218.178
7440.206 793.612
7441.259 530.022
7442.312 427.397
7443.365 386.081
7444.418 438.838
7445.471 395.768
7446.524 391.525
7447.577 396.033
7448.630 361.093
7449.683 383.734
7450.736 418.994
7451.789 401.844
7452.842 362.912
7453.895 373.456
7454.948 389.763
7456.001 391.782
7457.054 397.189
7458.107 423.087
7459.160 441.808
7460.214 449.450
7461.267 456.157
7462.320 479.633
7463.373 511.973
7464.426 508.858
7465.479 566.951
7466.532 593.036
7467.585 695.701
7468.638 622.160
7469.691 522.178
7470.744 572.179
7471.797 684.968
7472.850 836.483
7473.903 991.911
7474.956 1017.929
7476.009 804.724
7477.062 491.926
7478.115 486.929
7479.168 535.695
7480.221 535.610
7481.274 535.528
7482.327 535.449
7483.380 535.366
7484.433 535.288
7485.486 535.211
