5329.969 1692.306
5331.022 1730.750
5332.075 1207.032
5333.128 1158.271
5334.181 1022.078
5335.234 1121.425
5336.287 1113.711
5337.340 1085.003
5338.393 1242.636
5339.446 1031.126
5340.499 1122.123
5341.552 1034.577
5342.605 843.168
5343.658 1058.038
5344.711 1104.406
5345.764 1071.836
5346.817 1145.981
5347.870 1177.506
5348.923 1098.425
5349.976 1120.626
5351.029 1066.238
5352.082 975.281
5353.135 968.473
5354.188 980.595
5355.241 990.400
5356.294 971.405
5357.347 1152.721
5358.400 1111.734
5359.453 906.487
5360.506 1070.760
5361.559 1007.337
5362.612 1015.672
5363.665 977.771
5364.718 1017.819
5365.771 949.068
5366.824 993.620
5367.877 997.914
5368.930 982.735
5369.983 959.799
5371.036 973.843
5372.089 1009.666
5373.142 1039.100
5374.195 1018.112
5375.248 1061.992
5376.301 1006.573
5377.354 1091.455
5378.407 1025.416
5379.460 927.244
5380.513 1085.773
5381.566 866.244
5382.619 1002.898
5383.672 1003.928
5384.725 961.493
5385.778 929.323
5386.831 990.515
5387.884 908.893
5388.937 1052.522
5389.990 987.268
5391.043 999.710
5392.097 874.576
5393.150 1023.237
5394.203 993.717
5395.256 962.165
5396.309 1063.287
5397.362 902.375
5398.415 947.154
5399.468 861.871
5400.521 818.964
5401.574 1035.394
5402.627 894.783
5403.680 948.465
5404.733 814.019
5405.786 1001.077
5406.839 1031.213
5407.892 977.541
5408.945 960.749
5409.998 868.477
5411.051 1052.900
5412.104 808.248
5413.157 868.960
5414.210 1040.145
5415.263 1148.094
5416.316 1089.144
5417.369 857.064
5418.422 1059.621
5419.475 1019.963
5420.528 949.562
5421.581 1085.630
5422.634 989.154
5423.687 849.832
5424.740 971.990
5425.793 956.436
5426.846 1070.254
5427.899 1009.288
5428.952 827.629
5430.005 890.995
5431.058 924.134
5432.111 1003.875
5433.164 946.444
5434.217 902.816
5435.270 1030.960
5436.323 1118.901
5437.376 1084.573
5438.429 987.812
5439.482 1011.626
5440.535 938.730
5441.588 998.519
5442.641 1022.967
5443.694 907.744
5444.747 1004.749
5445.800 844.606
5446.853 839.176
5447.906 869.796
5448.959 920.823
5450.012 1063.092
5451.065 930.440
5452.118 862.994
5453.171 857.123
5454.224 1009.882
5455.277 883.379
5456.330 959.071
5457.383 881.847
5458.436 922.274
5459.489 1012.554
5460.542 1039.592
5461.595 963.756
5462.648 996.163
5463.701 1030.604
5464.754 1041.553
5465.807 882.525
5466.860 828.741
5467.913 886.619
5468.966 967.454
5470.019 987.421
5471.072 862.794
5472.125 900.626
5473.178 904.190
5474.231 861.184
5475.285 915.579
5476.338 904.057
5477.391 812.520
5478.444 921.949
5479.497 939.518
5480.550 826.814
5481.603 934.666
5482.656 858.813
5483.709 948.232
5484.762 938.103
5485.815 894.949
5486.868 947.369
5487.921 962.805
5488.974 855.152
5490.027 834.691
5491.080 812.217
5492.133 954.155
5493.186 862.849
5494.239 904.130
5495.292 961.018
5496.345 931.436
5497.398 885.703
5498.451 1050.781
5499.504 948.232
5500.557 946.190
5501.610 841.276
5502.663 1064.356
5503.716 894.778
5504.769 1024.563
5505.822 953.844
5506.875 880.899
5507.928 958.871
5508.981 833.016
5510.034 929.793
5511.087 982.528
5512.140 1035.747
5513.193 952.468
5514.246 934.349
5515.299 889.144
5516.352 951.834
5517.405 942.064
5518.458 909.231
5519.511 871.280
5520.564 1109.975
5521.617 1156.157
5522.670 1081.553
5523.723 906.086
5524.776 963.107
5525.829 950.980
5526.882 928.284
5527.935 837.593
5528.988 855.588
5530.041 846.512
5531.094 846.980
5532.147 865.194
5533.200 950.308
5534.253 901.550
5535.306 929.979
5536.359 833.854
5537.412 930.895
5538.465 909.344
5539.518 920.336
5540.571 948.530
5541.624 1257.867
5542.677 1191.207
5543.730 1068.615
5544.783 1074.653
5545.836 1118.217
5546.889 875.751
5547.942 972.563
5548.995 962.425
5550.048 987.810
5551.101 987.599
5552.154 912.628
5553.207 976.863
5554.260 953.006
5555.313 909.656
5556.366 863.794
5557.419 929.048
5558.473 907.128
5559.526 966.583
5560.579 901.235
5561.632 946.348
5562.685 873.187
5563.738 1244.251
5564.791 1034.323
5565.844 1003.317
5566.897 799.062
5567.950 878.687
5569.003 925.366
5570.056 906.465
5571.109 897.218
5572.162 880.002
5573.215 910.728
5574.268 1322.843
5575.321 2655.421
5576.374 26834.920
5577.427 53619.867
5578.480 40979.721
5579.533 5806.297
5580.586 1035.537
5581.639 1048.637
5582.692 951.963
5583.745 909.187
5584.798 998.024
5585.851 918.690
5586.904 826.217
5587.957 963.653
5589.010 1119.123
5590.063 1144.203
5591.116 1020.289
5592.169 864.189
5593.222 784.539
5594.275 880.738
5595.328 791.391
5596.381 930.464
5597.434 917.142
5598.487 1098.573
5599.540 938.504
5600.593 862.479
5601.646 957.029
5602.699 921.050
5603.752 944.378
5604.805 1102.921
5605.858 1234.485
5606.911 967.068
5607.964 895.254
5609.017 841.319
5610.070 946.378
5611.123 802.255
5612.176 959.470
5613.229 925.344
5614.282 753.304
5615.335 905.645
5616.388 957.698
5617.441 868.447
5618.494 921.148
5619.547 896.922
5620.600 805.501
5621.653 840.541
5622.706 1032.890
5623.759 1087.099
5624.812 1100.856
5625.865 850.636
5626.918 764.544
5627.971 817.255
5629.024 853.007
5630.077 986.730
5631.130 818.601
5632.183 863.932
5633.236 872.499
5634.289 869.321
5635.342 876.803
5636.395 911.186
5637.448 793.132
5638.501 785.571
5639.554 920.071
5640.608 849.698
5641.661 835.634
5642.714 910.095
5643.767 872.052
5644.820 953.904
5645.873 1002.349
5646.926 942.103
5647.979 762.432
5649.032 777.771
5650.085 899.236
5651.138 832.825
5652.191 891.166
5653.244 876.822
5654.297 834.737
5655.350 866.697
5656.403 761.668
5657.456 838.225
5658.509 783.618
5659.562 861.335
5660.615 816.978
5661.668 882.504
5662.721 864.063
5663.774 795.341
5664.827 859.298
5665.880 815.756
5666.933 859.892
5667.986 1008.049
5669.039 882.732
5670.092 872.748
5671.145 853.387
5672.198 842.712
5673.251 908.107
5674.304 934.475
5675.357 800.884
5676.410 774.125
5677.463 829.162
5678.516 904.048
5679.569 862.023
5680.622 942.577
5681.675 903.482
5682.728 931.835
5683.781 893.018
5684.834 926.051
5685.887 903.079
5686.940 1036.489
5687.993 841.151
5689.046 914.835
5690.099 816.329
5691.152 838.265
5692.205 886.526
5693.258 891.833
5694.311 859.402
5695.364 874.178
5696.417 853.044
5697.470 791.813
5698.523 839.503
5699.576 886.032
5700.629 863.036
5701.682 852.346
5702.735 933.530
5703.788 822.494
5704.841 769.542
5705.894 859.023
5706.947 824.093
5708.000 765.541
5709.053 873.450
5710.106 844.036
5711.159 845.588
5712.212 875.983
5713.265 931.824
5714.318 925.735
5715.371 860.635
5716.424 930.856
5717.477 925.378
5718.530 963.867
5719.583 1007.829
5720.636 894.985
5721.689 947.568
5722.742 843.933
5723.796 880.375
5724.849 937.499
5725.902 924.393
5726.955 890.808
5728.008 834.165
5729.061 844.039
5730.114 848.292
5731.167 896.818
5732.220 935.906
5733.273 856.789
5734.326 874.160
5735.379 823.313
5736.432 832.328
5737.485 782.540
5738.538 899.904
5739.591 819.024
5740.644 701.630
5741.697 853.709
5742.750 786.517
5743.803 853.772
5744.856 853.947
5745.909 732.427
5746.962 837.892
5748.015 730.885
5749.068 804.407
5750.121 740.929
5751.174 802.899
5752.227 854.354
5753.280 768.819
5754.333 802.710
5755.386 856.722
5756.439 808.800
5757.492 920.825
5758.545 858.864
5759.598 889.303
5760.651 803.268
5761.704 822.727
5762.757 836.285
5763.810 717.000
5764.863 930.914
5765.916 883.792
5766.969 781.421
5768.022 806.994
5769.075 870.816
5770.128 816.292
5771.181 932.942
5772.234 745.704
5773.287 803.670
5774.340 824.462
5775.393 726.943
5776.446 755.799
5777.499 756.925
5778.552 881.716
5779.605 879.773
5780.658 772.543
5781.711 786.981
5782.764 835.497
5783.817 818.098
5784.870 727.057
5785.923 792.856
5786.976 840.469
5788.029 820.553
5789.082 777.617
5790.135 864.456
5791.188 848.959
5792.241 801.901
5793.294 807.286
5794.347 846.154
5795.400 820.642
5796.453 922.567
5797.506 810.002
5798.559 749.098
5799.612 903.100
5800.665 737.470
5801.718 807.523
5802.771 897.681
5803.824 750.484
5804.877 871.142
5805.931 821.597
5806.984 899.059
5808.037 824.856
5809.090 809.686
5810.143 824.148
5811.196 785.709
5812.249 848.033
5813.302 766.505
5814.355 777.926
5815.408 824.158
5816.461 843.147
5817.514 788.949
5818.567 848.648
5819.620 864.036
5820.673 718.944
5821.726 782.965
5822.779 767.617
5823.832 941.488
5824.885 743.829
5825.938 807.601
5826.991 850.019
5828.044 785.921
5829.097 821.404
5830.150 853.731
5831.203 903.845
5832.256 694.632
5833.309 837.235
5834.362 777.831
5835.415 894.496
5836.468 909.444
5837.521 863.049
5838.574 783.132
5839.627 845.732
5840.680 810.771
5841.733 798.612
5842.786 816.138
5843.839 848.597
5844.892 858.971
5845.945 788.879
5846.998 723.177
5848.051 755.541
5849.104 783.164
5850.157 718.619
5851.210 767.058
5852.263 786.746
5853.316 864.480
5854.369 897.796
5855.422 893.967
5856.475 784.425
5857.528 785.903
5858.581 732.063
5859.634 766.782
5860.687 761.890
5861.740 829.982
5862.793 801.596
5863.846 851.648
5864.899 1172.008
5865.952 1330.666
5867.005 1472.345
5868.058 1405.344
5869.111 1215.095
5870.164 915.960
5871.217 886.822
5872.270 955.678
5873.323 981.463
5874.376 854.837
5875.429 832.504
5876.482 978.318
5877.535 2742.749
5878.588 7690.353
5879.641 9323.427
5880.694 4501.886
5881.747 1096.181
5882.800 838.672
5883.853 884.275
5884.906 873.543
5885.959 937.192
5887.012 1323.763
5888.065 1944.650
5889.119 4957.114
5890.172 6454.493
5891.225 4698.929
5892.278 1297.571
5893.331 928.635
5894.384 1719.707
5895.437 3805.603
5896.490 4064.072
5897.543 2452.021
5898.596 831.575
5899.649 859.728
5900.702 789.185
5901.755 794.750
5902.808 828.015
5903.861 865.119
5904.914 882.908
5905.967 902.395
5907.020 1007.763
5908.073 954.893
5909.126 813.817
5910.179 803.634
5911.232 770.614
5912.285 868.673
5913.338 861.682
5914.391 1223.275
5915.444 1532.228
5916.497 1265.063
5917.550 864.837
5918.603 818.394
5919.656 705.994
5920.709 798.265
5921.762 747.986
5922.815 817.166
5923.868 1021.954
5924.921 1104.817
5925.974 955.323
5927.027 851.856
5928.080 836.796
5929.133 672.433
5930.186 832.591
5931.239 931.911
5932.292 1425.255
5933.345 1656.367
5934.398 1271.525
5935.451 821.136
5936.504 826.291
5937.557 783.010
5938.610 766.420
5939.663 784.405
5940.716 775.229
5941.769 766.900
5942.822 738.064
5943.875 776.897
5944.928 917.909
5945.981 984.182
5947.034 980.447
5948.087 865.473
5949.140 790.483
5950.193 823.266
5951.246 882.253
5952.299 1139.272
5953.352 1422.143
5954.405 1283.488
5955.458 961.553
5956.511 782.956
5957.564 863.841
5958.617 893.326
5959.670 926.120
5960.723 813.694
5961.776 811.391
5962.829 771.730
5963.882 854.920
5964.935 819.259
5965.988 772.768
5967.041 780.196
5968.094 801.052
5969.147 857.526
5970.200 984.030
5971.254 974.858
5972.307 823.673
5973.360 810.840
5974.413 791.286
5975.466 924.440
5976.519 981.032
5977.572 1134.484
5978.625 900.534
5979.678 803.852
5980.731 797.182
5981.784 804.052
5982.837 814.126
5983.890 765.405
5984.943 720.341
5985.996 814.915
5987.049 728.278
5988.102 835.435
5989.155 802.538
5990.208 740.615
5991.261 727.735
5992.314 708.996
5993.367 792.095
5994.420 778.744
5995.473 774.192
5996.526 753.479
5997.579 785.902
5998.632 862.343
5999.685 784.068
6000.738 693.455
6001.791 735.239
6002.844 752.982
6003.897 868.487
6004.950 889.654
6006.003 717.941
6007.056 704.642
6008.109 700.097
6009.162 672.952
6010.215 718.562
6011.268 725.208
6012.321 710.281
6013.374 655.477
6014.427 668.737
6015.480 722.892
6016.533 673.975
6017.586 690.546
6018.639 753.196
6019.692 692.138
6020.745 733.650
6021.798 675.353
6022.851 649.382
6023.904 655.080
6024.957 676.130
6026.010 662.748
6027.063 677.719
6028.116 756.803
6029.169 753.744
6030.222 698.486
6031.275 688.349
6032.328 665.370
6033.381 726.840
6034.434 735.754
6035.487 706.576
6036.540 754.602
6037.593 757.045
6038.646 648.497
6039.699 534.072
6040.752 659.859
6041.805 612.834
6042.858 674.302
6043.911 608.269
6044.964 722.850
6046.017 672.438
6047.070 607.151
6048.123 695.414
6049.176 653.185
6050.229 673.772
6051.282 667.833
6052.335 538.942
6053.388 630.435
6054.442 645.429
6055.495 611.899
6056.548 587.326
6057.601 653.106
6058.654 617.243
6059.707 652.857
6060.760 651.975
6061.813 627.211
6062.866 656.978
6063.919 657.702
6064.972 668.696
6066.025 694.450
6067.078 694.270
6068.131 707.455
6069.184 707.405
6070.237 651.892
6071.290 577.436
6072.343 584.386
6073.396 645.271
6074.449 601.702
6075.502 657.363
6076.555 619.939
6077.608 612.819
6078.661 644.153
6079.714 661.341
6080.767 583.868
6081.820 587.643
6082.873 644.819
6083.926 587.060
6084.979 616.592
6086.032 607.919
6087.085 626.101
6088.138 603.068
6089.191 615.159
6090.244 610.293
6091.297 656.873
6092.350 660.064
6093.403 575.294
6094.456 578.075
6095.509 608.479
6096.562 673.530
6097.615 581.377
6098.668 618.802
6099.721 702.618
6100.774 684.892
6101.827 639.986
6102.880 594.736
6103.933 633.295
6104.986 678.401
6106.039 632.012
6107.092 681.872
6108.145 632.940
6109.198 613.873
6110.251 648.599
6111.304 649.909
6112.357 657.310
6113.410 576.317
6114.463 596.714
6115.516 605.449
6116.569 544.848
6117.622 599.613
6118.675 596.168
6119.728 578.674
6120.781 624.363
6121.834 609.476
6122.887 523.419
6123.940 581.278
6124.993 568.366
6126.046 580.917
6127.099 595.944
6128.152 568.092
6129.205 576.734
6130.258 575.839
6131.311 593.172
6132.364 559.304
6133.417 612.302
6134.470 695.787
6135.523 677.110
6136.577 706.765
6137.630 664.802
6138.683 721.233
6139.736 644.347
6140.789 691.713
6141.842 571.103
6142.895 665.983
6143.948 845.789
6145.001 762.567
6146.054 636.647
6147.107 568.499
6148.160 572.783
6149.213 642.027
6150.266 579.832
6151.319 593.825
6152.372 578.130
6153.425 570.122
6154.478 662.621
6155.531 930.183
6156.584 1211.333
6157.637 1467.569
6158.690 1218.154
6159.743 806.920
6160.796 589.258
6161.849 577.345
6162.902 600.737
6163.955 546.632
6165.008 561.213
6166.061 591.498
6167.114 511.708
6168.167 577.492
6169.220 709.296
6170.273 909.638
6171.326 874.164
6172.379 637.014
6173.432 549.063
6174.485 567.589
6175.538 641.826
6176.591 664.785
6177.644 586.840
6178.697 661.510
6179.750 748.749
6180.803 536.049
6181.856 521.486
6182.909 545.755
6183.962 608.732
6185.015 562.269
6186.068 597.938
6187.121 529.415
6188.174 595.278
6189.227 565.631
6190.280 615.244
6191.333 606.668
6192.386 702.375
6193.439 635.618
6194.492 621.938
6195.545 570.864
6196.598 636.098
6197.651 624.769
6198.704 689.851
6199.757 551.707
6200.810 563.536
6201.863 742.221
6202.916 854.782
6203.969 756.761
6205.022 580.509
6206.075 630.709
6207.128 582.120
6208.181 595.030
6209.234 514.553
6210.287 539.159
6211.340 524.680
6212.393 723.817
6213.446 681.117
6214.499 701.063
6215.552 546.933
6216.605 548.286
6217.658 514.534
6218.711 577.038
6219.765 589.782
6220.818 707.308
6221.871 848.093
6222.924 777.534
6223.977 607.518
6225.030 611.682
6226.083 598.937
6227.136 583.332
6228.189 510.912
6229.242 585.476
6230.295 554.236
6231.348 549.519
6232.401 658.317
6233.454 866.369
6234.507 1199.033
6235.560 1608.191
6236.613 1544.175
6237.666 1157.501
6238.719 767.468
6239.772 815.475
6240.825 804.034
6241.878 793.267
6242.931 809.226
6243.984 788.298
6245.037 700.401
6246.090 531.043
6247.143 562.695
6248.196 629.432
6249.249 539.718
6250.302 602.119
6251.355 570.976
6252.408 544.935
6253.461 511.220
6254.514 600.402
6255.567 679.160
6256.620 1065.016
6257.673 1667.064
6258.726 1695.679
6259.779 844.698
6260.832 627.756
6261.885 641.750
6262.938 588.359
6263.991 772.086
6265.044 960.061
6266.097 919.742
6267.150 710.510
6268.203 652.705
6269.256 700.599
6270.309 592.122
6271.362 570.103
6272.415 589.363
6273.468 567.993
6274.521 622.330
6275.574 676.798
6276.627 653.944
6277.680 635.478
6278.733 643.797
6279.786 616.131
6280.839 571.262
6281.892 513.851
6282.945 581.044
6283.998 613.562
6285.051 561.038
6286.104 926.680
6287.157 1361.941
6288.210 1378.444
6289.263 875.072
6290.316 549.410
6291.369 615.330
6292.422 595.291
6293.475 543.471
6294.528 595.277
6295.581 593.284
6296.634 1198.144
6297.687 805.615
6298.740 13682.251
6299.793 42787.594
6300.846 53141.614
6301.899 25708.679
6302.953 1193.990
6304.006 2052.086
6305.059 1274.509
6306.112 1479.345
6307.165 1722.784
6308.218 1247.500
6309.271 694.475
6310.324 593.680
6311.377 591.667
6312.430 594.350
6313.483 522.533
6314.536 915.773
6315.589 1417.769
6316.642 1313.155
6317.695 874.577
6318.748 614.903
6319.801 672.518
6320.854 907.529
6321.907 885.446
6322.960 754.358
6324.013 548.321
6325.066 648.618
6326.119 608.626
6327.172 632.538
6328.225 794.870
6329.278 1335.151
6330.331 1471.309
6331.384 1022.735
6332.437 490.174
6333.490 611.332
6334.543 594.576
6335.596 543.367
6336.649 530.732
6337.702 520.557
6338.755 515.891
6339.808 543.057
6340.861 586.964
6341.914 561.918
6342.967 595.651
6344.020 640.998
6345.073 507.455
6346.126 552.165
6347.179 658.912
6348.232 746.856
6349.285 784.534
6350.338 631.105
6351.391 583.039
6352.444 594.409
6353.497 580.633
6354.550 605.041
6355.603 896.387
6356.656 1183.131
6357.709 894.096
6358.762 544.919
6359.815 482.933
6360.868 800.436
6361.921 2021.434
6362.974 12358.900
6364.027 18113.374
6365.080 11266.639
6366.133 2340.778
6367.186 610.755
6368.239 914.627
6369.292 617.907
6370.345 551.300
6371.398 512.813
6372.451 547.505
6373.504 526.124
6374.557 501.871
6375.610 530.657
6376.663 534.534
6377.716 562.826
6378.769 624.292
6379.822 626.396
6380.875 593.469
6381.928 550.923
6382.981 564.738
6384.034 577.391
6385.088 615.234
6386.141 753.670
6387.194 779.901
6388.247 661.947
6389.300 540.955
6390.353 524.382
6391.406 513.085
6392.459 493.703
6393.512 487.403
6394.565 502.160
6395.618 477.254
6396.671 539.843
6397.724 506.527
6398.777 491.020
6399.830 521.712
6400.883 461.354
6401.936 472.291
6402.989 507.103
6404.042 524.504
6405.095 534.790
6406.148 519.885
6407.201 490.270
6408.254 473.317
6409.307 477.610
6410.360 501.546
6411.413 477.362
6412.466 481.170
6413.519 567.153
6414.572 497.754
6415.625 479.645
6416.678 512.421
6417.731 546.542
6418.784 493.602
6419.837 585.359
6420.890 632.758
6421.943 544.516
6422.996 469.423
6424.049 473.521
6425.102 461.414
6426.155 481.134
6427.208 467.118
6428.261 445.822
6429.314 454.305
6430.367 450.057
6431.420 504.171
6432.473 509.886
6433.526 488.176
6434.579 519.592
6435.632 516.471
6436.685 567.483
6437.738 510.200
6438.791 432.078
6439.844 466.092
6440.897 462.025
6441.950 434.149
6443.003 446.194
6444.056 505.926
6445.109 487.230
6446.162 431.492
6447.215 461.708
6448.268 478.607
6449.321 449.945
6450.374 482.588
6451.427 546.988
6452.480 536.339
6453.533 636.455
6454.586 666.799
6455.639 645.787
6456.692 630.452
6457.745 582.622
6458.798 530.019
6459.851 492.362
6460.904 488.244
6461.957 414.595
6463.010 634.378
6464.063 773.457
6465.116 943.093
6466.169 972.263
6467.222 821.731
6468.276 590.361
6469.329 620.364
6470.382 990.067
6471.435 1033.110
6472.488 751.007
6473.541 523.928
6474.594 432.360
6475.647 453.039
6476.700 510.714
6477.753 637.207
6478.806 626.997
6479.859 450.190
6480.912 458.390
6481.965 487.400
6483.018 472.529
6484.071 432.164
6485.124 426.308
6486.177 489.459
6487.230 523.070
6488.283 481.530
6489.336 456.784
6490.389 500.523
6491.442 476.574
6492.495 456.744
6493.548 495.183
6494.601 482.382
6495.654 443.286
6496.707 547.474
6497.760 1151.430
6498.813 1744.807
6499.866 1334.389
6500.919 557.379
6501.972 506.855
6503.025 528.797
6504.078 724.347
6505.131 827.379
6506.184 740.393
6507.237 508.500
6508.290 488.630
6509.343 506.950
6510.396 533.340
6511.449 452.371
6512.502 508.959
6513.555 556.434
6514.608 549.737
6515.661 489.547
6516.714 463.907
6517.767 474.480
6518.820 513.876
6519.873 474.646
6520.926 572.262
6521.979 696.144
6523.032 717.800
6524.085 628.783
6525.138 546.250
6526.191 533.962
6527.244 500.334
6528.297 501.381
6529.350 512.254
6530.403 471.964
6531.456 709.588
6532.509 1311.344
6533.562 1490.044
6534.615 959.914
6535.668 512.182
6536.721 477.456
6537.774 535.564
6538.827 528.458
6539.880 512.221
6540.933 509.067
6541.986 495.884
6543.039 645.863
6544.092 860.015
6545.145 794.476
6546.198 509.376
6547.251 557.190
6548.304 463.177
6549.357 527.460
6550.411 704.397
6551.464 1034.818
6552.517 1509.240
6553.570 1867.974
6554.623 1415.146
6555.676 699.924
6556.729 531.802
6557.782 562.201
6558.835 505.471
6559.888 599.114
6560.941 663.628
6561.994 657.844
6563.047 2255.294
6564.100 1505.776
6565.153 49454.655
6566.206 139511.823
6567.259 155670.075
6568.312 64334.013
6569.365 3006.967
6570.418 1945.935
6571.471 594.911
6572.524 658.693
6573.577 532.847
6574.630 504.105
6575.683 691.890
6576.736 1124.864
6577.789 1305.811
6578.842 968.237
6579.895 516.472
6580.948 522.066
6582.001 573.599
6583.054 578.758
6584.107 567.707
6585.160 777.985
6586.213 1405.567
6587.266 2185.451
6588.319 1783.684
6589.372 843.191
6590.425 545.272
6591.478 534.663
6592.531 516.721
6593.584 426.488
6594.637 578.230
6595.690 650.142
6596.743 650.014
6597.796 599.568
6598.849 523.464
6599.902 559.290
6600.955 520.939
6602.008 465.727
6603.061 658.338
6604.114 891.809
6605.167 822.093
6606.220 599.995
6607.273 490.766
6608.326 498.317
6609.379 507.976
6610.432 476.945
6611.485 438.723
6612.538 437.369
6613.591 500.849
6614.644 477.158
6615.697 487.392
6616.750 450.526
6617.803 452.967
6618.856 524.572
6619.909 486.531
6620.962 477.683
6622.015 483.067
6623.068 406.987
6624.121 481.095
6625.174 473.189
6626.227 517.023
6627.280 551.550
6628.333 504.086
6629.386 504.516
6630.439 474.498
6631.492 435.596
6632.545 506.508
6633.599 591.412
6634.652 581.531
6635.705 538.279
6636.758 457.751
6637.811 412.036
6638.864 421.202
6639.917 404.624
6640.970 443.280
6642.023 452.734
6643.076 420.897
6644.129 469.418
6645.182 445.592
6646.235 418.085
6647.288 421.614
6648.341 477.877
6649.394 491.668
6650.447 420.425
6651.500 498.365
6652.553 475.594
6653.606 437.150
6654.659 465.290
6655.712 438.406
6656.765 434.808
6657.818 392.107
6658.871 405.309
6659.924 390.587
6660.977 398.295
6662.030 433.699
6663.083 427.103
6664.136 442.080
6665.189 400.173
6666.242 467.707
6667.295 482.812
6668.348 468.366
6669.401 484.552
6670.454 414.103
6671.507 436.897
6672.560 482.737
6673.613 404.195
6674.666 399.922
6675.719 429.666
6676.772 372.491
6677.825 407.878
6678.878 384.979
6679.931 512.733
6680.984 1203.742
6682.037 2074.114
6683.090 1784.158
6684.143 609.322
6685.196 450.515
6686.249 377.959
6687.302 431.166
6688.355 484.401
6689.408 431.112
6690.461 382.151
6691.514 368.205
6692.567 356.508
6693.620 419.369
6694.673 442.197
6695.726 449.304
6696.779 395.692
6697.832 395.676
6698.885 473.338
6699.938 461.297
6700.991 447.850
6702.044 445.336
6703.097 439.779
6704.150 451.537
6705.203 424.453
6706.256 415.017
6707.309 387.968
6708.362 474.731
6709.415 411.022
6710.468 366.727
6711.521 440.404
6712.574 393.893
6713.627 361.565
6714.680 389.276
6715.734 465.138
6716.787 464.369
6717.840 649.482
6718.893 1868.202
6719.946 4373.320
6720.999 4567.333
6722.052 2129.416
6723.105 671.727
6724.158 493.128
6725.211 428.156
6726.264 389.726
6727.317 395.234
6728.370 418.064
6729.423 390.243
6730.476 398.615
6731.529 478.322
6732.582 775.917
6733.635 2121.547
6734.688 3624.926
6735.741 2756.706
6736.794 1080.420
6737.847 483.120
6738.900 410.003
6739.953 450.455
6741.006 378.442
6742.059 456.860
6743.112 412.499
6744.165 456.007
6745.218 454.284
6746.271 426.010
6747.324 394.127
6748.377 398.983
6749.430 400.365
6750.483 412.445
6751.536 405.656
6752.589 414.223
6753.642 375.575
6754.695 375.682
6755.748 421.221
6756.801 350.402
6757.854 363.525
6758.907 415.820
6759.960 407.226
6761.013 420.267
6762.066 344.733
6763.119 363.060
6764.172 387.675
6765.225 326.559
6766.278 387.746
6767.331 368.159
6768.384 349.624
6769.437 399.065
6770.490 406.300
6771.543 385.508
6772.596 364.445
6773.649 359.461
6774.702 387.631
6775.755 418.999
6776.808 408.590
6777.861 353.616
6778.914 342.596
6779.967 380.506
6781.020 373.457
6782.073 353.872
6783.126 357.823
6784.179 358.617
6785.232 386.461
6786.285 408.274
6787.338 384.653
6788.391 370.946
6789.444 451.404
6790.497 398.157
6791.550 372.905
6792.603 334.700
6793.656 345.229
6794.709 350.274
6795.762 374.489
6796.815 353.162
6797.868 356.365
6798.922 378.394
6799.975 383.731
6801.028 356.590
6802.081 332.037
6803.134 388.274
6804.187 429.478
6805.240 390.732
6806.293 387.896
6807.346 362.388
6808.399 331.666
6809.452 367.744
6810.505 356.131
6811.558 401.180
6812.611 335.447
6813.664 343.165
6814.717 332.551
6815.770 390.386
6816.823 431.630
6817.876 351.170
6818.929 401.764
6819.982 349.957
6821.035 371.947
6822.088 344.587
6823.141 397.590
6824.194 402.406
6825.247 333.526
6826.300 580.684
6827.353 917.517
6828.406 1443.074
6829.459 1787.359
6830.512 1323.826
6831.565 661.474
6832.618 668.797
6833.671 1411.118
6834.724 1738.834
6835.777 1238.510
6836.830 387.451
6837.883 394.454
6838.936 491.730
6839.989 402.749
6841.042 627.688
6842.095 691.601
6843.148 604.796
6844.201 367.471
6845.254 349.080
6846.307 294.619
6847.360 363.040
6848.413 374.999
6849.466 457.826
6850.519 435.914
6851.572 348.889
6852.625 353.817
6853.678 318.918
6854.731 331.593
6855.784 365.245
6856.837 387.242
6857.890 399.937
6858.943 387.960
6859.996 416.454
6861.049 369.592
6862.102 731.035
6863.155 2454.744
6864.208 2908.443
6865.261 1916.171
6866.314 501.412
6867.367 222.832
6868.420 230.075
6869.473 275.680
6870.526 491.011
6871.579 520.478
6872.632 312.125
6873.685 206.881
6874.738 243.206
6875.791 266.848
6876.844 277.228
6877.897 305.442
6878.950 323.204
6880.003 419.706
6881.056 675.234
6882.110 622.254
6883.163 315.468
6884.216 312.987
6885.269 322.267
6886.322 357.389
6887.375 293.490
6888.428 648.708
6889.481 834.926
6890.534 626.997
6891.587 407.775
6892.640 297.713
6893.693 303.140
6894.746 401.829
6895.799 369.646
6896.852 293.983
6897.905 317.393
6898.958 424.306
6900.011 637.486
6901.064 820.800
6902.117 683.927
6903.170 334.872
6904.223 327.881
6905.276 317.990
6906.329 281.347
6907.382 340.961
6908.435 259.952
6909.488 250.799
6910.541 318.789
6911.594 803.661
6912.647 1113.167
6913.700 907.867
6914.753 481.302
6915.806 319.378
6916.859 334.831
6917.912 341.708
6918.965 369.961
6920.018 348.887
6921.071 377.546
6922.124 977.180
6923.177 1809.515
6924.230 1480.283
6925.283 501.704
6926.336 371.544
6927.389 397.562
6928.442 342.995
6929.495 404.891
6930.548 310.480
6931.601 293.991
6932.654 331.808
6933.707 356.559
6934.760 368.162
6935.813 312.490
6936.866 298.726
6937.919 523.793
6938.972 818.372
6940.025 1010.689
6941.078 711.443
6942.131 336.111
6943.184 378.602
6944.237 327.638
6945.290 375.373
6946.343 276.403
6947.396 552.398
6948.449 1831.384
6949.502 1985.314
6950.555 1230.257
6951.608 378.060
6952.661 360.321
6953.714 388.837
6954.767 367.701
6955.820 382.439
6956.873 368.097
6957.926 377.738
6958.979 355.068
6960.032 353.875
6961.085 374.612
6962.138 342.257
6963.191 377.137
6964.245 429.079
6965.298 390.695
6966.351 402.839
6967.404 390.987
6968.457 420.199
6969.510 745.387
6970.563 730.263
6971.616 525.014
6972.669 305.734
6973.722 307.466
6974.775 375.587
6975.828 344.782
6976.881 559.574
6977.934 1107.539
6978.987 1283.121
6980.040 746.383
6981.093 351.206
6982.146 364.764
6983.199 363.673
6984.252 378.771
6985.305 370.038
6986.358 335.052
6987.411 373.439
6988.464 438.572
6989.517 348.458
6990.570 328.675
6991.623 410.773
6992.676 353.346
6993.729 319.755
6994.782 305.001
6995.835 382.927
6996.888 418.655
6997.941 358.127
6998.994 348.650
7000.047 398.918
7001.100 508.840
7002.153 624.664
7003.206 678.719
7004.259 655.936
7005.312 490.100
7006.365 322.449
7007.418 299.752
7008.471 338.913
7009.524 377.340
7010.577 628.113
7011.630 782.000
7012.683 612.998
7013.736 403.232
7014.789 356.820
7015.842 379.380
7016.895 353.697
7017.948 302.763
7019.001 327.847
7020.054 359.534
7021.107 339.821
7022.160 286.442
7023.213 327.050
7024.266 368.564
7025.319 271.649
7026.372 346.823
7027.425 341.825
7028.478 307.285
7029.531 329.415
7030.584 388.550
7031.637 345.137
7032.690 330.663
7033.743 370.645
7034.796 348.968
7035.849 333.044
7036.902 375.039
7037.955 345.461
7039.008 293.308
7040.061 393.018
7041.114 483.025
7042.167 442.669
7043.220 353.431
7044.273 303.154
7045.326 424.866
7046.379 527.920
7047.433 588.540
7048.486 629.904
7049.539 558.432
7050.592 470.562
7051.645 447.923
7052.698 443.470
7053.751 350.137
7054.804 394.472
7055.857 427.496
7056.910 369.884
7057.963 382.418
7059.016 386.673
7060.069 339.362
7061.122 372.002
7062.175 407.507
7063.228 386.123
7064.281 403.192
7065.334 412.393
7066.387 427.804
7067.440 511.618
7068.493 1067.475
7069.546 1489.598
7070.599 1157.527
7071.652 553.091
7072.705 381.189
7073.758 430.172
7074.811 389.323
7075.864 353.801
7076.917 349.485
7077.970 399.692
7079.023 440.801
7080.076 367.735
7081.129 385.139
7082.182 503.115
7083.235 439.443
7084.288 337.968
7085.341 329.984
7086.394 373.706
7087.447 436.273
7088.500 454.110
7089.553 484.642
7090.606 410.739
7091.659 371.957
7092.712 379.974
7093.765 378.380
7094.818 328.895
7095.871 310.550
7096.924 344.590
7097.977 347.915
7099.030 343.466
7100.083 350.006
7101.136 315.983
7102.189 296.304
7103.242 321.770
7104.295 370.798
7105.348 318.780
7106.401 345.398
7107.454 399.869
7108.507 357.810
7109.560 374.877
7110.613 360.769
7111.666 334.972
7112.719 345.169
7113.772 360.418
7114.825 358.755
7115.878 360.191
7116.931 366.937
7117.984 327.823
7119.037 307.990
7120.090 358.559
7121.143 340.786
7122.196 316.139
7123.249 300.248
7124.302 299.227
7125.355 323.313
7126.408 403.849
7127.461 409.770
7128.514 378.027
7129.568 341.627
7130.621 335.668
7131.674 350.432
7132.727 406.618
7133.780 391.974
7134.833 330.018
7135.886 376.796
7136.939 306.058
7137.992 610.209
7139.045 2230.301
7140.098 3560.019
7141.151 2669.696
7142.204 827.739
7143.257 481.259
7144.310 441.039
7145.363 436.898
7146.416 448.059
7147.469 432.781
7148.522 430.145
7149.575 419.364
7150.628 374.028
7151.681 336.525
7152.734 354.168
7153.787 304.208
7154.840 251.478
7155.893 380.299
7156.946 364.042
7157.999 456.973
7159.052 376.024
7160.105 392.441
7161.158 389.839
7162.211 389.563
7163.264 377.472
7164.317 374.306
7165.370 353.227
7166.423 370.338
7167.476 350.052
7168.529 332.743
7169.582 390.079
7170.635 392.370
7171.688 349.882
7172.741 322.923
7173.794 353.116
7174.847 437.044
7175.900 406.877
7176.953 373.364
7178.006 357.467
7179.059 400.843
7180.112 409.638
7181.165 393.325
7182.218 321.239
7183.271 320.999
7184.324 315.200
7185.377 304.186
7186.430 305.796
7187.483 237.091
7188.536 270.338
7189.589 349.380
7190.642 285.961
7191.695 310.382
7192.748 260.711
7193.801 303.409
7194.854 297.885
7195.907 340.477
7196.960 336.438
7198.013 315.944
7199.066 292.486
7200.119 344.249
7201.172 329.029
7202.225 289.648
7203.278 342.995
7204.331 348.712
7205.384 280.035
7206.437 261.586
7207.490 337.102
7208.543 354.754
7209.596 309.263
7210.649 313.980
7211.702 347.023
7212.756 303.876
7213.809 281.381
7214.862 284.091
7215.915 314.677
7216.968 295.294
7218.021 293.508
7219.074 296.750
7220.127 321.656
7221.180 365.967
7222.233 367.117
7223.286 391.187
7224.339 339.974
7225.392 312.602
7226.445 361.875
7227.498 289.901
7228.551 370.144
7229.604 377.033
7230.657 371.799
7231.710 353.010
7232.763 301.845
7233.816 397.706
7234.869 392.259
7235.922 300.597
7236.975 443.449
7238.028 1046.990
7239.081 2140.218
7240.134 2962.325
7241.187 2671.919
7242.240 1546.354
7243.293 1121.401
7244.346 2424.588
7245.399 3131.595
7246.452 2000.054
7247.505 885.269
7248.558 484.284
7249.611 425.442
7250.664 365.639
7251.717 532.101
7252.770 890.974
7253.823 962.527
7254.876 751.532
7255.929 573.063
7256.982 463.216
7258.035 369.761
7259.088 374.470
7260.141 361.652
7261.194 319.951
7262.247 341.788
7263.300 387.096
7264.353 365.780
7265.406 336.841
7266.459 379.912
7267.512 484.083
7268.565 515.274
7269.618 482.474
7270.671 444.045
7271.724 378.348
7272.777 380.497
7273.830 595.840
7274.883 1871.612
7275.936 4599.036
7276.989 4702.761
7278.042 2286.079
7279.095 636.207
7280.148 369.014
7281.201 430.781
7282.254 507.006
7283.307 1152.099
7284.360 2061.366
7285.413 2064.097
7286.466 1165.277
7287.519 467.577
7288.572 362.608
7289.625 458.348
7290.678 443.811
7291.731 422.224
7292.784 438.361
7293.837 406.716
7294.891 711.538
7295.944 971.852
7296.997 776.949
7298.050 490.662
7299.103 376.848
7300.156 333.791
7301.209 290.056
7302.262 586.835
7303.315 1170.183
7304.368 1242.357
7305.421 756.492
7306.474 434.730
7307.527 385.227
7308.580 347.337
7309.633 373.845
7310.686 470.646
7311.739 406.852
7312.792 351.442
7313.845 289.484
7314.898 1647.677
7315.951 3475.589
7317.004 3461.818
7318.057 1849.192
7319.110 544.562
7320.163 306.953
7321.216 389.210
7322.269 448.147
7323.322 621.582
7324.375 734.810
7325.428 692.242
7326.481 481.867
7327.534 764.185
7328.587 1480.051
7329.640 1790.594
7330.693 1154.269
7331.746 558.757
7332.799 521.396
7333.852 650.777
7334.905 701.468
7335.958 534.873
7337.011 377.291
7338.064 293.597
7339.117 893.924
7340.170 3430.323
7341.223 4299.556
7342.276 2723.901
7343.329 1051.521
7344.382 412.470
7345.435 415.138
7346.488 346.007
7347.541 339.337
7348.594 381.997
7349.647 350.154
7350.700 390.036
7351.753 392.367
7352.806 355.061
7353.859 322.585
7354.912 341.030
7355.965 411.162
7357.018 633.689
7358.071 1303.307
7359.124 1597.661
7360.177 980.192
7361.230 477.746
7362.283 397.939
7363.336 354.182
7364.389 348.512
7365.442 399.405
7366.495 313.332
7367.548 798.153
7368.601 2397.497
7369.654 3119.735
7370.707 2303.091
7371.760 874.675
7372.813 402.804
7373.866 354.285
7374.919 365.299
7375.972 380.123
7377.025 367.208
7378.079 343.189
7379.132 380.078
7380.185 395.851
7381.238 324.752
7382.291 364.325
7383.344 440.765
7384.397 325.250
7385.450 329.618
7386.503 286.054
7387.556 354.434
7388.609 378.820
7389.662 373.945
7390.715 677.595
7391.768 984.257
7392.821 1103.730
7393.874 759.836
7394.927 414.786
7395.980 375.945
7397.033 308.390
7398.086 314.500
7399.139 335.894
7400.192 692.097
7401.245 1654.557
7402.298 1984.309
7403.351 1328.488
7404.404 665.398
7405.457 307.819
7406.510 288.014
7407.563 314.323
7408.616 326.324
7409.669 339.104
7410.722 320.412
7411.775 333.024
7412.828 356.131
7413.881 331.088
7414.934 286.333
7415.987 326.013
7417.040 332.311
7418.093 349.270
7419.146 364.253
7420.199 341.895
7421.252 311.903
7422.305 311.742
7423.358 336.839
7424.411 336.114
7425.464 306.407
7426.517 292.827
7427.570 343.188
7428.623 515.985
7429.676 715.891
7430.729 684.648
7431.782 445.701
7432.835 283.268
7433.888 298.934
7434.941 338.588
7435.994 358.918
7437.047 607.713
7438.100 1058.501
7439.153 1088.314
7440.206 692.335
7441.259 419.491
7442.312 323.835
7443.365 315.323
7444.418 364.635
7445.471 270.898
7446.524 246.083
7447.577 308.173
7448.630 278.941
7449.683 281.693
7450.736 309.426
7451.789 284.808
7452.842 311.795
7453.895 362.835
7454.948 331.542
7456.001 335.394
7457.054 358.422
7458.107 369.334
7459.160 366.572
7460.214 351.966
7461.267 338.369
7462.320 402.701
7463.373 475.827
7464.426 411.916
7465.479 390.251
7466.532 572.143
7467.585 670.074
7468.638 468.568
7469.691 382.739
7470.744 505.281
7471.797 609.364
7472.850 737.829
7473.903 950.203
7474.956 1010.451
7476.009 783.686
7477.062 518.021
7478.115 480.855
7479.168 486.327
7480.221 486.406
7481.274 486.483
7482.327 486.563
7483.380 486.641
7484.433 486.717
7485.486 486.795
