5329.969 1546.478
5331.022 1312.980
5332.075 1029.213
5333.128 796.571
5334.181 872.352
5335.234 1016.708
5336.287 930.356
5337.340 889.600
5338.393 899.485
5339.446 906.373
5340.499 872.309
5341.552 759.667
5342.605 953.177
5343.658 797.654
5344.711 814.785
5345.764 760.605
5346.817 852.750
5347.870 873.231
5348.923 926.529
5349.976 802.816
5351.029 881.636
5352.082 874.358
5353.135 941.160
5354.188 908.413
5355.241 832.896
5356.294 853.614
5357.347 845.110
5358.400 811.759
5359.453 787.159
5360.506 946.320
5361.559 890.334
5362.612 888.664
5363.665 837.221
5364.718 793.060
5365.771 788.742
5366.824 769.562
5367.877 820.517
5368.930 797.035
5369.983 828.818
5371.036 760.144
5372.089 728.503
5373.142 932.635
5374.195 786.804
5375.248 860.061
5376.301 901.997
5377.354 941.707
5378.407 895.985
5379.460 841.862
5380.513 723.409
5381.566 817.084
5382.619 842.597
5383.672 739.928
5384.725 805.211
5385.778 821.422
5386.831 842.200
5387.884 885.777
5388.937 829.881
5389.990 862.660
5391.043 884.174
5392.097 786.145
5393.150 877.594
5394.203 932.780
5395.256 820.238
5396.309 696.219
5397.362 911.420
5398.415 873.072
5399.468 715.100
5400.521 834.916
5401.574 842.629
5402.627 866.998
5403.680 781.077
5404.733 862.431
5405.786 775.667
5406.839 859.988
5407.892 803.223
5408.945 951.531
5409.998 746.643
5411.051 902.348
5412.104 819.556
5413.157 922.218
5414.210 813.942
5415.263 794.361
5416.316 843.325
5417.369 732.265
5418.422 791.584
5419.475 855.064
5420.528 810.324
5421.581 717.528
5422.634 709.465
5423.687 890.235
5424.740 820.915
5425.793 745.640
5426.846 824.296
5427.899 830.105
5428.952 737.714
5430.005 635.320
5431.058 919.431
5432.111 761.886
5433.164 809.391
5434.217 821.429
5435.270 979.275
5436.323 965.062
5437.376 963.251
5438.429 865.110
5439.482 809.899
5440.535 776.159
5441.588 860.100
5442.641 729.341
5443.694 823.565
5444.747 1018.170
5445.800 884.688
5446.853 644.169
5447.906 887.351
5448.959 872.075
5450.012 771.602
5451.065 822.643
5452.118 827.239
5453.171 896.107
5454.224 752.465
5455.277 717.184
5456.330 852.176
5457.383 789.099
5458.436 742.952
5459.489 807.308
5460.542 856.820
5461.595 798.565
5462.648 832.724
5463.701 768.731
5464.754 778.505
5465.807 868.399
5466.860 778.742
5467.913 718.536
5468.966 835.063
5470.019 787.671
5471.072 702.255
5472.125 839.005
5473.178 790.679
5474.231 763.550
5475.285 764.681
5476.338 777.663
5477.391 726.739
5478.444 673.534
5479.497 888.415
5480.550 703.636
5481.603 753.855
5482.656 833.749
5483.709 770.683
5484.762 878.661
5485.815 875.908
5486.868 727.037
5487.921 710.183
5488.974 786.105
5490.027 828.018
5491.080 710.794
5492.133 812.429
5493.186 831.770
5494.239 764.607
5495.292 731.149
5496.345 831.816
5497.398 832.376
5498.451 904.007
5499.504 814.496
5500.557 774.859
5501.610 762.118
5502.663 779.233
5503.716 896.308
5504.769 792.999
5505.822 877.554
5506.875 818.282
5507.928 819.406
5508.981 859.420
5510.034 737.178
5511.087 874.194
5512.140 738.585
5513.193 851.919
5514.246 874.995
5515.299 932.317
5516.352 815.880
5517.405 862.233
5518.458 783.585
5519.511 880.855
5520.564 850.646
5521.617 897.258
5522.670 865.989
5523.723 925.325
5524.776 808.151
5525.829 745.244
5526.882 729.899
5527.935 813.285
5528.988 676.108
5530.041 700.244
5531.094 810.689
5532.147 777.820
5533.200 753.979
5534.253 725.441
5535.306 820.953
5536.359 829.491
5537.412 715.421
5538.465 735.140
5539.518 785.366
5540.571 952.651
5541.624 949.902
5542.677 1051.631
5543.730 1005.176
5544.783 921.454
5545.836 931.913
5546.889 895.325
5547.942 705.704
5548.995 947.311
5550.048 938.682
5551.101 708.767
5552.154 821.435
5553.207 828.214
5554.260 907.300
5555.313 801.055
5556.366 797.629
5557.419 870.277
5558.473 924.451
5559.526 798.786
5560.579 808.395
5561.632 797.851
5562.685 811.763
5563.738 1065.755
5564.791 1057.779
5565.844 838.505
5566.897 772.784
5567.950 809.223
5569.003 851.494
5570.056 765.909
5571.109 792.779
5572.162 797.403
5573.215 706.472
5574.268 1153.950
5575.321 2868.729
5576.374 27392.547
5577.427 51340.520
5578.480 39233.783
5579.533 7378.459
5580.586 455.152
5581.639 888.153
5582.692 849.760
5583.745 809.851
5584.798 761.650
5585.851 767.089
5586.904 847.350
5587.957 773.031
5589.010 1014.883
5590.063 945.827
5591.116 740.006
5592.169 857.954
5593.222 805.942
5594.275 685.551
5595.328 746.279
5596.381 816.194
5597.434 792.833
5598.487 837.425
5599.540 860.814
5600.593 756.580
5601.646 721.857
5602.699 818.461
5603.752 894.673
5604.805 959.345
5605.858 1097.934
5606.911 854.686
5607.964 753.538
5609.017 849.981
5610.070 739.894
5611.123 677.499
5612.176 724.051
5613.229 715.853
5614.282 896.461
5615.335 644.147
5616.388 827.534
5617.441 856.686
5618.494 789.361
5619.547 834.425
5620.600 734.026
5621.653 703.126
5622.706 774.541
5623.759 976.865
5624.812 882.178
5625.865 658.004
5626.918 739.277
5627.971 824.071
5629.024 779.294
5630.077 788.588
5631.130 761.656
5632.183 843.013
5633.236 668.199
5634.289 697.327
5635.342 696.721
5636.395 803.601
5637.448 749.864
5638.501 785.898
5639.554 897.716
5640.608 728.067
5641.661 741.639
5642.714 693.425
5643.767 714.148
5644.820 955.089
5645.873 889.953
5646.926 737.912
5647.979 713.119
5649.032 756.893
5650.085 820.304
5651.138 710.101
5652.191 798.601
5653.244 750.057
5654.297 746.467
5655.350 751.675
5656.403 771.430
5657.456 714.804
5658.509 644.995
5659.562 722.515
5660.615 700.620
5661.668 654.418
5662.721 731.774
5663.774 773.024
5664.827 807.193
5665.880 777.809
5666.933 756.793
5667.986 769.193
5669.039 819.785
5670.092 716.367
5671.145 881.683
5672.198 734.249
5673.251 816.844
5674.304 818.300
5675.357 825.360
5676.410 780.341
5677.463 706.838
5678.516 760.331
5679.569 731.798
5680.622 845.895
5681.675 891.586
5682.728 889.653
5683.781 818.138
5684.834 753.316
5685.887 772.588
5686.940 886.365
5687.993 745.322
5689.046 821.162
5690.099 853.327
5691.152 705.567
5692.205 949.923
5693.258 880.796
5694.311 757.785
5695.364 797.840
5696.417 805.697
5697.470 818.882
5698.523 851.201
5699.576 759.833
5700.629 757.610
5701.682 710.419
5702.735 670.424
5703.788 762.481
5704.841 725.857
5705.894 805.855
5706.947 744.645
5708.000 775.522
5709.053 815.884
5710.106 747.082
5711.159 713.225
5712.212 690.748
5713.265 678.577
5714.318 825.980
5715.371 794.050
5716.424 685.571
5717.477 807.430
5718.530 730.702
5719.583 644.347
5720.636 864.804
5721.689 743.794
5722.742 769.531
5723.796 776.838
5724.849 774.144
5725.902 758.489
5726.955 829.225
5728.008 699.480
5729.061 783.477
5730.114 695.878
5731.167 799.273
5732.220 707.832
5733.273 793.605
5734.326 673.203
5735.379 743.764
5736.432 647.773
5737.485 711.258
5738.538 794.054
5739.591 714.879
5740.644 751.135
5741.697 694.241
5742.750 734.046
5743.803 810.117
5744.856 723.013
5745.909 751.135
5746.962 720.492
5748.015 788.929
5749.068 738.875
5750.121 754.854
5751.174 772.613
5752.227 676.270
5753.280 692.462
5754.333 675.082
5755.386 636.514
5756.439 830.789
5757.492 765.423
5758.545 637.356
5759.598 813.214
5760.651 668.832
5761.704 680.098
5762.757 790.547
5763.810 685.256
5764.863 826.864
5765.916 667.253
5766.969 689.248
5768.022 769.234
5769.075 772.622
5770.128 747.904
5771.181 696.258
5772.234 751.365
5773.287 766.467
5774.340 712.261
5775.393 731.175
5776.446 728.440
5777.499 708.856
5778.552 728.101
5779.605 707.048
5780.658 591.314
5781.711 725.249
5782.764 655.073
5783.817 761.745
5784.870 658.070
5785.923 661.678
5786.976 738.113
5788.029 646.800
5789.082 623.907
5790.135 743.649
5791.188 681.888
5792.241 653.636
5793.294 676.311
5794.347 630.653
5795.400 641.731
5796.453 745.036
5797.506 743.257
5798.559 644.532
5799.612 752.291
5800.665 739.818
5801.718 697.079
5802.771 771.141
5803.824 668.324
5804.877 740.364
5805.931 760.529
5806.984 802.360
5808.037 753.128
5809.090 600.445
5810.143 760.944
5811.196 764.131
5812.249 711.841
5813.302 753.966
5814.355 687.071
5815.408 671.583
5816.461 655.043
5817.514 742.362
5818.567 762.320
5819.620 727.765
5820.673 702.357
5821.726 725.330
5822.779 719.434
5823.832 756.199
5824.885 649.484
5825.938 747.081
5826.991 799.136
5828.044 773.769
5829.097 618.246
5830.150 698.215
5831.203 703.763
5832.256 774.564
5833.309 748.714
5834.362 829.272
5835.415 683.696
5836.468 735.071
5837.521 671.769
5838.574 665.940
5839.627 773.353
5840.680 654.279
5841.733 737.858
5842.786 783.386
5843.839 664.147
5844.892 774.258
5845.945 715.149
5846.998 681.715
5848.051 657.883
5849.104 719.385
5850.157 738.696
5851.210 689.287
5852.263 713.679
5853.316 628.481
5854.369 608.061
5855.422 711.243
5856.475 687.125
5857.528 743.332
5858.581 779.997
5859.634 713.848
5860.687 719.750
5861.740 690.101
5862.793 677.049
5863.846 755.087
5864.899 929.968
5865.952 1181.370
5867.005 1350.875
5868.058 1247.254
5869.111 1140.503
5870.164 803.158
5871.217 763.653
5872.270 793.835
5873.323 819.126
5874.376 875.538
5875.429 868.332
5876.482 808.533
5877.535 1615.223
5878.588 3662.905
5879.641 4088.389
5880.694 2223.347
5881.747 798.628
5882.800 794.635
5883.853 843.190
5884.906 732.334
5885.959 818.062
5887.012 1135.375
5888.065 1804.987
5889.119 4879.940
5890.172 6493.833
5891.225 4559.085
5892.278 1298.100
5893.331 854.486
5894.384 1491.205
5895.437 3796.498
5896.490 4153.054
5897.543 2268.883
5898.596 811.527
5899.649 715.188
5900.702 789.303
5901.755 687.331
5902.808 827.524
5903.861 800.376
5904.914 724.191
5905.967 809.216
5907.020 977.259
5908.073 799.821
5909.126 717.994
5910.179 669.008
5911.232 730.417
5912.285 787.398
5913.338 734.638
5914.391 1091.461
5915.444 1522.211
5916.497 1206.764
5917.550 829.156
5918.603 665.830
5919.656 712.845
5920.709 737.279
5921.762 663.725
5922.815 657.156
5923.868 910.844
5924.921 956.193
5925.974 905.948
5927.027 679.675
5928.080 722.838
5929.133 803.312
5930.186 757.188
5931.239 795.381
5932.292 1359.968
5933.345 1495.653
5934.398 1135.040
5935.451 754.676
5936.504 811.977
5937.557 724.840
5938.610 722.137
5939.663 655.083
5940.716 727.835
5941.769 748.772
5942.822 755.132
5943.875 656.569
5944.928 860.532
5945.981 921.230
5947.034 913.988
5948.087 698.203
5949.140 750.949
5950.193 746.426
5951.246 788.771
5952.299 1035.150
5953.352 1350.610
5954.405 1213.778
5955.458 821.525
5956.511 636.416
5957.564 739.386
5958.617 742.986
5959.670 746.945
5960.723 697.271
5961.776 692.779
5962.829 741.273
5963.882 706.172
5964.935 690.954
5965.988 712.972
5967.041 679.009
5968.094 639.730
5969.147 801.692
5970.200 877.135
5971.254 859.297
5972.307 806.122
5973.360 722.674
5974.413 690.531
5975.466 763.315
5976.519 996.396
5977.572 1051.611
5978.625 959.492
5979.678 596.336
5980.731 591.999
5981.784 707.740
5982.837 695.488
5983.890 695.238
5984.943 682.462
5985.996 678.202
5987.049 648.045
5988.102 632.519
5989.155 634.961
5990.208 694.879
5991.261 647.548
5992.314 716.551
5993.367 686.125
5994.420 674.541
5995.473 679.880
5996.526 623.604
5997.579 713.480
5998.632 750.200
5999.685 645.968
6000.738 579.110
6001.791 598.193
6002.844 749.201
6003.897 851.186
6004.950 738.150
6006.003 641.491
6007.056 541.221
6008.109 602.112
6009.162 622.219
6010.215 616.633
6011.268 600.256
6012.321 570.948
6013.374 627.165
6014.427 659.626
6015.480 624.946
6016.533 616.718
6017.586 567.070
6018.639 517.497
6019.692 562.035
6020.745 614.996
6021.798 587.891
6022.851 568.189
6023.904 597.813
6024.957 667.550
6026.010 597.186
6027.063 598.262
6028.116 655.938
6029.169 646.167
6030.222 602.897
6031.275 544.767
6032.328 616.497
6033.381 692.389
6034.434 626.441
6035.487 714.085
6036.540 539.518
6037.593 502.329
6038.646 552.464
6039.699 526.196
6040.752 533.182
6041.805 631.998
6042.858 573.277
6043.911 556.332
6044.964 547.718
6046.017 658.457
6047.070 609.161
6048.123 659.066
6049.176 564.081
6050.229 581.220
6051.282 570.623
6052.335 562.257
6053.388 549.777
6054.442 608.674
6055.495 599.423
6056.548 557.278
6057.601 555.559
6058.654 536.746
6059.707 644.992
6060.760 539.214
6061.813 613.281
6062.866 487.290
6063.919 510.809
6064.972 539.163
6066.025 512.651
6067.078 548.939
6068.131 611.127
6069.184 556.223
6070.237 463.946
6071.290 557.729
6072.343 563.333
6073.396 514.645
6074.449 535.332
6075.502 591.814
6076.555 528.043
6077.608 586.647
6078.661 627.552
6079.714 502.649
6080.767 552.249
6081.820 538.173
6082.873 463.517
6083.926 481.491
6084.979 495.745
6086.032 523.625
6087.085 548.201
6088.138 512.558
6089.191 474.114
6090.244 463.622
6091.297 568.784
6092.350 515.204
6093.403 515.995
6094.456 558.979
6095.509 605.452
6096.562 625.410
6097.615 612.077
6098.668 581.756
6099.721 536.363
6100.774 532.012
6101.827 503.645
6102.880 572.186
6103.933 561.866
6104.986 551.052
6106.039 538.066
6107.092 577.159
6108.145 523.785
6109.198 593.705
6110.251 557.297
6111.304 500.504
6112.357 578.896
6113.410 540.664
6114.463 492.895
6115.516 460.942
6116.569 559.009
6117.622 524.143
6118.675 494.235
6119.728 564.820
6120.781 533.894
6121.834 508.021
6122.887 555.262
6123.940 490.971
6124.993 462.593
6126.046 541.840
6127.099 527.691
6128.152 433.596
6129.205 548.536
6130.258 493.847
6131.311 488.506
6132.364 495.324
6133.417 499.886
6134.470 513.069
6135.523 523.307
6136.577 636.262
6137.630 536.467
6138.683 606.129
6139.736 574.359
6140.789 525.727
6141.842 498.677
6142.895 557.335
6143.948 625.900
6145.001 671.498
6146.054 597.595
6147.107 518.685
6148.160 580.506
6149.213 593.543
6150.266 548.825
6151.319 470.309
6152.372 542.107
6153.425 508.444
6154.478 539.686
6155.531 942.387
6156.584 1154.437
6157.637 1299.540
6158.690 1104.701
6159.743 793.517
6160.796 496.297
6161.849 486.778
6162.902 455.073
6163.955 473.232
6165.008 493.542
6166.061 552.898
6167.114 528.360
6168.167 474.145
6169.220 622.786
6170.273 803.201
6171.326 798.960
6172.379 561.401
6173.432 446.638
6174.485 530.433
6175.538 527.420
6176.591 606.911
6177.644 515.793
6178.697 520.722
6179.750 493.729
6180.803 606.584
6181.856 549.731
6182.909 495.066
6183.962 559.905
6185.015 512.310
6186.068 507.351
6187.121 499.759
6188.174 409.319
6189.227 539.789
6190.280 440.277
6191.333 476.223
6192.386 513.461
6193.439 493.327
6194.492 587.986
6195.545 566.179
6196.598 558.528
6197.651 406.306
6198.704 520.267
6199.757 459.759
6200.810 462.934
6201.863 622.031
6202.916 763.687
6203.969 749.959
6205.022 472.890
6206.075 570.368
6207.128 446.572
6208.181 517.930
6209.234 480.963
6210.287 506.792
6211.340 472.946
6212.393 607.779
6213.446 535.509
6214.499 510.125
6215.552 459.582
6216.605 544.580
6217.658 513.972
6218.711 509.813
6219.765 575.694
6220.818 624.212
6221.871 882.755
6222.924 704.315
6223.977 504.030
6225.030 504.076
6226.083 509.915
6227.136 449.007
6228.189 513.757
6229.242 500.117
6230.295 465.164
6231.348 502.139
6232.401 550.271
6233.454 750.365
6234.507 1090.940
6235.560 1518.889
6236.613 1479.612
6237.666 996.884
6238.719 795.509
6239.772 685.471
6240.825 702.264
6241.878 772.295
6242.931 772.160
6243.984 663.611
6245.037 598.205
6246.090 491.860
6247.143 535.187
6248.196 460.230
6249.249 598.530
6250.302 449.694
6251.355 527.979
6252.408 509.688
6253.461 431.224
6254.514 430.147
6255.567 529.325
6256.620 945.137
6257.673 1561.544
6258.726 1652.763
6259.779 818.138
6260.832 511.403
6261.885 504.924
6262.938 520.330
6263.991 666.748
6265.044 817.778
6266.097 815.788
6267.150 643.888
6268.203 699.850
6269.256 601.486
6270.309 587.129
6271.362 565.518
6272.415 521.448
6273.468 543.251
6274.521 535.595
6275.574 602.611
6276.627 583.748
6277.680 627.855
6278.733 582.898
6279.786 511.740
6280.839 508.597
6281.892 455.927
6282.945 436.209
6283.998 568.524
6285.051 491.570
6286.104 779.965
6287.157 1427.412
6288.210 1432.695
6289.263 846.486
6290.316 563.433
6291.369 541.870
6292.422 472.737
6293.475 437.185
6294.528 478.725
6295.581 453.447
6296.634 955.474
6297.687 533.698
6298.740 11366.359
6299.793 41746.033
6300.846 54270.149
6301.899 25053.866
6302.953 1515.192
6304.006 996.614
6305.059 798.819
6306.112 1264.955
6307.165 1696.240
6308.218 1242.671
6309.271 624.859
6310.324 498.051
6311.377 533.855
6312.430 509.592
6313.483 457.187
6314.536 660.064
6315.589 836.613
6316.642 709.245
6317.695 583.912
6318.748 444.810
6319.801 606.555
6320.854 754.655
6321.907 827.983
6322.960 714.746
6324.013 434.153
6325.066 414.747
6326.119 450.300
6327.172 526.237
6328.225 710.903
6329.278 1218.776
6330.331 1400.421
6331.384 951.368
6332.437 449.920
6333.490 452.333
6334.543 511.425
6335.596 488.050
6336.649 465.426
6337.702 509.113
6338.755 507.279
6339.808 470.541
6340.861 437.792
6341.914 543.429
6342.967 467.307
6344.020 492.461
6345.073 481.553
6346.126 444.438
6347.179 507.022
6348.232 719.530
6349.285 669.639
6350.338 545.840
6351.391 438.110
6352.444 486.480
6353.497 521.526
6354.550 478.204
6355.603 867.673
6356.656 1078.460
6357.709 853.170
6358.762 566.798
6359.815 514.666
6360.868 646.270
6361.921 1513.368
6362.974 11905.196
6364.027 17498.629
6365.080 11907.167
6366.133 1796.017
6367.186 467.985
6368.239 562.397
6369.292 496.149
6370.345 431.261
6371.398 410.963
6372.451 423.242
6373.504 468.497
6374.557 479.644
6375.610 461.407
6376.663 481.632
6377.716 444.601
6378.769 552.980
6379.822 548.250
6380.875 445.875
6381.928 469.908
6382.981 513.468
6384.034 493.692
6385.088 555.316
6386.141 745.582
6387.194 682.205
6388.247 553.281
6389.300 429.322
6390.353 420.537
6391.406 474.329
6392.459 437.972
6393.512 422.307
6394.565 452.762
6395.618 437.654
6396.671 478.745
6397.724 472.621
6398.777 419.931
6399.830 375.464
6400.883 430.778
6401.936 411.567
6402.989 411.328
6404.042 404.181
6405.095 392.121
6406.148 456.461
6407.201 401.789
6408.254 454.997
6409.307 399.921
6410.360 368.172
6411.413 412.650
6412.466 493.993
6413.519 434.236
6414.572 460.015
6415.625 434.824
6416.678 389.837
6417.731 443.519
6418.784 443.763
6419.837 485.859
6420.890 457.128
6421.943 522.012
6422.996 302.205
6424.049 388.172
6425.102 427.664
6426.155 381.953
6427.208 413.119
6428.261 474.683
6429.314 392.461
6430.367 388.321
6431.420 385.245
6432.473 365.721
6433.526 358.526
6434.579 452.091
6435.632 415.125
6436.685 435.245
6437.738 392.218
6438.791 418.482
6439.844 347.114
6440.897 346.142
6441.950 353.544
6443.003 423.630
6444.056 417.279
6445.109 383.182
6446.162 429.052
6447.215 433.469
6448.268 409.286
6449.321 427.988
6450.374 395.431
6451.427 418.502
6452.480 511.647
6453.533 548.788
6454.586 569.658
6455.639 583.994
6456.692 538.138
6457.745 540.223
6458.798 531.864
6459.851 440.712
6460.904 390.178
6461.957 450.029
6463.010 581.875
6464.063 697.611
6465.116 841.203
6466.169 924.831
6467.222 804.143
6468.276 368.299
6469.329 536.470
6470.382 800.294
6471.435 931.802
6472.488 595.370
6473.541 452.778
6474.594 376.402
6475.647 344.383
6476.700 394.532
6477.753 505.990
6478.806 545.613
6479.859 400.584
6480.912 378.356
6481.965 486.390
6483.018 380.745
6484.071 390.578
6485.124 396.756
6486.177 407.103
6487.230 351.857
6488.283 422.270
6489.336 361.754
6490.389 359.335
6491.442 366.498
6492.495 379.901
6493.548 370.944
6494.601 374.472
6495.654 421.323
6496.707 383.824
6497.760 1126.257
6498.813 1658.596
6499.866 1190.388
6500.919 605.706
6501.972 445.483
6503.025 445.019
6504.078 621.184
6505.131 791.266
6506.184 611.595
6507.237 407.516
6508.290 377.312
6509.343 392.075
6510.396 378.356
6511.449 362.480
6512.502 440.145
6513.555 478.122
6514.608 450.776
6515.661 447.205
6516.714 420.776
6517.767 360.798
6518.820 360.706
6519.873 386.529
6520.926 411.869
6521.979 590.914
6523.032 632.438
6524.085 488.721
6525.138 377.833
6526.191 431.275
6527.244 376.575
6528.297 390.276
6529.350 376.369
6530.403 413.124
6531.456 476.368
6532.509 1092.535
6533.562 1354.969
6534.615 819.043
6535.668 420.445
6536.721 386.963
6537.774 393.896
6538.827 375.785
6539.880 438.033
6540.933 421.128
6541.986 389.214
6543.039 562.408
6544.092 751.613
6545.145 681.281
6546.198 458.358
6547.251 427.871
6548.304 406.304
6549.357 426.348
6550.411 525.228
6551.464 559.245
6552.517 952.848
6553.570 1608.070
6554.623 1184.992
6555.676 582.138
6556.729 416.065
6557.782 373.343
6558.835 319.144
6559.888 359.744
6560.941 398.406
6561.994 636.308
6563.047 969.891
6564.100 2264.515
6565.153 20125.374
6566.206 60999.995
6567.259 62679.386
6568.312 23026.873
6569.365 2379.405
6570.418 734.973
6571.471 642.518
6572.524 478.597
6573.577 432.075
6574.630 376.664
6575.683 517.059
6576.736 960.266
6577.789 1232.862
6578.842 836.952
6579.895 417.474
6580.948 370.025
6582.001 385.483
6583.054 383.041
6584.107 443.412
6585.160 541.118
6586.213 720.602
6587.266 929.356
6588.319 789.403
6589.372 471.070
6590.425 337.584
6591.478 392.443
6592.531 382.810
6593.584 364.989
6594.637 352.121
6595.690 475.337
6596.743 562.436
6597.796 514.451
6598.849 381.538
6599.902 415.527
6600.955 363.448
6602.008 372.692
6603.061 530.590
6604.114 775.938
6605.167 641.793
6606.220 464.242
6607.273 321.591
6608.326 323.854
6609.379 402.962
6610.432 379.501
6611.485 348.540
6612.538 382.095
6613.591 386.002
6614.644 309.947
6615.697 364.971
6616.750 368.947
6617.803 350.635
6618.856 386.766
6619.909 414.894
6620.962 382.608
6622.015 334.876
6623.068 384.791
6624.121 348.502
6625.174 358.657
6626.227 346.418
6627.280 422.894
6628.333 433.409
6629.386 392.333
6630.439 399.282
6631.492 342.599
6632.545 381.600
6633.599 495.305
6634.652 501.381
6635.705 445.378
6636.758 330.446
6637.811 304.192
6638.864 344.375
6639.917 337.205
6640.970 274.442
6642.023 307.294
6643.076 316.735
6644.129 361.862
6645.182 334.095
6646.235 295.477
6647.288 341.966
6648.341 315.654
6649.394 324.536
6650.447 352.786
6651.500 368.290
6652.553 359.204
6653.606 342.772
6654.659 361.978
6655.712 325.724
6656.765 329.212
6657.818 344.888
6658.871 336.037
6659.924 353.528
6660.977 342.724
6662.030 351.734
6663.083 336.561
6664.136 330.115
6665.189 380.982
6666.242 390.122
6667.295 434.307
6668.348 401.396
6669.401 403.130
6670.454 318.087
6671.507 369.733
6672.560 341.386
6673.613 373.402
6674.666 357.674
6675.719 291.874
6676.772 356.816
6677.825 348.016
6678.878 307.453
6679.931 354.851
6680.984 697.350
6682.037 1094.056
6683.090 897.043
6684.143 439.802
6685.196 338.067
6686.249 347.895
6687.302 338.325
6688.355 348.372
6689.408 373.039
6690.461 386.104
6691.514 338.311
6692.567 340.912
6693.620 307.677
6694.673 303.261
6695.726 324.357
6696.779 348.812
6697.832 340.067
6698.885 381.864
6699.938 370.105
6700.991 381.794
6702.044 309.638
6703.097 357.031
6704.150 377.711
6705.203 362.947
6706.256 350.104
6707.309 316.682
6708.362 328.385
6709.415 318.023
6710.468 315.569
6711.521 366.545
6712.574 340.510
6713.627 324.576
6714.680 328.443
6715.734 348.701
6716.787 377.732
6717.840 532.710
6718.893 1173.765
6719.946 1788.860
6720.999 1500.783
6722.052 775.816
6723.105 379.022
6724.158 412.746
6725.211 307.713
6726.264 375.999
6727.317 308.186
6728.370 345.749
6729.423 316.975
6730.476 335.385
6731.529 353.773
6732.582 584.773
6733.635 1092.549
6734.688 1360.339
6735.741 1052.268
6736.794 512.667
6737.847 338.689
6738.900 362.632
6739.953 361.761
6741.006 352.285
6742.059 313.227
6743.112 327.060
6744.165 340.758
6745.218 362.742
6746.271 328.705
6747.324 346.526
6748.377 330.007
6749.430 345.546
6750.483 354.876
6751.536 318.990
6752.589 271.447
6753.642 334.350
6754.695 319.171
6755.748 354.538
6756.801 270.463
6757.854 258.932
6758.907 345.595
6759.960 332.428
6761.013 301.967
6762.066 345.350
6763.119 339.353
6764.172 308.438
6765.225 316.713
6766.278 339.292
6767.331 314.361
6768.384 325.542
6769.437 358.777
6770.490 317.301
6771.543 314.229
6772.596 310.530
6773.649 291.401
6774.702 291.691
6775.755 361.453
6776.808 336.761
6777.861 283.935
6778.914 310.597
6779.967 312.026
6781.020 281.918
6782.073 349.369
6783.126 348.073
6784.179 331.740
6785.232 274.838
6786.285 274.033
6787.338 316.970
6788.391 323.523
6789.444 345.053
6790.497 351.151
6791.550 337.810
6792.603 321.561
6793.656 254.112
6794.709 281.533
6795.762 348.382
6796.815 293.503
6797.868 265.354
6798.922 260.599
6799.975 311.916
6801.028 365.413
6802.081 331.050
6803.134 332.745
6804.187 393.167
6805.240 277.304
6806.293 290.111
6807.346 303.018
6808.399 299.717
6809.452 289.325
6810.505 326.978
6811.558 322.434
6812.611 332.326
6813.664 303.380
6814.717 336.595
6815.770 287.706
6816.823 300.096
6817.876 351.145
6818.929 306.785
6819.982 317.659
6821.035 313.175
6822.088 303.378
6823.141 342.309
6824.194 326.904
6825.247 345.204
6826.300 495.827
6827.353 841.968
6828.406 1348.847
6829.459 1681.654
6830.512 1401.560
6831.565 586.334
6832.618 585.728
6833.671 1374.050
6834.724 1666.216
6835.777 1025.930
6836.830 425.325
6837.883 289.364
6838.936 343.975
6839.989 369.081
6841.042 529.150
6842.095 693.889
6843.148 524.267
6844.201 333.947
6845.254 297.864
6846.307 284.171
6847.360 338.488
6848.413 255.355
6849.466 333.687
6850.519 388.311
6851.572 363.484
6852.625 287.590
6853.678 346.512
6854.731 312.118
6855.784 383.294
6856.837 338.626
6857.890 321.060
6858.943 274.987
6859.996 258.603
6861.049 327.023
6862.102 680.921
6863.155 2153.133
6864.208 3111.163
6865.261 1809.060
6866.314 381.224
6867.367 214.870
6868.420 202.686
6869.473 188.721
6870.526 418.297
6871.579 511.883
6872.632 351.680
6873.685 239.104
6874.738 275.727
6875.791 205.196
6876.844 187.245
6877.897 256.633
6878.950 270.264
6880.003 394.696
6881.056 557.153
6882.110 555.224
6883.163 406.112
6884.216 252.848
6885.269 264.042
6886.322 302.357
6887.375 313.360
6888.428 549.706
6889.481 776.902
6890.534 587.214
6891.587 281.449
6892.640 221.853
6893.693 271.407
6894.746 390.424
6895.799 298.929
6896.852 245.892
6897.905 273.445
6898.958 275.952
6900.011 622.818
6901.064 765.888
6902.117 506.726
6903.170 332.284
6904.223 255.806
6905.276 253.929
6906.329 278.976
6907.382 265.227
6908.435 253.780
6909.488 233.348
6910.541 278.842
6911.594 680.487
6912.647 1112.680
6913.700 846.351
6914.753 397.880
6915.806 300.322
6916.859 287.614
6917.912 303.924
6918.965 235.232
6920.018 317.272
6921.071 367.010
6922.124 1028.172
6923.177 1594.555
6924.230 1407.351
6925.283 546.118
6926.336 284.454
6927.389 335.118
6928.442 303.557
6929.495 267.653
6930.548 303.069
6931.601 288.088
6932.654 238.833
6933.707 263.908
6934.760 263.804
6935.813 289.607
6936.866 292.876
6937.919 439.082
6938.972 820.457
6940.025 986.292
6941.078 618.902
6942.131 290.233
6943.184 301.620
6944.237 266.597
6945.290 323.395
6946.343 312.577
6947.396 535.079
6948.449 1559.858
6949.502 2013.416
6950.555 1093.965
6951.608 401.709
6952.661 348.799
6953.714 324.010
6954.767 329.984
6955.820 319.433
6956.873 344.839
6957.926 357.893
6958.979 278.834
6960.032 324.656
6961.085 290.175
6962.138 291.837
6963.191 328.256
6964.245 344.245
6965.298 319.234
6966.351 336.424
6967.404 276.367
6968.457 388.153
6969.510 650.505
6970.563 738.617
6971.616 461.748
6972.669 302.299
6973.722 350.432
6974.775 325.806
6975.828 305.219
6976.881 574.361
6977.934 1104.185
6978.987 1236.759
6980.040 776.233
6981.093 326.921
6982.146 279.235
6983.199 268.902
6984.252 285.536
6985.305 282.396
6986.358 292.189
6987.411 358.975
6988.464 305.812
6989.517 290.711
6990.570 313.453
6991.623 325.340
6992.676 300.046
6993.729 283.651
6994.782 311.335
6995.835 315.927
6996.888 336.506
6997.941 331.838
6998.994 306.040
7000.047 341.516
7001.100 421.468
7002.153 606.321
7003.206 669.520
7004.259 549.187
7005.312 411.511
7006.365 285.744
7007.418 307.235
7008.471 276.551
7009.524 308.023
7010.577 595.967
7011.630 744.269
7012.683 617.582
7013.736 377.010
7014.789 260.907
7015.842 276.565
7016.895 267.042
7017.948 258.272
7019.001 263.575
7020.054 256.803
7021.107 226.018
7022.160 254.933
7023.213 247.343
7024.266 258.961
7025.319 298.224
7026.372 234.975
7027.425 223.567
7028.478 276.774
7029.531 277.955
7030.584 276.865
7031.637 254.005
7032.690 217.043
7033.743 251.094
7034.796 296.047
7035.849 251.223
7036.902 224.994
7037.955 268.865
7039.008 265.376
7040.061 324.597
7041.114 357.966
7042.167 404.568
7043.220 288.493
7044.273 328.384
7045.326 314.495
7046.379 385.441
7047.433 511.778
7048.486 571.679
7049.539 513.559
7050.592 372.543
7051.645 384.322
7052.698 380.975
7053.751 317.046
7054.804 305.674
7055.857 284.518
7056.910 292.093
7057.963 260.089
7059.016 208.422
7060.069 319.941
7061.122 307.829
7062.175 334.351
7063.228 301.580
7064.281 313.026
7065.334 364.293
7066.387 369.254
7067.440 412.946
7068.493 614.301
7069.546 742.885
7070.599 625.266
7071.652 427.859
7072.705 318.610
7073.758 334.369
7074.811 359.916
7075.864 284.846
7076.917 290.347
7077.970 309.301
7079.023 242.342
7080.076 263.707
7081.129 330.973
7082.182 371.385
7083.235 346.795
7084.288 312.413
7085.341 290.149
7086.394 293.627
7087.447 316.516
7088.500 433.828
7089.553 438.023
7090.606 354.838
7091.659 338.347
7092.712 301.079
7093.765 286.348
7094.818 304.669
7095.871 278.308
7096.924 263.369
7097.977 308.943
7099.030 241.650
7100.083 229.842
7101.136 259.564
7102.189 309.514
7103.242 300.986
7104.295 269.024
7105.348 274.397
7106.401 257.473
7107.454 324.779
7108.507 282.682
7109.560 247.406
7110.613 316.321
7111.666 290.781
7112.719 251.058
7113.772 286.534
7114.825 287.907
7115.878 228.140
7116.931 279.312
7117.984 265.415
7119.037 265.148
7120.090 253.049
7121.143 246.300
7122.196 277.976
7123.249 273.950
7124.302 302.113
7125.355 311.047
7126.408 329.161
7127.461 353.797
7128.514 343.841
7129.568 320.266
7130.621 293.761
7131.674 283.450
7132.727 326.075
7133.780 345.552
7134.833 311.693
7135.886 267.292
7136.939 249.268
7137.992 510.100
7139.045 1226.620
7140.098 1604.799
7141.151 1156.143
7142.204 603.469
7143.257 424.130
7144.310 405.551
7145.363 386.225
7146.416 350.385
7147.469 333.714
7148.522 341.378
7149.575 307.964
7150.628 303.103
7151.681 308.660
7152.734 302.306
7153.787 217.909
7154.840 274.222
7155.893 300.857
7156.946 280.968
7157.999 310.469
7159.052 340.400
7160.105 335.317
7161.158 272.231
7162.211 294.611
7163.264 314.777
7164.317 288.635
7165.370 324.871
7166.423 323.903
7167.476 283.373
7168.529 305.288
7169.582 296.087
7170.635 277.258
7171.688 316.536
7172.741 293.738
7173.794 322.113
7174.847 339.054
7175.900 314.402
7176.953 273.723
7178.006 320.951
7179.059 297.995
7180.112 327.581
7181.165 372.468
7182.218 322.013
7183.271 292.133
7184.324 250.811
7185.377 250.223
7186.430 263.304
7187.483 201.479
7188.536 236.880
7189.589 254.438
7190.642 282.608
7191.695 256.882
7192.748 215.615
7193.801 220.718
7194.854 246.638
7195.907 250.791
7196.960 268.311
7198.013 254.069
7199.066 265.455
7200.119 273.548
7201.172 238.070
7202.225 258.246
7203.278 264.028
7204.331 230.727
7205.384 222.092
7206.437 277.440
7207.490 275.168
7208.543 216.607
7209.596 234.463
7210.649 256.573
7211.702 270.563
7212.756 268.611
7213.809 271.620
7214.862 258.890
7215.915 230.110
7216.968 268.836
7218.021 262.231
7219.074 247.719
7220.127 308.138
7221.180 276.922
7222.233 310.284
7223.286 320.518
7224.339 272.432
7225.392 295.054
7226.445 292.582
7227.498 285.520
7228.551 295.125
7229.604 308.765
7230.657 272.073
7231.710 296.119
7232.763 318.632
7233.816 313.543
7234.869 303.325
7235.922 250.120
7236.975 412.820
7238.028 1011.868
7239.081 2077.728
7240.134 2774.663
7241.187 2506.410
7242.240 1494.882
7243.293 1265.484
7244.346 2194.951
7245.399 2848.774
7246.452 1997.339
7247.505 842.100
7248.558 371.698
7249.611 308.657
7250.664 322.003
7251.717 507.189
7252.770 784.859
7253.823 849.720
7254.876 726.414
7255.929 546.679
7256.982 420.940
7258.035 351.262
7259.088 279.888
7260.141 317.208
7261.194 307.831
7262.247 301.956
7263.300 340.706
7264.353 286.754
7265.406 254.306
7266.459 288.130
7267.512 372.865
7268.565 462.477
7269.618 406.382
7270.671 363.704
7271.724 357.863
7272.777 339.012
7273.830 513.456
7274.883 1902.724
7275.936 4062.898
7276.989 4384.392
7278.042 2259.010
7279.095 635.589
7280.148 355.674
7281.201 396.585
7282.254 517.291
7283.307 1085.049
7284.360 1823.242
7285.413 1771.038
7286.466 974.489
7287.519 435.042
7288.572 281.994
7289.625 281.132
7290.678 348.408
7291.731 403.348
7292.784 316.873
7293.837 298.261
7294.891 551.369
7295.944 793.365
7296.997 680.043
7298.050 435.668
7299.103 308.588
7300.156 290.040
7301.209 294.621
7302.262 550.760
7303.315 1106.337
7304.368 1149.398
7305.421 753.776
7306.474 369.592
7307.527 309.985
7308.580 302.900
7309.633 301.700
7310.686 392.062
7311.739 357.871
7312.792 306.139
7313.845 387.177
7314.898 1526.049
7315.951 3117.766
7317.004 3175.215
7318.057 1732.600
7319.110 493.377
7320.163 244.954
7321.216 314.706
7322.269 336.821
7323.322 353.582
7324.375 415.450
7325.428 359.794
7326.481 267.568
7327.534 630.042
7328.587 1362.567
7329.640 1559.705
7330.693 1048.139
7331.746 502.959
7332.799 328.628
7333.852 370.209
7334.905 370.588
7335.958 362.212
7337.011 315.267
7338.064 331.844
7339.117 996.679
7340.170 3181.823
7341.223 4144.500
7342.276 2677.162
7343.329 988.548
7344.382 330.995
7345.435 324.474
7346.488 350.492
7347.541 280.194
7348.594 274.976
7349.647 313.136
7350.700 326.542
7351.753 330.314
7352.806 362.497
7353.859 359.337
7354.912 351.655
7355.965 356.613
7357.018 591.031
7358.071 1208.857
7359.124 1501.200
7360.177 977.867
7361.230 462.442
7362.283 327.116
7363.336 319.537
7364.389 340.382
7365.442 306.643
7366.495 280.494
7367.548 785.184
7368.601 2249.192
7369.654 2968.101
7370.707 2133.769
7371.760 875.150
7372.813 398.786
7373.866 354.571
7374.919 314.209
7375.972 269.812
7377.025 291.768
7378.079 312.373
7379.132 318.255
7380.185 300.758
7381.238 286.832
7382.291 301.663
7383.344 228.723
7384.397 245.254
7385.450 230.979
7386.503 235.689
7387.556 274.990
7388.609 255.205
7389.662 329.661
7390.715 576.194
7391.768 886.435
7392.821 945.234
7393.874 667.731
7394.927 376.711
7395.980 276.381
7397.033 282.482
7398.086 298.507
7399.139 288.040
7400.192 704.642
7401.245 1598.486
7402.298 1830.241
7403.351 1255.714
7404.404 585.843
7405.457 316.657
7406.510 273.019
7407.563 256.638
7408.616 272.322
7409.669 265.384
7410.722 263.128
7411.775 299.878
7412.828 307.325
7413.881 312.975
7414.934 286.787
7415.987 274.083
7417.040 281.352
7418.093 291.690
7419.146 237.885
7420.199 288.102
7421.252 233.833
7422.305 188.217
7423.358 257.658
7424.411 231.340
7425.464 216.568
7426.517 270.466
7427.570 274.846
7428.623 431.540
7429.676 646.293
7430.729 669.287
7431.782 369.013
7432.835 258.465
7433.888 247.151
7434.941 300.964
7435.994 305.155
7437.047 575.505
7438.100 942.035
7439.153 1029.804
7440.206 729.360
7441.259 350.824
7442.312 278.041
7443.365 245.156
7444.418 270.874
7445.471 243.653
7446.524 224.783
7447.577 276.156
7448.630 253.681
7449.683 232.224
7450.736 275.715
7451.789 252.068
7452.842 231.679
7453.895 231.294
7454.948 213.836
7456.001 258.476
7457.054 201.448
7458.107 225.876
7459.160 248.464
7460.214 273.633
7461.267 283.893
7462.320 353.460
7463.373 413.640
7464.426 361.475
7465.479 377.014
7466.532 489.529
7467.585 532.793
7468.638 455.426
7469.691 367.220
7470.744 442.325
7471.797 571.423
7472.850 716.864
7473.903 827.436
7474.956 820.549
7476.009 632.469
7477.062 359.677
7478.115 374.599
7479.168 588.648
7480.221 595.287
7481.274 595.229
7482.327 595.163
7483.380 595.101
7484.433 595.047
7485.486 594.984
