5329.969 1719.210
5331.022 1598.406
5332.075 1269.314
5333.128 1018.051
5334.181 1099.772
5335.234 1011.887
5336.287 1052.036
5337.340 1099.653
5338.393 1069.614
5339.446 1035.343
5340.499 923.580
5341.552 1126.002
5342.605 978.317
5343.658 1048.820
5344.711 1054.957
5345.764 965.896
5346.817 1128.388
5347.870 948.102
5348.923 949.627
5349.976 1059.935
5351.029 1016.718
5352.082 1096.613
5353.135 991.895
5354.188 1075.872
5355.241 970.583
5356.294 1113.999
5357.347 1055.829
5358.400 998.982
5359.453 1099.835
5360.506 1022.479
5361.559 1062.486
5362.612 852.870
5363.665 1006.646
5364.718 1101.086
5365.771 1045.008
5366.824 924.329
5367.877 1127.679
5368.930 954.431
5369.983 1017.881
5371.036 868.526
5372.089 894.484
5373.142 1061.324
5374.195 975.037
5375.248 1086.744
5376.301 951.353
5377.354 1006.200
5378.407 1018.625
5379.460 954.509
5380.513 971.925
5381.566 984.895
5382.619 1011.980
5383.672 993.105
5384.725 883.131
5385.778 1039.058
5386.831 1064.514
5387.884 1028.889
5388.937 991.488
5389.990 1011.236
5391.043 974.080
5392.097 965.617
5393.150 1023.289
5394.203 929.347
5395.256 883.881
5396.309 972.390
5397.362 894.379
5398.415 955.189
5399.468 954.993
5400.521 966.645
5401.574 948.711
5402.627 927.938
5403.680 822.010
5404.733 811.745
5405.786 951.751
5406.839 833.188
5407.892 859.604
5408.945 955.895
5409.998 786.320
5411.051 847.023
5412.104 878.885
5413.157 979.852
5414.210 1008.832
5415.263 974.582
5416.316 898.018
5417.369 961.090
5418.422 1050.323
5419.475 1008.315
5420.528 967.196
5421.581 996.754
5422.634 909.460
5423.687 892.032
5424.740 941.626
5425.793 985.123
5426.846 822.260
5427.899 891.728
5428.952 1080.926
5430.005 833.633
5431.058 908.342
5432.111 789.427
5433.164 956.590
5434.217 955.443
5435.270 1088.197
5436.323 1045.898
5437.376 1098.695
5438.429 1072.089
5439.482 967.916
5440.535 905.049
5441.588 853.539
5442.641 937.407
5443.694 965.146
5444.747 887.450
5445.800 854.414
5446.853 959.462
5447.906 878.995
5448.959 855.352
5450.012 931.944
5451.065 936.654
5452.118 906.316
5453.171 950.131
5454.224 850.921
5455.277 939.272
5456.330 947.092
5457.383 893.945
5458.436 855.597
5459.489 878.246
5460.542 922.194
5461.595 968.473
5462.648 943.456
5463.701 943.338
5464.754 829.888
5465.807 824.659
5466.860 889.355
5467.913 764.526
5468.966 990.713
5470.019 903.567
5471.072 857.390
5472.125 928.127
5473.178 863.250
5474.231 948.774
5475.285 932.433
5476.338 810.282
5477.391 865.050
5478.444 938.548
5479.497 861.074
5480.550 979.815
5481.603 823.147
5482.656 927.980
5483.709 940.260
5484.762 916.491
5485.815 856.438
5486.868 882.130
5487.921 914.687
5488.974 853.387
5490.027 914.286
5491.080 875.113
5492.133 957.153
5493.186 900.560
5494.239 820.930
5495.292 962.028
5496.345 800.900
5497.398 900.224
5498.451 939.199
5499.504 986.146
5500.557 876.099
5501.610 859.212
5502.663 820.722
5503.716 899.309
5504.769 812.451
5505.822 868.059
5506.875 893.705
5507.928 837.702
5508.981 883.648
5510.034 962.278
5511.087 1016.314
5512.140 928.162
5513.193 919.665
5514.246 969.037
5515.299 1032.066
5516.352 758.612
5517.405 839.923
5518.458 933.535
5519.511 999.719
5520.564 1116.756
5521.617 942.037
5522.670 966.799
5523.723 916.152
5524.776 824.633
5525.829 966.162
5526.882 852.625
5527.935 765.041
5528.988 831.102
5530.041 783.876
5531.094 723.258
5532.147 892.221
5533.200 813.884
5534.253 805.951
5535.306 867.602
5536.359 784.211
5537.412 963.994
5538.465 820.262
5539.518 818.279
5540.571 996.836
5541.624 1084.778
5542.677 1030.291
5543.730 1000.074
5544.783 1071.731
5545.836 855.906
5546.889 849.723
5547.942 936.556
5548.995 953.795
5550.048 951.404
5551.101 907.690
5552.154 970.276
5553.207 883.453
5554.260 856.961
5555.313 866.968
5556.366 815.869
5557.419 904.841
5558.473 868.776
5559.526 890.235
5560.579 911.335
5561.632 903.562
5562.685 954.720
5563.738 1136.199
5564.791 1176.019
5565.844 810.400
5566.897 850.494
5567.950 876.747
5569.003 1003.483
5570.056 959.678
5571.109 884.033
5572.162 964.626
5573.215 819.614
5574.268 1079.245
5575.321 3583.927
5576.374 27903.288
5577.427 52702.651
5578.480 39032.717
5579.533 8287.013
5580.586 294.501
5581.639 1143.106
5582.692 886.202
5583.745 878.842
5584.798 915.136
5585.851 755.131
5586.904 879.279
5587.957 978.831
5589.010 1071.586
5590.063 1107.078
5591.116 849.449
5592.169 860.149
5593.222 862.714
5594.275 792.860
5595.328 932.602
5596.381 897.285
5597.434 971.055
5598.487 938.569
5599.540 874.810
5600.593 857.352
5601.646 911.510
5602.699 823.363
5603.752 825.265
5604.805 1082.970
5605.858 1117.595
5606.911 884.939
5607.964 783.803
5609.017 785.754
5610.070 811.074
5611.123 864.852
5612.176 861.477
5613.229 888.804
5614.282 835.080
5615.335 849.454
5616.388 831.318
5617.441 1019.594
5618.494 849.996
5619.547 894.480
5620.600 818.644
5621.653 886.614
5622.706 1017.103
5623.759 1160.921
5624.812 965.354
5625.865 919.378
5626.918 876.549
5627.971 861.692
5629.024 830.250
5630.077 657.294
5631.130 848.344
5632.183 794.625
5633.236 899.850
5634.289 833.565
5635.342 835.145
5636.395 847.803
5637.448 787.350
5638.501 854.964
5639.554 859.520
5640.608 824.848
5641.661 814.899
5642.714 757.475
5643.767 772.423
5644.820 971.073
5645.873 910.384
5646.926 888.963
5647.979 797.461
5649.032 867.319
5650.085 839.955
5651.138 728.391
5652.191 828.526
5653.244 812.114
5654.297 875.664
5655.350 788.066
5656.403 778.343
5657.456 786.388
5658.509 687.008
5659.562 699.169
5660.615 907.497
5661.668 853.997
5662.721 807.981
5663.774 783.247
5664.827 879.032
5665.880 813.233
5666.933 833.058
5667.986 762.870
5669.039 800.444
5670.092 862.417
5671.145 857.692
5672.198 754.153
5673.251 890.562
5674.304 824.875
5675.357 819.572
5676.410 850.732
5677.463 831.098
5678.516 764.678
5679.569 845.780
5680.622 817.507
5681.675 833.182
5682.728 868.602
5683.781 805.454
5684.834 771.069
5685.887 845.583
5686.940 747.302
5687.993 918.448
5689.046 796.517
5690.099 957.133
5691.152 886.862
5692.205 879.576
5693.258 756.493
5694.311 919.814
5695.364 898.661
5696.417 893.056
5697.470 806.691
5698.523 875.063
5699.576 801.617
5700.629 880.408
5701.682 820.721
5702.735 901.609
5703.788 906.808
5704.841 883.279
5705.894 945.416
5706.947 847.233
5708.000 916.705
5709.053 825.137
5710.106 820.041
5711.159 756.305
5712.212 826.223
5713.265 759.212
5714.318 785.492
5715.371 810.982
5716.424 843.847
5717.477 725.704
5718.530 790.476
5719.583 892.554
5720.636 828.559
5721.689 748.554
5722.742 900.201
5723.796 907.415
5724.849 818.323
5725.902 824.465
5726.955 894.074
5728.008 855.620
5729.061 783.139
5730.114 681.271
5731.167 778.436
5732.220 884.914
5733.273 837.862
5734.326 797.836
5735.379 843.789
5736.432 776.392
5737.485 846.227
5738.538 715.289
5739.591 753.799
5740.644 889.902
5741.697 757.913
5742.750 782.289
5743.803 810.581
5744.856 881.332
5745.909 824.172
5746.962 811.847
5748.015 847.086
5749.068 775.348
5750.121 769.058
5751.174 868.557
5752.227 857.541
5753.280 742.540
5754.333 823.593
5755.386 784.158
5756.439 741.006
5757.492 884.237
5758.545 855.198
5759.598 810.381
5760.651 737.880
5761.704 708.006
5762.757 666.433
5763.810 888.732
5764.863 797.059
5765.916 663.702
5766.969 848.276
5768.022 833.565
5769.075 807.219
5770.128 734.262
5771.181 766.729
5772.234 811.977
5773.287 751.338
5774.340 718.619
5775.393 781.252
5776.446 753.391
5777.499 791.795
5778.552 809.075
5779.605 738.989
5780.658 820.903
5781.711 777.184
5782.764 777.119
5783.817 690.046
5784.870 761.300
5785.923 746.806
5786.976 781.870
5788.029 747.342
5789.082 855.127
5790.135 787.796
5791.188 690.684
5792.241 661.321
5793.294 779.554
5794.347 869.994
5795.400 715.072
5796.453 716.888
5797.506 776.781
5798.559 685.584
5799.612 811.828
5800.665 841.425
5801.718 780.470
5802.771 774.616
5803.824 819.057
5804.877 760.976
5805.931 725.534
5806.984 827.790
5808.037 652.931
5809.090 797.702
5810.143 771.658
5811.196 767.577
5812.249 831.859
5813.302 809.791
5814.355 775.132
5815.408 759.380
5816.461 774.304
5817.514 801.741
5818.567 794.743
5819.620 878.217
5820.673 762.606
5821.726 793.509
5822.779 797.457
5823.832 806.791
5824.885 764.904
5825.938 806.527
5826.991 787.753
5828.044 792.032
5829.097 811.756
5830.150 922.526
5831.203 834.566
5832.256 777.127
5833.309 822.095
5834.362 778.303
5835.415 836.942
5836.468 927.342
5837.521 750.437
5838.574 791.019
5839.627 769.126
5840.680 792.236
5841.733 858.085
5842.786 751.579
5843.839 791.197
5844.892 721.551
5845.945 723.029
5846.998 806.899
5848.051 800.259
5849.104 766.875
5850.157 772.240
5851.210 760.981
5852.263 728.403
5853.316 777.636
5854.369 717.064
5855.422 714.349
5856.475 804.268
5857.528 756.949
5858.581 744.262
5859.634 725.946
5860.687 730.083
5861.740 745.891
5862.793 748.598
5863.846 811.426
5864.899 1081.005
5865.952 1288.911
5867.005 1377.941
5868.058 1371.274
5869.111 1165.792
5870.164 943.266
5871.217 914.469
5872.270 817.260
5873.323 874.443
5874.376 880.881
5875.429 955.540
5876.482 910.780
5877.535 1511.497
5878.588 2889.109
5879.641 3144.739
5880.694 1773.237
5881.747 807.734
5882.800 774.875
5883.853 701.784
5884.906 795.711
5885.959 749.673
5887.012 1280.908
5888.065 2022.043
5889.119 5099.520
5890.172 6641.887
5891.225 4711.695
5892.278 1246.903
5893.331 857.085
5894.384 1612.236
5895.437 3889.817
5896.490 4105.771
5897.543 2432.235
5898.596 833.764
5899.649 842.368
5900.702 794.381
5901.755 701.484
5902.808 801.613
5903.861 857.705
5904.914 795.118
5905.967 917.282
5907.020 986.412
5908.073 846.412
5909.126 747.326
5910.179 807.903
5911.232 805.191
5912.285 754.336
5913.338 837.396
5914.391 1195.362
5915.444 1559.517
5916.497 1303.853
5917.550 866.513
5918.603 759.195
5919.656 731.753
5920.709 709.469
5921.762 718.706
5922.815 786.725
5923.868 923.844
5924.921 985.214
5925.974 1002.624
5927.027 788.046
5928.080 748.160
5929.133 904.877
5930.186 798.244
5931.239 803.414
5932.292 1318.455
5933.345 1628.384
5934.398 1208.272
5935.451 737.388
5936.504 830.537
5937.557 795.743
5938.610 733.170
5939.663 792.745
5940.716 680.225
5941.769 701.595
5942.822 745.034
5943.875 831.058
5944.928 857.669
5945.981 1108.120
5947.034 996.142
5948.087 802.425
5949.140 730.927
5950.193 695.990
5951.246 742.259
5952.299 998.610
5953.352 1428.117
5954.405 1187.833
5955.458 861.078
5956.511 676.175
5957.564 733.002
5958.617 844.243
5959.670 856.723
5960.723 796.074
5961.776 751.112
5962.829 765.194
5963.882 780.505
5964.935 754.249
5965.988 739.770
5967.041 800.007
5968.094 691.379
5969.147 771.680
5970.200 983.737
5971.254 929.676
5972.307 700.163
5973.360 812.677
5974.413 730.171
5975.466 751.025
5976.519 1006.575
5977.572 1077.112
5978.625 873.244
5979.678 756.412
5980.731 751.799
5981.784 713.094
5982.837 780.118
5983.890 748.816
5984.943 748.503
5985.996 691.517
5987.049 672.260
5988.102 696.001
5989.155 728.963
5990.208 775.201
5991.261 678.945
5992.314 644.145
5993.367 641.944
5994.420 773.157
5995.473 703.525
5996.526 738.404
5997.579 815.612
5998.632 710.774
5999.685 701.497
6000.738 701.387
6001.791 689.400
6002.844 791.533
6003.897 878.608
6004.950 726.518
6006.003 622.707
6007.056 652.396
6008.109 605.796
6009.162 623.773
6010.215 736.792
6011.268 677.876
6012.321 671.473
6013.374 673.547
6014.427 659.309
6015.480 582.751
6016.533 628.112
6017.586 631.784
6018.639 606.849
6019.692 670.060
6020.745 609.474
6021.798 651.017
6022.851 657.032
6023.904 627.753
6024.957 682.914
6026.010 631.182
6027.063 695.840
6028.116 598.941
6029.169 664.364
6030.222 608.856
6031.275 665.555
6032.328 596.456
6033.381 774.629
6034.434 668.744
6035.487 593.272
6036.540 654.472
6037.593 628.632
6038.646 580.723
6039.699 625.285
6040.752 636.540
6041.805 605.407
6042.858 595.427
6043.911 557.110
6044.964 572.323
6046.017 631.362
6047.070 692.667
6048.123 603.719
6049.176 606.856
6050.229 580.667
6051.282 597.459
6052.335 660.941
6053.388 624.684
6054.442 656.518
6055.495 627.547
6056.548 642.382
6057.601 566.041
6058.654 623.096
6059.707 622.146
6060.760 628.680
6061.813 595.436
6062.866 647.136
6063.919 662.383
6064.972 618.495
6066.025 609.110
6067.078 650.198
6068.131 609.176
6069.184 609.381
6070.237 506.962
6071.290 628.133
6072.343 660.840
6073.396 561.435
6074.449 631.904
6075.502 598.717
6076.555 610.254
6077.608 569.067
6078.661 612.106
6079.714 600.573
6080.767 564.639
6081.820 576.861
6082.873 542.997
6083.926 490.933
6084.979 517.975
6086.032 597.927
6087.085 650.982
6088.138 588.267
6089.191 578.771
6090.244 570.183
6091.297 578.670
6092.350 548.617
6093.403 485.782
6094.456 559.922
6095.509 575.188
6096.562 661.642
6097.615 556.527
6098.668 605.597
6099.721 607.607
6100.774 572.575
6101.827 575.896
6102.880 519.993
6103.933 526.338
6104.986 544.624
6106.039 656.020
6107.092 634.142
6108.145 579.866
6109.198 552.167
6110.251 488.196
6111.304 493.347
6112.357 607.392
6113.410 521.315
6114.463 596.462
6115.516 552.063
6116.569 580.351
6117.622 560.585
6118.675 587.605
6119.728 518.687
6120.781 589.379
6121.834 546.250
6122.887 500.213
6123.940 560.629
6124.993 597.460
6126.046 530.005
6127.099 542.475
6128.152 566.693
6129.205 532.425
6130.258 569.487
6131.311 573.462
6132.364 509.494
6133.417 560.977
6134.470 511.331
6135.523 590.612
6136.577 604.202
6137.630 628.763
6138.683 671.551
6139.736 658.358
6140.789 627.935
6141.842 584.276
6142.895 691.164
6143.948 627.913
6145.001 682.578
6146.054 572.837
6147.107 588.193
6148.160 547.135
6149.213 554.024
6150.266 541.903
6151.319 555.031
6152.372 584.254
6153.425 511.539
6154.478 538.592
6155.531 897.102
6156.584 1261.614
6157.637 1419.004
6158.690 1087.961
6159.743 835.579
6160.796 521.417
6161.849 503.363
6162.902 545.872
6163.955 543.031
6165.008 563.511
6166.061 499.440
6167.114 573.788
6168.167 570.284
6169.220 574.142
6170.273 854.636
6171.326 845.599
6172.379 680.122
6173.432 521.088
6174.485 620.005
6175.538 666.729
6176.591 644.401
6177.644 551.805
6178.697 536.906
6179.750 521.641
6180.803 475.123
6181.856 571.532
6182.909 570.329
6183.962 573.612
6185.015 529.765
6186.068 485.409
6187.121 470.385
6188.174 533.609
6189.227 483.417
6190.280 534.219
6191.333 503.435
6192.386 591.446
6193.439 550.225
6194.492 600.874
6195.545 565.718
6196.598 526.192
6197.651 549.361
6198.704 542.558
6199.757 461.584
6200.810 521.196
6201.863 690.813
6202.916 787.445
6203.969 692.852
6205.022 534.878
6206.075 509.204
6207.128 582.695
6208.181 507.607
6209.234 616.920
6210.287 557.648
6211.340 588.357
6212.393 549.400
6213.446 649.015
6214.499 570.762
6215.552 535.897
6216.605 574.350
6217.658 507.262
6218.711 521.550
6219.765 491.000
6220.818 776.232
6221.871 798.323
6222.924 833.638
6223.977 503.582
6225.030 513.218
6226.083 491.714
6227.136 550.399
6228.189 508.380
6229.242 485.122
6230.295 499.977
6231.348 531.378
6232.401 616.908
6233.454 794.144
6234.507 1187.793
6235.560 1593.339
6236.613 1542.300
6237.666 1027.097
6238.719 750.422
6239.772 784.401
6240.825 784.151
6241.878 843.622
6242.931 940.060
6243.984 754.907
6245.037 624.671
6246.090 549.331
6247.143 574.728
6248.196 577.265
6249.249 599.199
6250.302 596.652
6251.355 587.703
6252.408 456.463
6253.461 501.765
6254.514 573.771
6255.567 513.672
6256.620 918.674
6257.673 1752.233
6258.726 1610.052
6259.779 919.017
6260.832 556.269
6261.885 569.395
6262.938 597.228
6263.991 674.548
6265.044 904.196
6266.097 837.264
6267.150 668.908
6268.203 651.155
6269.256 685.651
6270.309 604.205
6271.362 568.163
6272.415 522.046
6273.468 553.145
6274.521 593.155
6275.574 663.932
6276.627 566.987
6277.680 535.777
6278.733 567.868
6279.786 516.593
6280.839 504.690
6281.892 445.537
6282.945 501.707
6283.998 493.886
6285.051 543.169
6286.104 849.553
6287.157 1398.736
6288.210 1461.749
6289.263 865.533
6290.316 594.618
6291.369 604.364
6292.422 531.907
6293.475 510.241
6294.528 548.473
6295.581 512.609
6296.634 851.427
6297.687 1173.134
6298.740 10350.937
6299.793 43765.374
6300.846 55078.327
6301.899 24447.531
6302.953 2333.358
6304.006 698.303
6305.059 880.759
6306.112 1311.543
6307.165 1713.191
6308.218 1276.285
6309.271 695.286
6310.324 553.189
6311.377 550.617
6312.430 536.143
6313.483 530.602
6314.536 681.154
6315.589 765.430
6316.642 792.848
6317.695 644.742
6318.748 518.956
6319.801 621.274
6320.854 850.907
6321.907 869.100
6322.960 666.198
6324.013 495.069
6325.066 519.804
6326.119 536.294
6327.172 585.517
6328.225 719.044
6329.278 1295.903
6330.331 1546.290
6331.384 985.890
6332.437 512.600
6333.490 473.284
6334.543 483.743
6335.596 526.419
6336.649 512.917
6337.702 558.496
6338.755 588.057
6339.808 542.239
6340.861 518.311
6341.914 546.944
6342.967 598.274
6344.020 550.595
6345.073 515.410
6346.126 498.871
6347.179 541.628
6348.232 732.270
6349.285 712.662
6350.338 623.665
6351.391 507.262
6352.444 497.538
6353.497 478.954
6354.550 534.839
6355.603 838.288
6356.656 1079.709
6357.709 888.285
6358.762 543.471
6359.815 515.775
6360.868 468.837
6361.921 2039.620
6362.974 11939.982
6364.027 17919.362
6365.080 12398.982
6366.133 1269.594
6367.186 595.648
6368.239 542.124
6369.292 407.286
6370.345 527.302
6371.398 501.356
6372.451 464.944
6373.504 526.812
6374.557 525.051
6375.610 536.790
6376.663 552.995
6377.716 501.946
6378.769 633.207
6379.822 580.182
6380.875 610.241
6381.928 492.527
6382.981 532.582
6384.034 468.923
6385.088 571.256
6386.141 692.069
6387.194 812.070
6388.247 569.319
6389.300 459.728
6390.353 488.841
6391.406 410.351
6392.459 496.209
6393.512 503.271
6394.565 478.254
6395.618 516.857
6396.671 475.433
6397.724 459.061
6398.777 479.960
6399.830 459.452
6400.883 433.474
6401.936 499.588
6402.989 508.877
6404.042 467.639
6405.095 486.980
6406.148 473.559
6407.201 448.039
6408.254 438.542
6409.307 442.204
6410.360 472.095
6411.413 480.312
6412.466 507.464
6413.519 515.738
6414.572 497.234
6415.625 477.527
6416.678 359.472
6417.731 415.465
6418.784 458.838
6419.837 557.010
6420.890 526.430
6421.943 524.477
6422.996 440.237
6424.049 382.623
6425.102 469.176
6426.155 501.226
6427.208 465.534
6428.261 395.208
6429.314 428.450
6430.367 456.565
6431.420 410.190
6432.473 456.199
6433.526 412.531
6434.579 419.346
6435.632 440.143
6436.685 429.317
6437.738 428.196
6438.791 388.982
6439.844 445.340
6440.897 500.625
6441.950 443.606
6443.003 404.914
6444.056 496.799
6445.109 458.402
6446.162 422.217
6447.215 402.630
6448.268 404.593
6449.321 394.263
6450.374 455.710
6451.427 508.153
6452.480 504.502
6453.533 578.182
6454.586 574.862
6455.639 568.353
6456.692 624.387
6457.745 556.106
6458.798 477.484
6459.851 374.578
6460.904 379.257
6461.957 498.340
6463.010 613.225
6464.063 805.186
6465.116 854.525
6466.169 937.289
6467.222 746.483
6468.276 452.353
6469.329 586.897
6470.382 878.695
6471.435 952.816
6472.488 691.550
6473.541 414.204
6474.594 414.907
6475.647 389.185
6476.700 437.023
6477.753 566.153
6478.806 539.349
6479.859 449.921
6480.912 428.043
6481.965 445.025
6483.018 462.409
6484.071 458.582
6485.124 410.948
6486.177 437.777
6487.230 357.034
6488.283 427.980
6489.336 411.187
6490.389 429.416
6491.442 408.481
6492.495 351.338
6493.548 449.852
6494.601 444.703
6495.654 404.103
6496.707 481.048
6497.760 1164.889
6498.813 1647.703
6499.866 1268.100
6500.919 582.260
6501.972 393.400
6503.025 482.383
6504.078 683.972
6505.131 821.310
6506.184 695.567
6507.237 509.174
6508.290 443.724
6509.343 428.744
6510.396 392.508
6511.449 443.428
6512.502 476.064
6513.555 470.457
6514.608 506.234
6515.661 445.639
6516.714 421.552
6517.767 403.061
6518.820 395.237
6519.873 372.616
6520.926 484.293
6521.979 668.705
6523.032 670.068
6524.085 534.223
6525.138 417.146
6526.191 413.944
6527.244 397.717
6528.297 409.014
6529.350 382.098
6530.403 350.925
6531.456 583.373
6532.509 1226.181
6533.562 1322.452
6534.615 860.234
6535.668 481.461
6536.721 435.300
6537.774 424.421
6538.827 410.641
6539.880 409.202
6540.933 452.319
6541.986 467.729
6543.039 592.486
6544.092 761.899
6545.145 630.532
6546.198 490.093
6547.251 420.133
6548.304 380.504
6549.357 439.643
6550.411 558.636
6551.464 566.079
6552.517 1029.511
6553.570 1551.775
6554.623 1256.708
6555.676 615.044
6556.729 386.840
6557.782 387.766
6558.835 419.509
6559.888 381.197
6560.941 385.732
6561.994 593.253
6563.047 1006.116
6564.100 1992.202
6565.153 15461.442
6566.206 43720.261
6567.259 42628.400
6568.312 17429.121
6569.365 1245.699
6570.418 796.445
6571.471 513.233
6572.524 417.726
6573.577 433.357
6574.630 431.087
6575.683 537.336
6576.736 1054.848
6577.789 1183.639
6578.842 771.202
6579.895 430.168
6580.948 405.486
6582.001 400.314
6583.054 430.418
6584.107 478.647
6585.160 617.042
6586.213 794.932
6587.266 831.769
6588.319 673.938
6589.372 488.454
6590.425 414.603
6591.478 387.863
6592.531 395.433
6593.584 368.093
6594.637 390.552
6595.690 510.511
6596.743 543.064
6597.796 475.213
6598.849 394.223
6599.902 385.620
6600.955 343.488
6602.008 374.468
6603.061 556.185
6604.114 791.045
6605.167 748.588
6606.220 497.715
6607.273 335.942
6608.326 360.526
6609.379 371.238
6610.432 375.377
6611.485 400.516
6612.538 442.797
6613.591 326.512
6614.644 302.290
6615.697 370.189
6616.750 367.654
6617.803 314.858
6618.856 392.168
6619.909 422.352
6620.962 363.292
6622.015 393.318
6623.068 347.448
6624.121 361.703
6625.174 385.754
6626.227 442.888
6627.280 499.025
6628.333 489.721
6629.386 423.824
6630.439 341.551
6631.492 330.307
6632.545 392.215
6633.599 507.213
6634.652 559.031
6635.705 453.220
6636.758 337.633
6637.811 359.825
6638.864 375.300
6639.917 367.603
6640.970 357.133
6642.023 381.480
6643.076 387.815
6644.129 348.810
6645.182 330.930
6646.235 373.383
6647.288 339.330
6648.341 375.106
6649.394 390.809
6650.447 351.310
6651.500 383.808
6652.553 382.378
6653.606 346.446
6654.659 356.582
6655.712 369.956
6656.765 370.480
6657.818 349.877
6658.871 350.179
6659.924 389.639
6660.977 424.961
6662.030 420.067
6663.083 325.956
6664.136 367.727
6665.189 430.018
6666.242 349.655
6667.295 363.303
6668.348 424.408
6669.401 371.747
6670.454 371.561
6671.507 376.026
6672.560 344.825
6673.613 328.885
6674.666 379.802
6675.719 356.418
6676.772 462.504
6677.825 319.355
6678.878 336.533
6679.931 376.110
6680.984 673.196
6682.037 814.971
6683.090 676.432
6684.143 399.569
6685.196 338.230
6686.249 393.612
6687.302 357.700
6688.355 344.388
6689.408 368.015
6690.461 457.963
6691.514 453.024
6692.567 357.370
6693.620 351.549
6694.673 370.523
6695.726 404.189
6696.779 350.007
6697.832 369.896
6698.885 390.088
6699.938 409.800
6700.991 378.433
6702.044 399.127
6703.097 348.961
6704.150 392.539
6705.203 417.541
6706.256 343.121
6707.309 365.105
6708.362 309.451
6709.415 354.765
6710.468 318.001
6711.521 401.164
6712.574 385.218
6713.627 387.556
6714.680 320.559
6715.734 349.976
6716.787 384.192
6717.840 551.408
6718.893 1062.986
6719.946 1506.556
6720.999 1373.428
6722.052 744.036
6723.105 370.358
6724.158 341.293
6725.211 348.081
6726.264 337.832
6727.317 432.584
6728.370 344.765
6729.423 346.837
6730.476 383.342
6731.529 444.646
6732.582 580.010
6733.635 912.229
6734.688 1186.340
6735.741 912.062
6736.794 473.938
6737.847 419.585
6738.900 383.420
6739.953 352.695
6741.006 311.372
6742.059 353.666
6743.112 369.371
6744.165 352.656
6745.218 373.243
6746.271 347.100
6747.324 322.179
6748.377 372.727
6749.430 380.894
6750.483 346.567
6751.536 337.989
6752.589 360.234
6753.642 319.694
6754.695 313.938
6755.748 291.453
6756.801 387.188
6757.854 340.257
6758.907 377.370
6759.960 307.486
6761.013 307.221
6762.066 342.454
6763.119 332.853
6764.172 363.197
6765.225 329.999
6766.278 372.491
6767.331 374.839
6768.384 365.325
6769.437 379.815
6770.490 318.516
6771.543 351.676
6772.596 355.029
6773.649 346.890
6774.702 349.299
6775.755 338.286
6776.808 350.838
6777.861 386.538
6778.914 358.556
6779.967 357.248
6781.020 348.834
6782.073 329.085
6783.126 362.403
6784.179 400.257
6785.232 371.930
6786.285 313.391
6787.338 343.907
6788.391 375.013
6789.444 347.519
6790.497 395.436
6791.550 362.228
6792.603 353.574
6793.656 321.973
6794.709 387.790
6795.762 387.832
6796.815 323.685
6797.868 355.917
6798.922 317.874
6799.975 329.776
6801.028 330.412
6802.081 315.912
6803.134 368.520
6804.187 333.094
6805.240 317.256
6806.293 330.727
6807.346 339.855
6808.399 331.155
6809.452 322.647
6810.505 289.397
6811.558 347.383
6812.611 347.415
6813.664 313.181
6814.717 363.036
6815.770 322.775
6816.823 362.444
6817.876 336.457
6818.929 354.082
6819.982 312.978
6821.035 330.440
6822.088 300.361
6823.141 299.039
6824.194 298.178
6825.247 285.197
6826.300 529.068
6827.353 879.430
6828.406 1373.382
6829.459 1756.262
6830.512 1328.980
6831.565 647.016
6832.618 633.763
6833.671 1418.144
6834.724 1685.955
6835.777 1149.725
6836.830 430.068
6837.883 382.825
6838.936 373.672
6839.989 434.798
6841.042 612.574
6842.095 686.545
6843.148 577.541
6844.201 394.013
6845.254 375.705
6846.307 353.480
6847.360 324.865
6848.413 389.928
6849.466 436.741
6850.519 431.691
6851.572 405.703
6852.625 356.308
6853.678 323.141
6854.731 355.266
6855.784 347.112
6856.837 332.345
6857.890 394.183
6858.943 326.394
6859.996 318.748
6861.049 390.325
6862.102 661.441
6863.155 2410.825
6864.208 2962.654
6865.261 1883.204
6866.314 473.720
6867.367 266.313
6868.420 314.678
6869.473 288.554
6870.526 418.285
6871.579 513.154
6872.632 360.718
6873.685 190.436
6874.738 212.419
6875.791 213.500
6876.844 226.697
6877.897 244.416
6878.950 320.790
6880.003 389.160
6881.056 657.639
6882.110 643.258
6883.163 396.272
6884.216 284.420
6885.269 256.156
6886.322 282.574
6887.375 288.052
6888.428 624.379
6889.481 797.739
6890.534 640.453
6891.587 388.134
6892.640 288.535
6893.693 305.405
6894.746 393.605
6895.799 338.036
6896.852 207.470
6897.905 254.230
6898.958 377.002
6900.011 596.802
6901.064 760.297
6902.117 632.647
6903.170 370.559
6904.223 340.317
6905.276 306.103
6906.329 273.984
6907.382 327.773
6908.435 276.956
6909.488 276.748
6910.541 337.514
6911.594 729.276
6912.647 1041.267
6913.700 864.050
6914.753 452.769
6915.806 281.227
6916.859 318.527
6917.912 306.467
6918.965 307.649
6920.018 318.036
6921.071 412.761
6922.124 983.683
6923.177 1704.126
6924.230 1460.731
6925.283 567.983
6926.336 351.097
6927.389 362.475
6928.442 329.853
6929.495 315.624
6930.548 315.188
6931.601 327.007
6932.654 320.830
6933.707 317.427
6934.760 338.754
6935.813 334.134
6936.866 312.035
6937.919 498.329
6938.972 870.311
6940.025 1029.850
6941.078 695.223
6942.131 322.885
6943.184 314.672
6944.237 313.435
6945.290 314.618
6946.343 272.400
6947.396 577.157
6948.449 1694.066
6949.502 2012.486
6950.555 1261.756
6951.608 475.539
6952.661 329.461
6953.714 394.621
6954.767 304.493
6955.820 361.557
6956.873 350.726
6957.926 345.227
6958.979 367.456
6960.032 330.857
6961.085 344.426
6962.138 338.305
6963.191 307.515
6964.245 332.635
6965.298 322.011
6966.351 383.694
6967.404 356.940
6968.457 431.694
6969.510 701.222
6970.563 782.986
6971.616 494.833
6972.669 330.715
6973.722 358.795
6974.775 347.023
6975.828 364.435
6976.881 514.058
6977.934 1072.242
6978.987 1272.370
6980.040 810.369
6981.093 370.418
6982.146 316.239
6983.199 388.138
6984.252 367.994
6985.305 363.201
6986.358 394.670
6987.411 371.401
6988.464 355.267
6989.517 368.098
6990.570 280.923
6991.623 347.112
6992.676 364.780
6993.729 333.187
6994.782 374.347
6995.835 434.078
6996.888 422.541
6997.941 344.071
6998.994 319.554
7000.047 346.925
7001.100 463.963
7002.153 629.096
7003.206 687.391
7004.259 623.139
7005.312 441.300
7006.365 294.632
7007.418 322.259
7008.471 295.404
7009.524 369.370
7010.577 623.909
7011.630 754.663
7012.683 629.611
7013.736 339.329
7014.789 305.021
7015.842 299.738
7016.895 348.367
7017.948 314.261
7019.001 324.047
7020.054 324.408
7021.107 326.497
7022.160 330.333
7023.213 294.367
7024.266 275.312
7025.319 314.620
7026.372 331.823
7027.425 303.236
7028.478 303.570
7029.531 328.685
7030.584 325.123
7031.637 329.516
7032.690 306.382
7033.743 316.873
7034.796 326.955
7035.849 328.173
7036.902 320.922
7037.955 328.026
7039.008 345.361
7040.061 388.401
7041.114 439.485
7042.167 457.983
7043.220 400.255
7044.273 329.179
7045.326 375.120
7046.379 416.968
7047.433 539.690
7048.486 622.691
7049.539 545.302
7050.592 427.356
7051.645 442.777
7052.698 414.604
7053.751 322.602
7054.804 363.998
7055.857 306.139
7056.910 304.550
7057.963 320.032
7059.016 351.119
7060.069 338.620
7061.122 327.880
7062.175 361.620
7063.228 389.024
7064.281 394.209
7065.334 394.501
7066.387 403.641
7067.440 438.259
7068.493 610.904
7069.546 744.412
7070.599 563.131
7071.652 397.006
7072.705 317.004
7073.758 386.395
7074.811 405.663
7075.864 324.757
7076.917 359.008
7077.970 417.488
7079.023 422.346
7080.076 354.234
7081.129 343.764
7082.182 417.694
7083.235 419.764
7084.288 407.849
7085.341 343.433
7086.394 340.669
7087.447 388.458
7088.500 476.832
7089.553 419.987
7090.606 364.541
7091.659 359.807
7092.712 313.425
7093.765 355.656
7094.818 363.420
7095.871 361.956
7096.924 322.577
7097.977 314.144
7099.030 346.405
7100.083 338.011
7101.136 306.098
7102.189 310.969
7103.242 315.318
7104.295 306.526
7105.348 329.504
7106.401 314.091
7107.454 346.084
7108.507 297.923
7109.560 337.775
7110.613 338.603
7111.666 306.003
7112.719 330.522
7113.772 325.562
7114.825 309.143
7115.878 309.973
7116.931 303.877
7117.984 319.814
7119.037 357.874
7120.090 344.176
7121.143 304.092
7122.196 311.559
7123.249 348.759
7124.302 340.692
7125.355 297.025
7126.408 353.437
7127.461 406.265
7128.514 412.260
7129.568 330.996
7130.621 334.053
7131.674 355.263
7132.727 396.073
7133.780 373.405
7134.833 322.024
7135.886 307.713
7136.939 322.420
7137.992 481.461
7139.045 918.609
7140.098 1254.553
7141.151 1048.127
7142.204 508.695
7143.257 375.045
7144.310 434.662
7145.363 403.357
7146.416 424.229
7147.469 406.110
7148.522 413.350
7149.575 361.728
7150.628 334.259
7151.681 324.199
7152.734 348.192
7153.787 322.778
7154.840 304.504
7155.893 349.395
7156.946 356.187
7157.999 340.506
7159.052 377.897
7160.105 421.374
7161.158 369.287
7162.211 332.288
7163.264 334.442
7164.317 309.537
7165.370 358.876
7166.423 366.697
7167.476 307.427
7168.529 325.631
7169.582 325.075
7170.635 321.679
7171.688 317.495
7172.741 346.580
7173.794 393.329
7174.847 349.385
7175.900 348.298
7176.953 354.496
7178.006 331.678
7179.059 321.361
7180.112 353.401
7181.165 397.406
7182.218 381.909
7183.271 305.778
7184.324 293.405
7185.377 287.016
7186.430 301.866
7187.483 261.522
7188.536 282.119
7189.589 340.903
7190.642 289.000
7191.695 248.847
7192.748 276.782
7193.801 304.949
7194.854 306.292
7195.907 323.377
7196.960 331.129
7198.013 263.808
7199.066 261.828
7200.119 335.811
7201.172 292.123
7202.225 296.551
7203.278 330.012
7204.331 294.471
7205.384 269.903
7206.437 244.565
7207.490 307.296
7208.543 360.410
7209.596 282.467
7210.649 313.744
7211.702 287.495
7212.756 268.353
7213.809 317.634
7214.862 263.372
7215.915 307.447
7216.968 287.511
7218.021 293.127
7219.074 310.522
7220.127 309.294
7221.180 355.856
7222.233 367.225
7223.286 314.297
7224.339 289.133
7225.392 352.530
7226.445 373.048
7227.498 306.151
7228.551 318.150
7229.604 352.971
7230.657 344.084
7231.710 290.132
7232.763 367.814
7233.816 381.371
7234.869 356.410
7235.922 338.253
7236.975 503.008
7238.028 1062.649
7239.081 2151.744
7240.134 2840.092
7241.187 2535.937
7242.240 1625.044
7243.293 1302.149
7244.346 2336.261
7245.399 2890.390
7246.452 2056.851
7247.505 909.121
7248.558 469.144
7249.611 348.194
7250.664 378.468
7251.717 566.234
7252.770 829.599
7253.823 960.860
7254.876 716.692
7255.929 529.114
7256.982 438.485
7258.035 317.374
7259.088 353.085
7260.141 355.571
7261.194 275.835
7262.247 371.992
7263.300 381.250
7264.353 363.128
7265.406 315.517
7266.459 350.728
7267.512 425.666
7268.565 447.241
7269.618 411.763
7270.671 418.507
7271.724 362.347
7272.777 337.520
7273.830 588.440
7274.883 2046.194
7275.936 4101.614
7276.989 4345.409
7278.042 2440.028
7279.095 670.317
7280.148 399.820
7281.201 468.720
7282.254 609.702
7283.307 1222.963
7284.360 1831.531
7285.413 1770.234
7286.466 1027.445
7287.519 444.792
7288.572 320.315
7289.625 314.500
7290.678 392.993
7291.731 441.226
7292.784 364.050
7293.837 410.250
7294.891 609.626
7295.944 760.662
7296.997 623.657
7298.050 439.825
7299.103 319.922
7300.156 333.724
7301.209 334.550
7302.262 661.024
7303.315 1110.727
7304.368 1175.234
7305.421 778.003
7306.474 448.596
7307.527 390.148
7308.580 351.532
7309.633 367.730
7310.686 413.429
7311.739 404.484
7312.792 360.445
7313.845 437.355
7314.898 1560.923
7315.951 3243.411
7317.004 3392.906
7318.057 1703.158
7319.110 569.586
7320.163 340.555
7321.216 318.251
7322.269 383.695
7323.322 402.566
7324.375 395.265
7325.428 401.546
7326.481 387.089
7327.534 733.278
7328.587 1410.457
7329.640 1673.508
7330.693 1128.232
7331.746 556.003
7332.799 372.635
7333.852 404.447
7334.905 388.610
7335.958 296.074
7337.011 336.478
7338.064 343.269
7339.117 1162.488
7340.170 3103.352
7341.223 4103.033
7342.276 2798.756
7343.329 956.035
7344.382 470.983
7345.435 451.607
7346.488 413.240
7347.541 423.788
7348.594 344.778
7349.647 406.715
7350.700 381.145
7351.753 358.572
7352.806 353.869
7353.859 384.425
7354.912 397.693
7355.965 355.334
7357.018 663.238
7358.071 1243.542
7359.124 1398.272
7360.177 1033.776
7361.230 475.816
7362.283 371.081
7363.336 312.589
7364.389 374.043
7365.442 339.839
7366.495 332.811
7367.548 928.726
7368.601 2334.716
7369.654 3043.163
7370.707 2111.010
7371.760 891.368
7372.813 435.971
7373.866 358.950
7374.919 436.453
7375.972 344.393
7377.025 287.258
7378.079 343.255
7379.132 346.631
7380.185 363.587
7381.238 349.864
7382.291 327.472
7383.344 346.996
7384.397 337.601
7385.450 292.908
7386.503 302.148
7387.556 356.389
7388.609 357.355
7389.662 384.063
7390.715 607.581
7391.768 985.152
7392.821 1062.432
7393.874 746.515
7394.927 462.344
7395.980 306.760
7397.033 324.808
7398.086 312.118
7399.139 324.943
7400.192 847.423
7401.245 1643.536
7402.298 1942.893
7403.351 1362.719
7404.404 623.338
7405.457 415.298
7406.510 325.294
7407.563 275.688
7408.616 350.920
7409.669 312.473
7410.722 256.646
7411.775 346.549
7412.828 347.688
7413.881 359.952
7414.934 343.120
7415.987 322.207
7417.040 315.209
7418.093 303.150
7419.146 350.770
7420.199 316.822
7421.252 267.543
7422.305 314.918
7423.358 290.511
7424.411 285.069
7425.464 274.232
7426.517 290.457
7427.570 304.009
7428.623 529.983
7429.676 667.637
7430.729 571.001
7431.782 444.051
7432.835 323.553
7433.888 254.653
7434.941 281.615
7435.994 366.687
7437.047 584.560
7438.100 1030.346
7439.153 1055.862
7440.206 724.595
7441.259 438.894
7442.312 293.419
7443.365 301.470
7444.418 272.063
7445.471 256.304
7446.524 273.154
7447.577 276.953
7448.630 312.687
7449.683 294.999
7450.736 281.989
7451.789 294.086
7452.842 310.262
7453.895 265.997
7454.948 276.317
7456.001 299.480
7457.054 304.217
7458.107 298.879
7459.160 291.457
7460.214 321.418
7461.267 349.088
7462.320 383.291
7463.373 447.360
7464.426 375.090
7465.479 458.755
7466.532 563.325
7467.585 576.071
7468.638 505.415
7469.691 458.714
7470.744 498.791
7471.797 637.545
7472.850 817.075
7473.903 928.404
7474.956 875.354
7476.009 590.765
7477.062 426.144
7478.115 349.009
7479.168 663.044
7480.221 832.177
7481.274 832.165
7482.327 832.151
7483.380 832.135
7484.433 832.125
7485.486 832.113
