5329.969 2346.853
5331.022 2286.554
5332.075 1985.900
5333.128 1731.674
5334.181 1982.596
5335.234 1819.069
5336.287 1846.613
5337.340 1704.515
5338.393 1803.844
5339.446 1673.091
5340.499 1837.820
5341.552 1789.435
5342.605 1889.669
5343.658 1851.623
5344.711 1877.029
5345.764 1821.460
5346.817 1889.562
5347.870 1942.022
5348.923 1796.599
5349.976 1717.984
5351.029 1744.823
5352.082 1732.069
5353.135 1854.740
5354.188 1869.504
5355.241 1807.608
5356.294 1892.712
5357.347 1741.568
5358.400 1844.175
5359.453 1794.490
5360.506 1906.516
5361.559 1741.620
5362.612 1753.563
5363.665 1744.728
5364.718 1692.467
5365.771 1708.835
5366.824 1785.146
5367.877 1741.431
5368.930 1812.649
5369.983 1755.123
5371.036 1684.172
5372.089 1649.585
5373.142 1752.100
5374.195 1613.467
5375.248 1829.561
5376.301 1870.460
5377.354 1754.914
5378.407 1798.618
5379.460 1828.692
5380.513 1694.917
5381.566 1789.516
5382.619 1785.633
5383.672 1770.544
5384.725 1711.591
5385.778 1831.141
5386.831 1878.334
5387.884 1674.538
5388.937 1734.902
5389.990 1773.598
5391.043 1644.596
5392.097 1646.073
5393.150 1754.142
5394.203 1775.826
5395.256 1696.452
5396.309 1654.230
5397.362 1730.063
5398.415 1589.591
5399.468 1637.596
5400.521 1702.012
5401.574 1596.014
5402.627 1807.256
5403.680 1704.382
5404.733 1616.087
5405.786 1698.469
5406.839 1707.387
5407.892 1737.649
5408.945 1669.348
5409.998 1730.993
5411.051 1831.931
5412.104 1650.505
5413.157 1771.319
5414.210 1605.474
5415.263 1731.005
5416.316 1684.288
5417.369 1689.078
5418.422 1599.342
5419.475 1636.144
5420.528 1811.054
5421.581 1681.412
5422.634 1704.992
5423.687 1627.131
5424.740 1737.509
5425.793 1729.892
5426.846 1753.102
5427.899 1690.190
5428.952 1604.471
5430.005 1793.239
5431.058 1686.375
5432.111 1663.275
5433.164 1635.977
5434.217 1651.511
5435.270 1644.457
5436.323 1858.984
5437.376 1804.780
5438.429 1656.632
5439.482 1579.868
5440.535 1699.912
5441.588 1549.438
5442.641 1610.537
5443.694 1827.025
5444.747 1624.061
5445.800 1593.897
5446.853 1575.560
5447.906 1692.945
5448.959 1620.763
5450.012 1499.046
5451.065 1531.062
5452.118 1677.931
5453.171 1753.952
5454.224 1731.300
5455.277 1653.705
5456.330 1564.438
5457.383 1711.134
5458.436 1623.239
5459.489 1675.701
5460.542 1651.301
5461.595 1680.218
5462.648 1742.594
5463.701 1711.892
5464.754 1633.134
5465.807 1760.794
5466.860 1557.474
5467.913 1727.827
5468.966 1699.191
5470.019 1583.504
5471.072 1689.681
5472.125 1584.226
5473.178 1620.691
5474.231 1643.844
5475.285 1607.195
5476.338 1521.117
5477.391 1576.196
5478.444 1675.142
5479.497 1609.964
5480.550 1516.528
5481.603 1519.113
5482.656 1509.931
5483.709 1637.399
5484.762 1673.397
5485.815 1604.894
5486.868 1647.103
5487.921 1684.307
5488.974 1674.830
5490.027 1619.393
5491.080 1554.212
5492.133 1590.570
5493.186 1624.042
5494.239 1664.451
5495.292 1632.911
5496.345 1614.445
5497.398 1531.503
5498.451 1584.659
5499.504 1605.802
5500.557 1602.545
5501.610 1621.921
5502.663 1526.818
5503.716 1655.068
5504.769 1589.781
5505.822 1493.777
5506.875 1595.809
5507.928 1702.871
5508.981 1643.535
5510.034 1611.307
5511.087 1507.603
5512.140 1586.539
5513.193 1519.768
5514.246 1664.538
5515.299 1565.239
5516.352 1595.588
5517.405 1551.380
5518.458 1569.466
5519.511 1713.616
5520.564 1959.227
5521.617 1871.659
5522.670 1697.468
5523.723 1519.583
5524.776 1600.727
5525.829 1695.276
5526.882 1615.065
5527.935 1659.900
5528.988 1621.796
5530.041 1575.103
5531.094 1607.368
5532.147 1509.827
5533.200 1558.104
5534.253 1571.398
5535.306 1523.465
5536.359 1581.338
5537.412 1712.072
5538.465 1634.074
5539.518 1511.525
5540.571 1874.061
5541.624 1947.008
5542.677 1697.414
5543.730 1721.622
5544.783 1760.565
5545.836 1716.858
5546.889 1657.729
5547.942 1569.885
5548.995 1693.250
5550.048 1579.175
5551.101 1708.113
5552.154 1594.923
5553.207 1557.267
5554.260 1534.934
5555.313 1645.916
5556.366 1644.738
5557.419 1643.998
5558.473 1608.415
5559.526 1609.238
5560.579 1584.294
5561.632 1568.815
5562.685 1615.760
5563.738 1853.847
5564.791 1677.886
5565.844 1746.475
5566.897 1560.092
5567.950 1605.947
5569.003 1563.552
5570.056 1566.173
5571.109 1582.041
5572.162 1483.966
5573.215 1457.094
5574.268 1952.397
5575.321 2583.160
5576.374 29226.721
5577.427 51432.237
5578.480 40472.944
5579.533 6769.882
5580.586 1519.753
5581.639 1720.538
5582.692 1702.361
5583.745 1494.556
5584.798 1445.258
5585.851 1505.593
5586.904 1442.061
5587.957 1716.918
5589.010 1773.732
5590.063 1708.399
5591.116 1572.612
5592.169 1347.663
5593.222 1528.087
5594.275 1439.509
5595.328 1529.398
5596.381 1590.600
5597.434 1617.949
5598.487 1577.932
5599.540 1488.274
5600.593 1530.903
5601.646 1414.249
5602.699 1388.209
5603.752 1610.703
5604.805 1768.806
5605.858 1828.718
5606.911 1621.213
5607.964 1582.476
5609.017 1529.387
5610.070 1596.048
5611.123 1537.003
5612.176 1660.113
5613.229 1547.532
5614.282 1570.255
5615.335 1445.277
5616.388 1621.968
5617.441 1588.492
5618.494 1560.358
5619.547 1415.089
5620.600 1514.641
5621.653 1540.277
5622.706 1597.935
5623.759 1762.764
5624.812 1648.574
5625.865 1691.949
5626.918 1635.643
5627.971 1482.500
5629.024 1469.137
5630.077 1501.070
5631.130 1454.405
5632.183 1517.224
5633.236 1415.272
5634.289 1518.731
5635.342 1522.173
5636.395 1487.366
5637.448 1415.402
5638.501 1537.915
5639.554 1665.600
5640.608 1618.411
5641.661 1541.100
5642.714 1484.884
5643.767 1583.005
5644.820 1656.338
5645.873 1512.864
5646.926 1628.026
5647.979 1512.172
5649.032 1487.292
5650.085 1541.471
5651.138 1519.315
5652.191 1529.970
5653.244 1413.012
5654.297 1526.556
5655.350 1512.200
5656.403 1487.132
5657.456 1493.394
5658.509 1407.314
5659.562 1440.449
5660.615 1382.615
5661.668 1376.082
5662.721 1471.458
5663.774 1449.088
5664.827 1626.383
5665.880 1451.718
5666.933 1487.738
5667.986 1540.564
5669.039 1568.571
5670.092 1677.027
5671.145 1480.446
5672.198 1486.873
5673.251 1510.075
5674.304 1663.435
5675.357 1614.634
5676.410 1643.889
5677.463 1562.290
5678.516 1495.333
5679.569 1530.983
5680.622 1598.303
5681.675 1580.261
5682.728 1481.420
5683.781 1588.986
5684.834 1529.553
5685.887 1441.850
5686.940 1552.378
5687.993 1455.171
5689.046 1545.474
5690.099 1620.382
5691.152 1609.827
5692.205 1595.288
5693.258 1491.272
5694.311 1523.658
5695.364 1505.218
5696.417 1586.927
5697.470 1707.200
5698.523 1624.821
5699.576 1450.855
5700.629 1453.062
5701.682 1565.722
5702.735 1474.094
5703.788 1471.631
5704.841 1447.630
5705.894 1483.193
5706.947 1457.828
5708.000 1481.539
5709.053 1412.273
5710.106 1358.071
5711.159 1412.458
5712.212 1451.852
5713.265 1498.112
5714.318 1515.469
5715.371 1446.263
5716.424 1435.375
5717.477 1460.216
5718.530 1444.556
5719.583 1476.197
5720.636 1389.639
5721.689 1444.929
5722.742 1591.789
5723.796 1521.703
5724.849 1510.761
5725.902 1529.394
5726.955 1454.629
5728.008 1470.496
5729.061 1562.510
5730.114 1461.603
5731.167 1515.522
5732.220 1507.918
5733.273 1431.275
5734.326 1588.410
5735.379 1492.440
5736.432 1501.245
5737.485 1417.355
5738.538 1412.245
5739.591 1516.533
5740.644 1450.267
5741.697 1598.851
5742.750 1518.232
5743.803 1498.643
5744.856 1442.681
5745.909 1513.731
5746.962 1423.770
5748.015 1471.941
5749.068 1426.115
5750.121 1454.963
5751.174 1420.254
5752.227 1482.220
5753.280 1429.583
5754.333 1622.757
5755.386 1441.755
5756.439 1368.571
5757.492 1427.104
5758.545 1442.600
5759.598 1443.948
5760.651 1480.208
5761.704 1369.556
5762.757 1400.967
5763.810 1454.487
5764.863 1455.552
5765.916 1482.623
5766.969 1419.255
5768.022 1381.408
5769.075 1389.900
5770.128 1494.099
5771.181 1463.468
5772.234 1439.801
5773.287 1505.816
5774.340 1472.226
5775.393 1480.073
5776.446 1458.754
5777.499 1379.176
5778.552 1515.243
5779.605 1447.782
5780.658 1443.645
5781.711 1491.521
5782.764 1428.585
5783.817 1375.918
5784.870 1378.716
5785.923 1287.367
5786.976 1422.660
5788.029 1470.384
5789.082 1395.510
5790.135 1413.326
5791.188 1471.408
5792.241 1413.471
5793.294 1350.963
5794.347 1492.017
5795.400 1395.158
5796.453 1397.253
5797.506 1322.813
5798.559 1374.019
5799.612 1442.601
5800.665 1502.938
5801.718 1374.719
5802.771 1501.310
5803.824 1537.322
5804.877 1406.593
5805.931 1560.142
5806.984 1463.390
5808.037 1438.254
5809.090 1517.380
5810.143 1351.780
5811.196 1409.293
5812.249 1342.240
5813.302 1435.072
5814.355 1523.437
5815.408 1431.021
5816.461 1427.429
5817.514 1389.263
5818.567 1410.625
5819.620 1476.417
5820.673 1441.485
5821.726 1461.637
5822.779 1419.687
5823.832 1524.413
5824.885 1417.006
5825.938 1356.682
5826.991 1365.401
5828.044 1509.127
5829.097 1345.768
5830.150 1378.201
5831.203 1481.105
5832.256 1469.491
5833.309 1406.872
5834.362 1526.905
5835.415 1435.867
5836.468 1470.558
5837.521 1411.621
5838.574 1425.728
5839.627 1372.056
5840.680 1468.639
5841.733 1405.320
5842.786 1465.343
5843.839 1420.828
5844.892 1382.132
5845.945 1431.543
5846.998 1426.107
5848.051 1453.757
5849.104 1523.343
5850.157 1476.042
5851.210 1457.158
5852.263 1362.054
5853.316 1261.984
5854.369 1363.602
5855.422 1369.808
5856.475 1392.312
5857.528 1346.490
5858.581 1375.286
5859.634 1404.373
5860.687 1349.018
5861.740 1400.717
5862.793 1289.725
5863.846 1442.257
5864.899 1691.717
5865.952 1897.811
5867.005 1943.535
5868.058 1854.332
5869.111 1741.764
5870.164 1495.454
5871.217 1441.818
5872.270 1478.613
5873.323 1540.692
5874.376 1472.675
5875.429 1498.541
5876.482 1442.174
5877.535 4323.473
5878.588 10168.861
5879.641 11364.444
5880.694 5236.427
5881.747 1347.554
5882.800 1455.346
5883.853 1399.154
5884.906 1436.558
5885.959 1377.901
5887.012 1865.402
5888.065 2490.659
5889.119 5710.908
5890.172 6970.132
5891.225 4909.702
5892.278 1793.990
5893.331 1465.249
5894.384 2070.874
5895.437 4434.632
5896.490 4416.606
5897.543 2806.368
5898.596 1478.074
5899.649 1336.565
5900.702 1294.620
5901.755 1372.998
5902.808 1370.448
5903.861 1475.449
5904.914 1496.472
5905.967 1493.962
5907.020 1643.764
5908.073 1594.492
5909.126 1377.172
5910.179 1339.624
5911.232 1364.991
5912.285 1399.305
5913.338 1461.109
5914.391 1764.895
5915.444 2071.762
5916.497 1884.986
5917.550 1439.087
5918.603 1253.192
5919.656 1344.619
5920.709 1392.784
5921.762 1479.332
5922.815 1370.932
5923.868 1540.666
5924.921 1650.672
5925.974 1547.547
5927.027 1331.182
5928.080 1440.913
5929.133 1341.494
5930.186 1412.380
5931.239 1484.329
5932.292 1991.039
5933.345 2127.098
5934.398 1734.522
5935.451 1308.693
5936.504 1405.536
5937.557 1370.239
5938.610 1369.166
5939.663 1356.804
5940.716 1356.929
5941.769 1285.351
5942.822 1358.705
5943.875 1463.778
5944.928 1481.893
5945.981 1504.270
5947.034 1490.845
5948.087 1343.472
5949.140 1372.555
5950.193 1341.819
5951.246 1296.527
5952.299 1608.577
5953.352 1950.120
5954.405 1875.360
5955.458 1490.557
5956.511 1337.228
5957.564 1368.254
5958.617 1398.596
5959.670 1389.755
5960.723 1350.581
5961.776 1303.635
5962.829 1365.946
5963.882 1349.991
5964.935 1267.928
5965.988 1314.308
5967.041 1299.505
5968.094 1334.048
5969.147 1459.924
5970.200 1467.881
5971.254 1511.891
5972.307 1320.219
5973.360 1327.668
5974.413 1352.869
5975.466 1465.707
5976.519 1737.500
5977.572 1596.922
5978.625 1487.066
5979.678 1324.242
5980.731 1240.932
5981.784 1325.614
5982.837 1256.370
5983.890 1368.643
5984.943 1262.260
5985.996 1263.147
5987.049 1200.434
5988.102 1324.611
5989.155 1254.555
5990.208 1356.827
5991.261 1299.900
5992.314 1232.951
5993.367 1266.619
5994.420 1207.915
5995.473 1245.659
5996.526 1256.364
5997.579 1398.547
5998.632 1310.686
5999.685 1327.616
6000.738 1202.980
6001.791 1201.688
6002.844 1300.409
6003.897 1396.043
6004.950 1343.760
6006.003 1225.512
6007.056 1183.748
6008.109 1225.202
6009.162 1262.580
6010.215 1277.960
6011.268 1275.714
6012.321 1259.973
6013.374 1266.817
6014.427 1217.800
6015.480 1146.174
6016.533 1140.842
6017.586 1197.823
6018.639 1257.773
6019.692 1148.795
6020.745 1195.386
6021.798 1188.708
6022.851 1174.712
6023.904 1166.017
6024.957 1120.720
6026.010 1184.936
6027.063 1196.499
6028.116 1145.275
6029.169 1211.592
6030.222 1161.000
6031.275 1150.671
6032.328 1252.505
6033.381 1265.320
6034.434 1312.775
6035.487 1243.728
6036.540 1102.205
6037.593 1183.613
6038.646 1173.262
6039.699 1163.665
6040.752 1167.252
6041.805 1215.080
6042.858 1243.099
6043.911 1128.799
6044.964 1114.579
6046.017 1194.302
6047.070 1073.452
6048.123 1234.396
6049.176 1314.542
6050.229 1090.319
6051.282 1139.766
6052.335 1145.753
6053.388 1188.083
6054.442 1124.459
6055.495 1167.192
6056.548 1183.418
6057.601 1155.452
6058.654 1185.568
6059.707 1131.545
6060.760 1193.429
6061.813 1157.371
6062.866 1119.075
6063.919 1112.303
6064.972 1071.110
6066.025 1112.578
6067.078 1174.868
6068.131 1177.872
6069.184 1163.551
6070.237 1122.320
6071.290 1128.495
6072.343 1120.302
6073.396 1155.233
6074.449 1086.789
6075.502 1051.925
6076.555 1109.258
6077.608 1104.708
6078.661 1135.660
6079.714 1120.890
6080.767 1029.325
6081.820 1083.841
6082.873 1173.377
6083.926 1080.630
6084.979 1069.896
6086.032 1162.857
6087.085 1141.857
6088.138 1122.389
6089.191 1071.471
6090.244 1114.635
6091.297 1084.492
6092.350 1045.432
6093.403 1117.298
6094.456 1163.280
6095.509 1139.233
6096.562 1160.769
6097.615 1096.975
6098.668 1070.003
6099.721 1094.692
6100.774 1001.706
6101.827 1065.186
6102.880 1149.704
6103.933 1220.045
6104.986 1137.627
6106.039 1161.530
6107.092 1106.274
6108.145 1034.805
6109.198 1066.352
6110.251 1050.356
6111.304 1080.878
6112.357 1114.815
6113.410 1079.442
6114.463 1094.050
6115.516 1088.240
6116.569 990.856
6117.622 1114.174
6118.675 1103.820
6119.728 1091.581
6120.781 1126.691
6121.834 1027.571
6122.887 1084.851
6123.940 1103.528
6124.993 1104.818
6126.046 1024.686
6127.099 1063.258
6128.152 1092.508
6129.205 1067.353
6130.258 1021.726
6131.311 1076.986
6132.364 1052.493
6133.417 1027.448
6134.470 1103.487
6135.523 1057.994
6136.577 1116.332
6137.630 1136.961
6138.683 1164.977
6139.736 1126.051
6140.789 1096.171
6141.842 1015.325
6142.895 1119.203
6143.948 1150.844
6145.001 1209.366
6146.054 1117.388
6147.107 1060.989
6148.160 1018.302
6149.213 1115.974
6150.266 978.300
6151.319 1020.429
6152.372 1014.154
6153.425 1139.309
6154.478 1091.176
6155.531 1341.751
6156.584 1758.315
6157.637 1893.616
6158.690 1616.231
6159.743 1267.907
6160.796 1034.351
6161.849 1014.813
6162.902 1001.438
6163.955 964.235
6165.008 1014.944
6166.061 998.045
6167.114 1065.431
6168.167 1137.110
6169.220 1148.861
6170.273 1321.479
6171.326 1291.573
6172.379 1145.832
6173.432 1002.646
6174.485 951.964
6175.538 1086.330
6176.591 1128.123
6177.644 1061.739
6178.697 1036.414
6179.750 1000.565
6180.803 1022.385
6181.856 1118.059
6182.909 1075.794
6183.962 1089.360
6185.015 1010.423
6186.068 1067.106
6187.121 1044.503
6188.174 1044.956
6189.227 1083.419
6190.280 1042.403
6191.333 1027.729
6192.386 1070.397
6193.439 1079.283
6194.492 1087.556
6195.545 1019.245
6196.598 980.833
6197.651 1053.464
6198.704 1018.356
6199.757 1085.918
6200.810 991.172
6201.863 1228.789
6202.916 1258.641
6203.969 1180.355
6205.022 964.976
6206.075 981.294
6207.128 942.268
6208.181 1032.133
6209.234 1002.329
6210.287 1013.479
6211.340 1062.518
6212.393 1069.544
6213.446 1127.994
6214.499 1033.166
6215.552 1049.559
6216.605 1072.064
6217.658 1049.641
6218.711 1051.050
6219.765 1041.337
6220.818 1207.380
6221.871 1418.640
6222.924 1230.938
6223.977 1066.047
6225.030 1011.928
6226.083 1085.703
6227.136 1040.207
6228.189 1024.451
6229.242 1000.340
6230.295 986.461
6231.348 1012.910
6232.401 1000.121
6233.454 1306.648
6234.507 1577.403
6235.560 1959.991
6236.613 2012.552
6237.666 1572.096
6238.719 1193.360
6239.772 1191.115
6240.825 1211.028
6241.878 1256.664
6242.931 1301.937
6243.984 1228.375
6245.037 1124.965
6246.090 945.821
6247.143 1020.621
6248.196 1073.718
6249.249 1014.921
6250.302 982.651
6251.355 1024.233
6252.408 1021.697
6253.461 946.959
6254.514 1006.864
6255.567 984.408
6256.620 1420.037
6257.673 2115.523
6258.726 2050.388
6259.779 1253.327
6260.832 1030.043
6261.885 1012.095
6262.938 1042.734
6263.991 1125.991
6265.044 1415.040
6266.097 1378.412
6267.150 1182.174
6268.203 1140.384
6269.256 1101.633
6270.309 1008.482
6271.362 1056.072
6272.415 1032.629
6273.468 1027.410
6274.521 1051.545
6275.574 1059.218
6276.627 1091.865
6277.680 1037.613
6278.733 1016.777
6279.786 997.898
6280.839 1026.726
6281.892 1039.795
6282.945 1037.961
6283.998 1050.859
6285.051 976.894
6286.104 1314.894
6287.157 1860.228
6288.210 1922.951
6289.263 1360.110
6290.316 1030.041
6291.369 1016.978
6292.422 1025.657
6293.475 1034.024
6294.528 979.136
6295.581 987.976
6296.634 1549.869
6297.687 1212.316
6298.740 13457.781
6299.793 41953.826
6300.846 52655.242
6301.899 24044.574
6302.953 1784.929
6304.006 2104.432
6305.059 1742.331
6306.112 1909.589
6307.165 2134.815
6308.218 1734.408
6309.271 1067.651
6310.324 1020.156
6311.377 1047.642
6312.430 966.896
6313.483 1041.197
6314.536 1562.299
6315.589 2154.285
6316.642 1906.685
6317.695 1259.152
6318.748 917.503
6319.801 1031.773
6320.854 1254.269
6321.907 1304.278
6322.960 1108.079
6324.013 968.552
6325.066 1001.163
6326.119 1039.644
6327.172 1024.629
6328.225 1156.376
6329.278 1688.218
6330.331 1885.858
6331.384 1500.567
6332.437 992.175
6333.490 1022.772
6334.543 957.468
6335.596 918.874
6336.649 952.360
6337.702 990.159
6338.755 990.591
6339.808 946.801
6340.861 868.391
6341.914 997.482
6342.967 979.082
6344.020 1059.376
6345.073 1009.397
6346.126 996.559
6347.179 1048.274
6348.232 1153.923
6349.285 1247.379
6350.338 1055.577
6351.391 1007.623
6352.444 1065.053
6353.497 1032.091
6354.550 1079.076
6355.603 1394.267
6356.656 1497.547
6357.709 1332.034
6358.762 1026.751
6359.815 913.499
6360.868 1160.500
6361.921 2193.037
6362.974 12794.584
6364.027 17498.082
6365.080 11627.458
6366.133 2236.743
6367.186 1108.399
6368.239 1231.625
6369.292 983.153
6370.345 1049.626
6371.398 959.183
6372.451 975.128
6373.504 956.141
6374.557 903.791
6375.610 1008.784
6376.663 924.311
6377.716 951.089
6378.769 1093.400
6379.822 1057.212
6380.875 970.634
6381.928 973.728
6382.981 980.911
6384.034 924.108
6385.088 1030.785
6386.141 1243.989
6387.194 1174.126
6388.247 990.385
6389.300 947.464
6390.353 941.163
6391.406 957.275
6392.459 978.388
6393.512 936.288
6394.565 928.702
6395.618 947.822
6396.671 966.964
6397.724 888.151
6398.777 899.916
6399.830 981.485
6400.883 943.939
6401.936 913.031
6402.989 926.377
6404.042 942.551
6405.095 917.840
6406.148 912.257
6407.201 969.186
6408.254 894.633
6409.307 889.156
6410.360 970.460
6411.413 932.642
6412.466 945.005
6413.519 994.530
6414.572 957.348
6415.625 907.202
6416.678 917.425
6417.731 848.639
6418.784 974.906
6419.837 1063.895
6420.890 1029.817
6421.943 951.046
6422.996 939.559
6424.049 860.426
6425.102 872.732
6426.155 879.798
6427.208 928.189
6428.261 904.419
6429.314 879.207
6430.367 859.309
6431.420 861.938
6432.473 929.208
6433.526 920.131
6434.579 890.289
6435.632 813.922
6436.685 848.831
6437.738 900.445
6438.791 900.010
6439.844 927.678
6440.897 915.272
6441.950 923.050
6443.003 889.292
6444.056 892.517
6445.109 871.019
6446.162 919.098
6447.215 979.877
6448.268 883.356
6449.321 917.215
6450.374 955.416
6451.427 926.525
6452.480 1011.956
6453.533 1011.425
6454.586 1011.916
6455.639 1054.285
6456.692 1036.990
6457.745 978.112
6458.798 1011.785
6459.851 938.143
6460.904 852.768
6461.957 967.534
6463.010 1094.910
6464.063 1143.318
6465.116 1359.265
6466.169 1350.912
6467.222 1172.387
6468.276 886.899
6469.329 1053.407
6470.382 1348.388
6471.435 1387.797
6472.488 1078.376
6473.541 883.154
6474.594 893.803
6475.647 895.136
6476.700 986.093
6477.753 1005.792
6478.806 1017.280
6479.859 862.804
6480.912 858.495
6481.965 879.114
6483.018 901.606
6484.071 855.217
6485.124 939.627
6486.177 880.178
6487.230 893.462
6488.283 845.518
6489.336 934.651
6490.389 910.803
6491.442 822.391
6492.495 921.043
6493.548 934.523
6494.601 849.818
6495.654 854.152
6496.707 972.407
6497.760 1598.343
6498.813 2098.121
6499.866 1643.129
6500.919 1040.801
6501.972 889.636
6503.025 954.020
6504.078 1125.213
6505.131 1279.142
6506.184 1202.139
6507.237 968.029
6508.290 876.960
6509.343 883.559
6510.396 970.687
6511.449 975.678
6512.502 871.769
6513.555 951.387
6514.608 944.284
6515.661 927.101
6516.714 909.905
6517.767 942.775
6518.820 848.263
6519.873 913.216
6520.926 958.092
6521.979 1098.682
6523.032 1145.069
6524.085 966.616
6525.138 947.662
6526.191 914.179
6527.244 976.027
6528.297 922.584
6529.350 943.411
6530.403 930.146
6531.456 1111.525
6532.509 1669.796
6533.562 1860.336
6534.615 1300.052
6535.668 974.999
6536.721 891.551
6537.774 940.262
6538.827 1041.324
6539.880 979.090
6540.933 967.600
6541.986 995.240
6543.039 1142.012
6544.092 1324.186
6545.145 1237.831
6546.198 1009.025
6547.251 943.176
6548.304 1019.503
6549.357 959.655
6550.411 1131.250
6551.464 1518.709
6552.517 1947.974
6553.570 2228.053
6554.623 1824.002
6555.676 1099.526
6556.729 971.335
6557.782 962.889
6558.835 1008.478
6559.888 951.620
6560.941 1082.907
6561.994 1233.215
6563.047 2019.115
6564.100 3238.534
6565.153 64894.038
6566.206 173518.475
6567.259 175771.698
6568.312 54990.312
6569.365 2033.620
6570.418 1374.923
6571.471 944.276
6572.524 1021.620
6573.577 1035.288
6574.630 944.212
6575.683 1156.186
6576.736 1622.896
6577.789 1727.755
6578.842 1303.016
6579.895 928.044
6580.948 922.247
6582.001 1003.034
6583.054 1027.641
6584.107 949.875
6585.160 1037.793
6586.213 1810.017
6587.266 2704.532
6588.319 2279.127
6589.372 1185.059
6590.425 893.945
6591.478 920.696
6592.531 949.906
6593.584 880.382
6594.637 928.879
6595.690 1021.696
6596.743 1043.919
6597.796 980.502
6598.849 956.818
6599.902 869.229
6600.955 883.671
6602.008 860.540
6603.061 1063.466
6604.114 1258.455
6605.167 1229.937
6606.220 925.908
6607.273 872.320
6608.326 914.789
6609.379 837.329
6610.432 864.141
6611.485 875.694
6612.538 828.691
6613.591 865.638
6614.644 861.283
6615.697 795.328
6616.750 835.070
6617.803 848.790
6618.856 832.946
6619.909 876.076
6620.962 818.140
6622.015 792.254
6623.068 845.480
6624.121 861.102
6625.174 875.662
6626.227 857.061
6627.280 914.474
6628.333 972.900
6629.386 868.100
6630.439 834.887
6631.492 824.565
6632.545 873.167
6633.599 971.406
6634.652 1001.198
6635.705 942.403
6636.758 903.473
6637.811 823.250
6638.864 791.135
6639.917 819.111
6640.970 783.359
6642.023 790.703
6643.076 819.454
6644.129 812.584
6645.182 813.764
6646.235 823.786
6647.288 779.861
6648.341 770.960
6649.394 802.741
6650.447 814.690
6651.500 847.203
6652.553 855.687
6653.606 850.595
6654.659 834.604
6655.712 799.559
6656.765 819.954
6657.818 820.043
6658.871 800.707
6659.924 818.408
6660.977 836.839
6662.030 865.817
6663.083 840.573
6664.136 853.641
6665.189 792.421
6666.242 796.738
6667.295 818.149
6668.348 873.254
6669.401 825.072
6670.454 847.190
6671.507 840.624
6672.560 758.682
6673.613 776.692
6674.666 802.350
6675.719 753.307
6676.772 746.234
6677.825 757.744
6678.878 784.211
6679.931 933.737
6680.984 1842.960
6682.037 2850.624
6683.090 2170.495
6684.143 978.657
6685.196 782.805
6686.249 781.785
6687.302 840.144
6688.355 685.164
6689.408 192.734
6690.461 801.082
6691.514 799.584
6692.567 784.877
6693.620 785.947
6694.673 779.850
6695.726 802.616
6696.779 816.414
6697.832 818.550
6698.885 795.324
6699.938 808.550
6700.991 744.336
6702.044 765.872
6703.097 770.598
6704.150 867.000
6705.203 804.071
6706.256 781.445
6707.309 805.957
6708.362 743.864
6709.415 779.557
6710.468 772.368
6711.521 757.228
6712.574 761.482
6713.627 745.734
6714.680 808.108
6715.734 798.091
6716.787 800.995
6717.840 817.266
6718.893 1558.428
6719.946 3995.967
6720.999 3983.461
6722.052 1983.816
6723.105 878.098
6724.158 771.539
6725.211 791.022
6726.264 804.079
6727.317 764.515
6728.370 773.060
6729.423 740.519
6730.476 739.645
6731.529 813.555
6732.582 830.715
6733.635 1995.351
6734.688 3240.753
6735.741 2674.497
6736.794 1325.140
6737.847 745.393
6738.900 781.276
6739.953 751.365
6741.006 818.332
6742.059 812.349
6743.112 755.433
6744.165 815.135
6745.218 777.904
6746.271 823.301
6747.324 759.038
6748.377 775.859
6749.430 717.184
6750.483 712.764
6751.536 736.656
6752.589 747.388
6753.642 700.831
6754.695 738.514
6755.748 731.703
6756.801 694.488
6757.854 739.708
6758.907 759.803
6759.960 710.785
6761.013 720.844
6762.066 718.372
6763.119 703.937
6764.172 742.982
6765.225 746.511
6766.278 769.172
6767.331 743.024
6768.384 686.952
6769.437 706.283
6770.490 703.425
6771.543 692.959
6772.596 723.946
6773.649 755.407
6774.702 766.480
6775.755 762.500
6776.808 732.189
6777.861 719.732
6778.914 797.166
6779.967 730.134
6781.020 734.404
6782.073 742.749
6783.126 749.947
6784.179 784.945
6785.232 748.057
6786.285 757.964
6787.338 727.819
6788.391 738.663
6789.444 791.884
6790.497 761.384
6791.550 731.494
6792.603 738.272
6793.656 761.897
6794.709 690.798
6795.762 718.177
6796.815 716.884
6797.868 714.394
6798.922 705.382
6799.975 780.887
6801.028 689.374
6802.081 729.202
6803.134 709.378
6804.187 729.481
6805.240 719.184
6806.293 733.832
6807.346 685.887
6808.399 745.049
6809.452 765.087
6810.505 703.991
6811.558 762.833
6812.611 726.258
6813.664 687.758
6814.717 716.503
6815.770 719.107
6816.823 712.463
6817.876 700.981
6818.929 725.176
6819.982 713.636
6821.035 661.979
6822.088 703.593
6823.141 709.578
6824.194 707.555
6825.247 705.309
6826.300 925.480
6827.353 1241.325
6828.406 1835.650
6829.459 2099.922
6830.512 1740.806
6831.565 1027.706
6832.618 1018.832
6833.671 1756.675
6834.724 2069.120
6835.777 1408.858
6836.830 791.922
6837.883 759.032
6838.936 758.349
6839.989 744.145
6841.042 881.621
6842.095 1079.533
6843.148 924.645
6844.201 685.911
6845.254 673.658
6846.307 676.535
6847.360 732.427
6848.413 713.281
6849.466 714.055
6850.519 716.119
6851.572 773.201
6852.625 723.829
6853.678 707.573
6854.731 665.464
6855.784 703.953
6856.837 689.545
6857.890 706.240
6858.943 674.651
6859.996 650.182
6861.049 686.072
6862.102 1108.444
6863.155 2463.375
6864.208 3426.388
6865.261 2328.042
6866.314 670.178
6867.367 553.577
6868.420 448.828
6869.473 455.032
6870.526 631.317
6871.579 720.463
6872.632 609.421
6873.685 533.384
6874.738 506.451
6875.791 524.090
6876.844 519.431
6877.897 620.065
6878.950 637.402
6880.003 745.038
6881.056 987.878
6882.110 954.360
6883.163 741.116
6884.216 637.589
6885.269 622.444
6886.322 618.190
6887.375 692.636
6888.428 890.496
6889.481 1057.800
6890.534 907.287
6891.587 609.865
6892.640 600.999
6893.693 632.718
6894.746 701.789
6895.799 626.116
6896.852 567.361
6897.905 613.275
6898.958 664.280
6900.011 912.716
6901.064 1075.115
6902.117 880.278
6903.170 738.805
6904.223 623.201
6905.276 576.387
6906.329 676.913
6907.382 677.521
6908.435 645.766
6909.488 617.389
6910.541 666.819
6911.594 1090.636
6912.647 1446.235
6913.700 1231.440
6914.753 767.634
6915.806 641.692
6916.859 650.548
6917.912 601.285
6918.965 569.374
6920.018 658.221
6921.071 688.793
6922.124 1377.068
6923.177 2022.129
6924.230 1702.896
6925.283 956.157
6926.336 677.042
6927.389 680.049
6928.442 630.771
6929.495 668.177
6930.548 701.767
6931.601 690.539
6932.654 647.886
6933.707 709.078
6934.760 685.326
6935.813 622.616
6936.866 702.872
6937.919 777.420
6938.972 1244.648
6940.025 1317.164
6941.078 900.552
6942.131 734.698
6943.184 672.345
6944.237 620.660
6945.290 699.352
6946.343 651.964
6947.396 967.429
6948.449 1863.963
6949.502 2275.652
6950.555 1498.778
6951.608 706.518
6952.661 742.812
6953.714 674.821
6954.767 747.962
6955.820 657.713
6956.873 773.315
6957.926 738.926
6958.979 720.371
6960.032 715.067
6961.085 724.278
6962.138 653.619
6963.191 720.950
6964.245 724.254
6965.298 715.614
6966.351 785.420
6967.404 739.143
6968.457 784.130
6969.510 996.082
6970.563 1062.466
6971.616 867.661
6972.669 644.904
6973.722 690.563
6974.775 750.305
6975.828 713.206
6976.881 865.383
6977.934 1479.098
6978.987 1606.765
6980.040 1060.438
6981.093 716.716
6982.146 659.035
6983.199 665.142
6984.252 659.015
6985.305 681.113
6986.358 686.293
6987.411 691.268
6988.464 679.079
6989.517 695.936
6990.570 710.729
6991.623 666.057
6992.676 673.953
6993.729 713.381
6994.782 678.534
6995.835 688.520
6996.888 694.817
6997.941 705.425
6998.994 717.008
7000.047 673.041
7001.100 844.439
7002.153 972.709
7003.206 1007.057
7004.259 898.225
7005.312 774.038
7006.365 688.511
7007.418 626.068
7008.471 641.856
7009.524 716.038
7010.577 915.731
7011.630 1079.943
7012.683 950.667
7013.736 735.570
7014.789 643.303
7015.842 663.573
7016.895 649.793
7017.948 658.665
7019.001 634.984
7020.054 701.534
7021.107 666.153
7022.160 658.095
7023.213 643.645
7024.266 623.683
7025.319 622.818
7026.372 656.216
7027.425 665.952
7028.478 660.592
7029.531 707.618
7030.584 712.163
7031.637 658.855
7032.690 668.325
7033.743 679.303
7034.796 645.922
7035.849 655.063
7036.902 634.334
7037.955 598.680
7039.008 620.777
7040.061 753.552
7041.114 736.700
7042.167 712.625
7043.220 730.314
7044.273 704.759
7045.326 723.500
7046.379 785.781
7047.433 840.181
7048.486 888.858
7049.539 846.435
7050.592 767.800
7051.645 752.196
7052.698 708.574
7053.751 667.794
7054.804 670.501
7055.857 637.517
7056.910 715.204
7057.963 647.712
7059.016 623.620
7060.069 681.186
7061.122 668.030
7062.175 711.159
7063.228 729.084
7064.281 700.995
7065.334 698.962
7066.387 662.026
7067.440 907.122
7068.493 1532.712
7069.546 1913.738
7070.599 1473.191
7071.652 767.832
7072.705 674.619
7073.758 667.429
7074.811 721.659
7075.864 648.901
7076.917 652.640
7077.970 751.712
7079.023 657.782
7080.076 653.902
7081.129 722.037
7082.182 779.092
7083.235 766.178
7084.288 690.490
7085.341 673.252
7086.394 693.943
7087.447 723.899
7088.500 754.168
7089.553 731.966
7090.606 721.134
7091.659 737.573
7092.712 665.926
7093.765 632.081
7094.818 567.036
7095.871 649.986
7096.924 692.136
7097.977 665.891
7099.030 621.549
7100.083 632.246
7101.136 631.062
7102.189 671.936
7103.242 605.773
7104.295 591.452
7105.348 656.659
7106.401 648.591
7107.454 629.168
7108.507 593.609
7109.560 662.454
7110.613 653.855
7111.666 660.998
7112.719 643.176
7113.772 704.485
7114.825 662.747
7115.878 607.713
7116.931 628.375
7117.984 661.203
7119.037 630.320
7120.090 625.963
7121.143 632.779
7122.196 648.917
7123.249 669.969
7124.302 610.915
7125.355 582.291
7126.408 657.906
7127.461 713.524
7128.514 721.826
7129.568 621.906
7130.621 623.767
7131.674 683.399
7132.727 760.457
7133.780 669.711
7134.833 641.984
7135.886 620.842
7136.939 547.227
7137.992 1238.685
7139.045 3551.740
7140.098 5044.015
7141.151 3331.176
7142.204 1135.620
7143.257 777.466
7144.310 768.917
7145.363 765.779
7146.416 690.331
7147.469 718.733
7148.522 694.078
7149.575 701.083
7150.628 654.835
7151.681 658.039
7152.734 586.763
7153.787 617.759
7154.840 629.428
7155.893 654.660
7156.946 663.237
7157.999 669.033
7159.052 689.505
7160.105 680.443
7161.158 665.603
7162.211 693.374
7163.264 712.374
7164.317 672.409
7165.370 684.944
7166.423 653.001
7167.476 597.061
7168.529 625.998
7169.582 660.763
7170.635 659.755
7171.688 627.815
7172.741 632.508
7173.794 619.884
7174.847 662.898
7175.900 688.517
7176.953 659.445
7178.006 637.883
7179.059 618.539
7180.112 687.369
7181.165 677.264
7182.218 639.895
7183.271 660.069
7184.324 584.888
7185.377 545.289
7186.430 532.160
7187.483 481.704
7188.536 542.740
7189.589 590.841
7190.642 615.508
7191.695 567.315
7192.748 524.210
7193.801 542.678
7194.854 563.364
7195.907 567.908
7196.960 602.248
7198.013 612.584
7199.066 552.363
7200.119 551.909
7201.172 550.509
7202.225 604.060
7203.278 638.775
7204.331 588.889
7205.384 609.816
7206.437 593.105
7207.490 597.117
7208.543 562.071
7209.596 594.100
7210.649 626.837
7211.702 576.594
7212.756 586.136
7213.809 599.329
7214.862 582.652
7215.915 602.578
7216.968 566.050
7218.021 587.417
7219.074 591.928
7220.127 604.355
7221.180 687.069
7222.233 677.220
7223.286 643.607
7224.339 625.335
7225.392 651.825
7226.445 602.649
7227.498 601.522
7228.551 618.735
7229.604 601.053
7230.657 616.554
7231.710 616.427
7232.763 662.114
7233.816 636.047
7234.869 676.045
7235.922 627.454
7236.975 766.680
7238.028 1281.681
7239.081 2321.880
7240.134 2986.969
7241.187 2845.042
7242.240 1801.745
7243.293 1509.338
7244.346 2522.884
7245.399 3097.928
7246.452 2331.345
7247.505 1211.709
7248.558 737.831
7249.611 662.154
7250.664 710.138
7251.717 865.553
7252.770 1141.779
7253.823 1227.504
7254.876 970.600
7255.929 889.921
7256.982 754.427
7258.035 609.484
7259.088 651.206
7260.141 675.762
7261.194 626.281
7262.247 640.884
7263.300 682.329
7264.353 640.702
7265.406 598.081
7266.459 661.247
7267.512 706.716
7268.565 727.099
7269.618 710.352
7270.671 710.941
7271.724 680.745
7272.777 654.027
7273.830 750.387
7274.883 2287.912
7275.936 4480.200
7276.989 4650.215
7278.042 2611.618
7279.095 902.343
7280.148 717.154
7281.201 771.011
7282.254 794.243
7283.307 1463.578
7284.360 2226.965
7285.413 2260.182
7286.466 1396.135
7287.519 821.868
7288.572 635.833
7289.625 665.495
7290.678 654.599
7291.731 695.343
7292.784 635.354
7293.837 649.975
7294.891 888.665
7295.944 1064.130
7296.997 1001.508
7298.050 696.679
7299.103 614.667
7300.156 621.745
7301.209 609.701
7302.262 928.742
7303.315 1391.472
7304.368 1438.308
7305.421 1024.060
7306.474 697.469
7307.527 641.780
7308.580 630.049
7309.633 686.412
7310.686 730.204
7311.739 698.437
7312.792 655.547
7313.845 688.014
7314.898 1731.830
7315.951 3562.072
7317.004 3760.708
7318.057 1920.717
7319.110 802.258
7320.163 591.876
7321.216 631.678
7322.269 712.747
7323.322 891.775
7324.375 1012.083
7325.428 891.263
7326.481 671.200
7327.534 936.368
7328.587 1687.893
7329.640 1857.341
7330.693 1310.550
7331.746 838.365
7332.799 711.484
7333.852 932.897
7334.905 962.146
7335.958 812.464
7337.011 666.479
7338.064 542.362
7339.117 1408.521
7340.170 3383.382
7341.223 4473.118
7342.276 3161.319
7343.329 1214.484
7344.382 701.917
7345.435 699.226
7346.488 659.616
7347.541 616.635
7348.594 641.481
7349.647 678.469
7350.700 640.669
7351.753 667.477
7352.806 659.233
7353.859 581.160
7354.912 608.108
7355.965 584.781
7357.018 917.137
7358.071 1572.819
7359.124 1706.210
7360.177 1285.368
7361.230 797.842
7362.283 603.400
7363.336 626.608
7364.389 612.054
7365.442 579.359
7366.495 599.184
7367.548 1092.670
7368.601 2559.586
7369.654 3337.967
7370.707 2352.541
7371.760 1124.084
7372.813 692.593
7373.866 638.579
7374.919 657.114
7375.972 651.331
7377.025 618.869
7378.079 543.824
7379.132 561.895
7380.185 605.111
7381.238 549.822
7382.291 580.945
7383.344 570.655
7384.397 598.286
7385.450 548.041
7386.503 546.029
7387.556 557.347
7388.609 584.593
7389.662 653.728
7390.715 832.261
7391.768 1243.642
7392.821 1330.286
7393.874 1002.070
7394.927 725.945
7395.980 583.391
7397.033 569.163
7398.086 579.445
7399.139 558.930
7400.192 996.933
7401.245 1902.849
7402.298 2251.255
7403.351 1510.272
7404.404 787.714
7405.457 679.502
7406.510 580.643
7407.563 554.502
7408.616 551.562
7409.669 524.915
7410.722 606.103
7411.775 601.114
7412.828 614.787
7413.881 651.349
7414.934 580.383
7415.987 574.714
7417.040 594.770
7418.093 594.368
7419.146 560.442
7420.199 515.750
7421.252 548.775
7422.305 552.823
7423.358 554.880
7424.411 597.883
7425.464 565.067
7426.517 556.151
7427.570 626.736
7428.623 747.451
7429.676 966.916
7430.729 943.871
7431.782 712.108
7432.835 582.673
7433.888 577.410
7434.941 527.025
7435.994 572.060
7437.047 908.675
7438.100 1240.867
7439.153 1321.812
7440.206 1027.233
7441.259 718.462
7442.312 597.170
7443.365 573.592
7444.418 571.765
7445.471 518.568
7446.524 560.678
7447.577 579.853
7448.630 518.089
7449.683 542.263
7450.736 524.258
7451.789 570.437
7452.842 565.439
7453.895 576.130
7454.948 537.264
7456.001 513.664
7457.054 568.139
7458.107 610.233
7459.160 576.536
7460.214 553.904
7461.267 626.741
7462.320 687.603
7463.373 693.498
7464.426 623.659
7465.479 688.023
7466.532 846.106
7467.585 827.777
7468.638 743.837
7469.691 632.132
7470.744 674.952
7471.797 911.588
7472.850 991.256
7473.903 1166.980
7474.956 1151.238
7476.009 916.360
7477.062 701.227
7478.115 713.409
7479.168 774.219
7480.221 774.072
7481.274 773.924
7482.327 773.778
7483.380 773.627
7484.433 773.478
7485.486 773.328
