3561.035 1686.689
3562.213 2068.731
3563.392 1270.020
3564.571 1832.542
3565.750 1500.236
3566.929 1268.307
3568.108 1343.937
3569.286 1329.872
3570.465 1515.474
3571.644 1379.423
3572.823 1508.662
3574.002 1303.258
3575.180 1329.250
3576.359 1159.979
3577.538 1325.868
3578.717 1559.742
3579.896 1051.666
3581.075 1379.645
3582.253 1593.698
3583.432 1345.634
3584.611 1076.210
3585.790 1659.589
3586.969 1365.619
3588.147 1322.477
3589.326 1283.738
3590.505 1644.669
3591.684 1187.975
3592.863 1380.524
3594.042 1430.733
3595.220 1806.057
3596.399 1727.798
3597.578 1187.002
3598.757 1139.737
3599.936 1696.529
3601.114 1042.971
3602.293 1687.525
3603.472 1278.795
3604.651 1447.389
3605.830 1067.381
3607.009 1322.502
3608.187 1394.539
3609.366 1444.255
3610.545 1367.079
3611.724 1372.459
3612.903 1574.501
3614.081 1972.617
3615.260 1851.995
3616.439 1952.360
3617.618 1802.514
3618.797 1478.051
3619.976 1518.419
3621.154 1725.954
3622.333 1842.663
3623.512 1951.090
3624.691 1537.358
3625.870 1595.003
3627.048 1811.388
3628.227 1761.296
3629.406 1481.378
3630.585 1536.466
3631.764 1743.341
3632.943 1396.434
3634.121 2032.551
3635.300 2091.890
3636.479 2545.098
3637.658 2303.195
3638.837 2076.072
3640.015 1909.687
3641.194 1907.609
3642.373 1862.836
3643.552 1865.465
3644.731 1238.794
3645.910 1662.809
3647.088 1467.406
3648.267 1682.321
3649.446 1327.435
3650.625 1405.383
3651.804 1564.899
3652.982 1551.240
3654.161 1541.475
3655.340 1153.955
3656.519 1399.321
3657.698 1491.255
3658.877 1648.108
3660.055 1561.178
3661.234 1432.351
3662.413 1360.015
3663.592 1193.887
3664.771 1216.436
3665.949 1341.441
3667.128 1286.198
3668.307 1300.878
3669.486 1407.307
3670.665 1286.333
3671.844 1134.802
3673.022 1218.467
3674.201 1217.064
3675.380 1232.463
3676.559 1081.992
3677.738 935.690
3678.916 1620.666
3680.095 1141.828
3681.274 876.996
3682.453 1116.099
3683.632 966.538
3684.811 1411.501
3685.989 1387.443
3687.168 838.548
3688.347 1325.262
3689.526 1273.269
3690.705 1256.188
3691.883 803.093
3693.062 1341.766
3694.241 1360.747
3695.420 1251.817
3696.599 874.015
3697.777 1477.195
3698.956 1610.713
3700.135 2059.960
3701.314 1540.705
3702.493 1033.429
3703.672 1376.673
3704.850 1622.559
3706.029 1740.541
3707.208 2096.298
3708.387 1533.467
3709.566 1074.862
3710.744 1016.103
3711.923 985.686
3713.102 1529.252
3714.281 2230.123
3715.460 1958.525
3716.639 1048.747
3717.817 856.200
3718.996 1023.052
3720.175 637.843
3721.354 824.765
3722.533 1241.108
3723.711 2730.309
3724.890 2997.055
3726.069 2857.304
3727.248 12365.834
3728.427 24207.631
3729.606 28155.284
3730.784 34476.130
3731.963 31655.426
3733.142 13126.345
3734.321 1229.726
3735.500 1969.405
3736.678 2819.685
3737.857 2495.004
3739.036 1495.224
3740.215 1119.939
3741.394 1336.447
3742.573 1224.020
3743.751 907.669
3744.930 973.202
3746.109 1107.009
3747.288 841.289
3748.467 775.266
3749.645 629.088
3750.824 1594.178
3752.003 2854.886
3753.182 2886.164
3754.361 1712.519
3755.540 786.038
3756.718 863.889
3757.897 989.451
3759.076 694.091
3760.255 934.973
3761.434 848.791
3762.612 879.166
3763.791 848.199
3764.970 935.201
3766.149 821.649
3767.328 866.367
3768.507 887.714
3769.685 759.002
3770.864 957.787
3772.043 2800.621
3773.222 3670.567
3774.401 2530.790
3775.579 1143.252
3776.758 883.235
3777.937 756.499
3779.116 1052.295
3780.295 999.570
3781.474 925.741
3782.652 932.040
3783.831 717.861
3785.010 1031.206
3786.189 944.436
3787.368 911.011
3788.546 892.002
3789.725 1083.037
3790.904 928.390
3792.083 913.251
3793.262 801.749
3794.441 775.174
3795.619 595.716
3796.798 933.896
3797.977 1043.166
3799.156 2787.255
3800.335 4270.915
3801.513 3442.510
3802.692 1231.285
3803.871 563.107
3805.050 867.921
3806.229 677.926
3807.408 748.208
3808.586 884.175
3809.765 767.508
3810.944 707.678
3812.123 645.934
3813.302 864.795
3814.480 1110.981
3815.659 805.679
3816.838 985.198
3818.017 919.833
3819.196 1047.936
3820.375 922.580
3821.553 1479.502
3822.732 1393.070
3823.911 1028.963
3825.090 943.575
3826.269 831.103
3827.447 756.306
3828.626 869.669
3829.805 1010.759
3830.984 849.498
3832.163 893.757
3833.342 919.581
3834.520 780.178
3835.699 1373.564
3836.878 4354.457
3838.057 5954.489
3839.236 4124.118
3840.414 1130.286
3841.593 981.073
3842.772 878.744
3843.951 813.005
3845.130 940.069
3846.309 916.953
3847.487 1000.696
3848.666 850.729
3849.845 724.868
3851.024 788.743
3852.203 639.921
3853.381 890.215
3854.560 630.511
3855.739 812.778
3856.918 739.721
3858.097 872.115
3859.275 743.432
3860.454 739.110
3861.633 747.529
3862.812 733.174
3863.991 835.454
3865.170 841.131
3866.348 552.834
3867.527 750.112
3868.706 2364.030
3869.885 13926.383
3871.064 30295.172
3872.242 24457.589
3873.421 5681.987
3874.600 794.225
3875.779 847.876
3876.958 774.090
3878.137 708.269
3879.315 807.273
3880.494 688.695
3881.673 734.913
3882.852 660.775
3884.031 677.895
3885.209 643.131
3886.388 453.992
3887.567 618.407
3888.746 1358.887
3889.925 5661.278
3891.104 12734.112
3892.282 10564.498
3893.461 3505.276
3894.640 497.314
3895.819 739.108
3896.998 704.481
3898.176 772.099
3899.355 726.871
3900.534 688.511
3901.713 765.153
3902.892 684.798
3904.071 776.148
3905.249 899.667
3906.428 765.669
3907.607 739.257
3908.786 856.242
3909.965 817.869
3911.143 823.417
3912.322 943.160
3913.501 807.929
3914.680 780.262
3915.859 725.545
3917.038 673.238
3918.216 740.918
3919.395 761.996
3920.574 690.114
3921.753 683.201
3922.932 601.249
3924.110 702.708
3925.289 652.697
3926.468 535.354
3927.647 638.990
3928.826 710.606
3930.005 730.252
3931.183 649.732
3932.362 554.558
3933.541 565.463
3934.720 549.052
3935.899 453.787
3937.077 589.976
3938.256 586.767
3939.435 608.980
3940.614 659.793
3941.793 675.983
3942.972 668.057
3944.150 747.645
3945.329 729.810
3946.508 734.463
3947.687 897.371
3948.866 799.862
3950.044 622.490
3951.223 630.281
3952.402 675.960
3953.581 675.441
3954.760 694.958
3955.939 598.818
3957.117 616.073
3958.296 584.508
3959.475 628.426
3960.654 679.767
3961.833 605.338
3963.011 503.992
3964.190 657.051
3965.369 673.482
3966.548 1108.026
3967.727 1534.982
3968.906 5290.412
3970.084 8023.436
3971.263 9216.987
3972.442 9554.531
3973.621 7544.660
3974.800 2076.335
3975.978 640.333
3977.157 621.596
3978.336 522.155
3979.515 607.323
3980.694 574.766
3981.873 621.509
3983.051 667.872
3984.230 689.411
3985.409 605.622
3986.588 677.973
3987.767 648.243
3988.945 665.101
3990.124 664.544
3991.303 554.513
3992.482 558.404
3993.661 606.216
3994.840 607.968
3996.018 646.549
3997.197 528.885
3998.376 538.448
3999.555 558.359
4000.734 558.098
4001.912 602.478
4003.091 689.572
4004.270 666.830
4005.449 598.101
4006.628 614.941
4007.807 647.241
4008.985 712.413
4010.164 665.397
4011.343 744.655
4012.522 786.161
4013.701 776.550
4014.879 576.922
4016.058 551.642
4017.237 633.153
4018.416 629.009
4019.595 546.555
4020.773 703.634
4021.952 634.528
4023.131 566.663
4024.310 621.242
4025.489 608.787
4026.668 811.828
4027.846 1251.293
4029.025 1633.993
4030.204 1175.215
4031.383 543.777
4032.562 549.870
4033.740 609.482
4034.919 624.715
4036.098 581.896
4037.277 639.008
4038.456 573.488
4039.635 627.599
4040.813 641.281
4041.992 702.376
4043.171 698.405
4044.350 606.135
4045.529 626.004
4046.707 662.299
4047.886 661.934
4049.065 574.560
4050.244 622.806
4051.423 726.403
4052.602 592.181
4053.780 541.145
4054.959 618.839
4056.138 618.245
4057.317 537.652
4058.496 547.271
4059.674 668.435
4060.853 641.470
4062.032 621.729
4063.211 621.775
4064.390 602.293
4065.569 667.252
4066.747 691.676
4067.926 589.791
4069.105 703.627
4070.284 808.922
4071.463 959.732
4072.641 772.800
4073.820 649.503
4074.999 537.195
4076.178 645.639
4077.357 669.449
4078.536 642.022
4079.714 646.451
4080.893 705.408
4082.072 629.553
4083.251 578.847
4084.430 594.155
4085.608 572.987
4086.787 616.244
4087.966 643.187
4089.145 604.192
4090.324 544.055
4091.503 590.328
4092.681 600.421
4093.860 559.425
4095.039 507.836
4096.218 498.691
4097.397 528.135
4098.575 546.577
4099.754 493.671
4100.933 752.032
4102.112 1501.518
4103.291 7917.646
4104.470 11673.727
4105.648 8173.018
4106.827 1517.991
4108.006 557.146
4109.185 560.526
4110.364 495.270
4111.542 440.674
4112.721 477.587
4113.900 547.440
4115.079 502.594
4116.258 553.259
4117.437 512.225
4118.615 464.171
4119.794 451.536
4120.973 520.873
4122.152 659.360
4123.331 684.851
4124.509 563.905
4125.688 519.085
4126.867 535.536
4128.046 542.252
4129.225 566.041
4130.404 511.665
4131.582 458.884
4132.761 483.844
4133.940 588.866
4135.119 550.287
4136.298 512.151
4137.476 524.797
4138.655 599.266
4139.834 533.891
4141.013 519.537
4142.192 507.424
4143.371 465.318
4144.549 503.185
4145.728 546.423
4146.907 640.518
4148.086 527.876
4149.265 465.204
4150.443 507.483
4151.622 435.647
4152.801 519.433
4153.980 467.987
4155.159 557.938
4156.338 573.195
4157.516 528.570
4158.695 509.280
4159.874 548.832
4161.053 520.457
4162.232 527.198
4163.410 571.107
4164.589 575.516
4165.768 592.539
4166.947 548.553
4168.126 508.597
4169.305 555.420
4170.483 553.348
4171.662 582.527
4172.841 495.137
4174.020 564.541
4175.199 514.053
4176.377 560.106
4177.556 465.905
4178.735 470.118
4179.914 511.457
4181.093 490.566
4182.271 521.205
4183.450 452.708
4184.629 506.745
4185.808 500.672
4186.987 451.981
4188.166 479.731
4189.344 432.994
4190.523 489.153
4191.702 461.830
4192.881 507.529
4194.060 485.419
4195.238 469.912
4196.417 470.726
4197.596 407.990
4198.775 449.595
4199.954 424.287
4201.133 433.226
4202.311 374.854
4203.490 394.591
4204.669 366.658
4205.848 469.941
4207.027 454.879
4208.205 483.490
4209.384 474.469
4210.563 382.541
4211.742 384.064
4212.921 375.728
4214.100 422.931
4215.278 468.978
4216.457 444.816
4217.636 396.537
4218.815 391.199
4219.994 446.691
4221.172 455.246
4222.351 397.959
4223.530 365.235
4224.709 404.174
4225.888 450.814
4227.067 409.749
4228.245 435.456
4229.424 423.839
4230.603 432.793
4231.782 430.951
4232.961 428.954
4234.139 412.546
4235.318 426.192
4236.497 466.053
4237.676 504.491
4238.855 499.671
4240.034 473.916
4241.212 470.527
4242.391 398.019
4243.570 496.143
4244.749 407.013
4245.928 437.928
4247.106 418.405
4248.285 369.431
4249.464 438.069
4250.643 441.146
4251.822 466.139
4253.001 415.631
4254.179 435.158
4255.358 402.373
4256.537 421.064
4257.716 471.030
4258.895 459.022
4260.073 432.076
4261.252 366.365
4262.431 409.498
4263.610 438.014
4264.789 384.266
4265.968 406.117
4267.146 469.307
4268.325 470.939
4269.504 395.011
4270.683 391.125
4271.862 374.248
4273.040 375.473
4274.219 387.917
4275.398 363.888
4276.577 378.783
4277.756 426.997
4278.935 433.213
4280.113 414.134
4281.292 403.702
4282.471 376.284
4283.650 360.120
4284.829 402.468
4286.007 386.349
4287.186 380.436
4288.365 389.661
4289.544 371.650
4290.723 388.032
4291.902 404.340
4293.080 360.811
4294.259 401.962
4295.438 325.079
4296.617 383.878
4297.796 356.083
4298.974 430.276
4300.153 349.106
4301.332 361.013
4302.511 358.460
4303.690 291.451
4304.869 357.109
4306.047 374.753
4307.226 355.270
4308.405 434.401
4309.584 355.953
4310.763 387.561
4311.941 368.598
4313.120 374.959
4314.299 377.943
4315.478 400.068
4316.657 396.850
4317.836 370.006
4319.014 375.751
4320.193 427.637
4321.372 461.441
4322.551 413.012
4323.730 379.536
4324.908 418.045
4326.087 377.243
4327.266 365.615
4328.445 413.621
4329.624 417.687
4330.803 373.203
4331.981 376.048
4333.160 341.281
4334.339 419.437
4335.518 390.976
4336.697 402.790
4337.875 319.733
4339.054 405.738
4340.233 562.815
4341.412 4292.012
4342.591 12830.615
4343.769 15037.521
4344.948 7568.859
4346.127 524.606
4347.306 510.318
4348.485 344.633
4349.664 384.549
4350.842 350.510
4352.021 354.710
4353.200 366.603
4354.379 330.012
4355.558 320.929
4356.736 377.167
4357.915 402.012
4359.094 371.053
4360.273 384.172
4361.452 362.123
4362.631 417.849
4363.809 785.846
4364.988 2218.857
4366.167 3207.684
4367.346 2171.417
4368.525 820.770
4369.703 452.021
4370.882 392.987
4372.061 383.283
4373.240 348.660
4374.419 332.737
4375.598 380.065
4376.776 369.279
4377.955 344.671
4379.134 406.986
4380.313 398.871
4381.492 360.334
4382.670 337.888
4383.849 341.405
4385.028 335.930
4386.207 318.494
4387.386 356.561
4388.565 352.308
4389.743 434.522
4390.922 506.037
4392.101 422.400
4393.280 341.855
4394.459 338.640
4395.637 323.632
4396.816 348.787
4397.995 372.589
4399.174 368.004
4400.353 319.232
4401.532 342.485
4402.710 334.352
4403.889 371.967
4405.068 371.189
4406.247 457.757
4407.426 376.973
4408.604 338.493
4409.783 335.072
4410.962 345.970
4412.141 335.475
4413.320 394.582
4414.499 382.727
4415.677 409.385
4416.856 441.972
4418.035 423.644
4419.214 365.393
4420.393 391.304
4421.571 371.081
4422.750 332.787
4423.929 342.491
4425.108 346.066
4426.287 404.029
4427.466 344.528
4428.644 375.730
4429.823 315.582
4431.002 345.108
4432.181 361.807
4433.360 376.600
4434.538 344.059
4435.717 329.666
4436.896 333.514
4438.075 344.921
4439.254 348.380
4440.433 353.483
4441.611 338.846
4442.790 364.661
4443.969 370.445
4445.148 296.427
4446.327 343.621
4447.505 398.343
4448.684 346.989
4449.863 343.808
4451.042 360.246
4452.221 323.114
4453.400 333.530
4454.578 305.907
4455.757 363.882
4456.936 343.575
4458.115 305.820
4459.294 349.127
4460.472 348.157
4461.651 290.448
4462.830 327.245
4464.009 364.937
4465.188 332.807
4466.367 337.563
4467.545 365.448
4468.724 297.088
4469.903 359.541
4471.082 344.284
4472.261 469.251
4473.439 1145.355
4474.618 1530.490
4475.797 994.536
4476.976 436.147
4478.155 312.487
4479.334 309.987
4480.512 337.848
4481.691 302.639
4482.870 333.310
4484.049 356.357
4485.228 308.436
4486.406 333.939
4487.585 351.922
4488.764 293.960
4489.943 339.046
4491.122 311.001
4492.301 312.430
4493.479 293.547
4494.658 313.028
4495.837 301.084
4497.016 306.103
4498.195 333.878
4499.373 307.297
4500.552 342.966
4501.731 300.105
4502.910 315.331
4504.089 322.170
4505.267 299.689
4506.446 318.396
4507.625 325.280
4508.804 317.289
4509.983 311.274
4511.162 286.775
4512.340 296.409
4513.519 344.097
4514.698 310.038
4515.877 336.052
4517.056 371.042
4518.234 318.907
4519.413 288.278
4520.592 290.441
4521.771 314.458
4522.950 337.306
4524.129 349.109
4525.307 333.361
4526.486 322.189
4527.665 318.995
4528.844 340.928
4530.023 328.285
4531.201 383.620
4532.380 346.654
4533.559 347.603
4534.738 354.550
4535.917 329.890
4537.096 335.148
4538.274 332.834
4539.453 318.634
4540.632 347.394
4541.811 339.362
4542.990 312.991
4544.168 329.024
4545.347 325.636
4546.526 318.306
4547.705 328.764
4548.884 314.991
4550.063 347.197
4551.241 314.024
4552.420 284.540
4553.599 290.420
4554.778 325.285
4555.957 316.208
4557.135 330.564
4558.314 329.378
4559.493 309.188
4560.672 311.432
4561.851 311.795
4563.030 330.675
4564.208 347.435
4565.387 362.411
4566.566 365.174
4567.745 324.102
4568.924 304.943
4570.102 319.285
4571.281 317.958
4572.460 325.525
4573.639 323.499
4574.818 340.009
4575.997 358.091
4577.175 335.626
4578.354 341.018
4579.533 332.139
4580.712 271.559
4581.891 299.336
4583.069 320.419
4584.248 277.704
4585.427 309.244
4586.606 320.258
4587.785 329.398
4588.964 292.410
4590.142 293.259
4591.321 322.862
4592.500 308.960
4593.679 344.915
4594.858 363.963
4596.036 325.526
4597.215 318.170
4598.394 315.542
4599.573 311.051
4600.752 324.097
4601.931 316.609
4603.109 307.848
4604.288 322.676
4605.467 287.057
4606.646 334.026
4607.825 340.815
4609.003 339.731
4610.182 315.476
4611.361 330.572
4612.540 307.871
4613.719 314.130
4614.898 304.346
4616.076 304.519
4617.255 316.558
4618.434 290.997
4619.613 309.885
4620.792 325.532
4621.970 315.176
4623.149 285.922
4624.328 302.734
4625.507 292.406
4626.686 320.157
4627.865 337.961
4629.043 329.767
4630.222 320.108
4631.401 315.860
4632.580 291.192
4633.759 330.098
4634.937 311.004
4636.116 346.247
4637.295 344.705
4638.474 293.337
4639.653 324.264
4640.832 324.446
4642.010 329.729
4643.189 376.044
4644.368 299.569
4645.547 292.728
4646.726 302.363
4647.904 330.786
4649.083 313.041
4650.262 300.766
4651.441 317.645
4652.620 317.531
4653.799 350.265
4654.977 369.295
4656.156 328.318
4657.335 368.022
4658.514 350.471
4659.693 360.560
4660.871 415.385
4662.050 391.597
4663.229 359.923
4664.408 340.486
4665.587 333.531
4666.765 304.284
4667.944 289.329
4669.123 321.005
4670.302 342.998
4671.481 342.748
4672.660 330.641
4673.838 338.030
4675.017 334.559
4676.196 305.415
4677.375 297.953
4678.554 325.150
4679.732 339.810
4680.911 332.545
4682.090 339.632
4683.269 355.410
4684.448 361.935
4685.627 338.788
4686.805 398.692
4687.984 430.145
4689.163 437.988
4690.342 437.826
4691.521 383.077
4692.699 345.044
4693.878 313.375
4695.057 301.497
4696.236 343.241
4697.415 320.160
4698.594 325.196
4699.772 328.339
4700.951 310.783
4702.130 322.476
4703.309 355.882
4704.488 302.341
4705.666 323.949
4706.845 318.461
4708.024 294.029
4709.203 305.470
4710.382 298.551
4711.561 342.817
4712.739 447.641
4713.918 743.093
4715.097 796.505
4716.276 551.885
4717.455 434.370
4718.633 324.918
4719.812 306.656
4720.991 313.551
4722.170 333.925
4723.349 313.935
4724.528 310.528
4725.706 342.096
4726.885 300.806
4728.064 343.096
4729.243 317.484
4730.422 310.451
4731.600 303.757
4732.779 316.958
4733.958 335.058
4735.137 308.176
4736.316 301.306
4737.495 293.069
4738.673 319.598
4739.852 313.323
4741.031 356.932
4742.210 531.719
4743.389 606.012
4744.567 483.316
4745.746 331.600
4746.925 299.376
4748.104 284.852
4749.283 320.208
4750.462 327.235
4751.640 306.617
4752.819 323.770
4753.998 304.072
4755.177 308.979
4756.356 342.790
4757.534 335.541
4758.713 316.392
4759.892 347.491
4761.071 316.522
4762.250 315.306
4763.429 278.440
4764.607 279.544
4765.786 319.190
4766.965 285.820
4768.144 282.848
4769.323 332.997
4770.501 298.001
4771.680 318.154
4772.859 387.885
4774.038 336.456
4775.217 331.755
4776.396 316.953
4777.574 311.135
4778.753 303.366
4779.932 273.558
4781.111 310.833
4782.290 310.658
4783.468 316.421
4784.647 285.300
4785.826 297.734
4787.005 314.464
4788.184 302.599
4789.363 329.206
4790.541 334.369
4791.720 292.181
4792.899 302.813
4794.078 321.312
4795.257 309.991
4796.435 313.909
4797.614 304.240
4798.793 271.620
4799.972 282.194
4801.151 316.237
4802.330 307.244
4803.508 314.628
4804.687 312.362
4805.866 297.109
4807.045 292.145
4808.224 297.881
4809.402 301.732
4810.581 317.025
4811.760 284.350
4812.939 302.645
4814.118 284.812
4815.296 327.853
4816.475 329.188
4817.654 357.289
4818.833 349.538
4820.012 343.040
4821.191 350.089
4822.369 313.698
4823.548 352.272
4824.727 371.590
4825.906 338.073
4827.085 327.002
4828.263 340.818
4829.442 358.158
4830.621 358.528
4831.800 344.326
4832.979 363.052
4834.158 344.505
4835.336 336.411
4836.515 320.559
4837.694 308.503
4838.873 331.293
4840.052 358.273
4841.230 322.687
4842.409 305.218
4843.588 325.553
4844.767 306.172
4845.946 326.526
4847.125 341.864
4848.303 324.465
4849.482 332.985
4850.661 327.057
4851.840 330.789
4853.019 308.906
4854.197 301.230
4855.376 298.479
4856.555 306.151
4857.734 314.812
4858.913 319.327
4860.092 306.998
4861.270 588.157
4862.449 6091.717
4863.628 24704.699
4864.807 28239.549
4865.986 13863.578
4867.164 1433.822
4868.343 295.349
4869.522 367.673
4870.701 332.428
4871.880 299.300
4873.059 320.026
4874.237 311.478
4875.416 300.311
4876.595 326.468
4877.774 319.438
4878.953 310.354
4880.131 280.063
4881.310 302.005
4882.489 354.937
4883.668 318.091
4884.847 303.460
4886.026 330.791
4887.204 336.459
4888.383 347.625
4889.562 345.093
4890.741 324.325
4891.920 308.165
4893.098 332.865
4894.277 339.592
4895.456 331.171
4896.635 334.720
4897.814 298.156
4898.993 286.184
4900.171 294.656
4901.350 331.279
4902.529 318.938
4903.708 323.141
4904.887 356.824
4906.065 335.191
4907.244 327.610
4908.423 313.696
4909.602 321.635
4910.781 335.533
4911.960 330.084
4913.138 324.160
4914.317 327.166
4915.496 322.752
4916.675 306.748
4917.854 341.414
4919.032 286.669
4920.211 278.967
4921.390 332.508
4922.569 340.840
4923.748 490.400
4924.927 632.749
4926.105 540.507
4927.284 402.667
4928.463 332.444
4929.642 329.244
4930.821 325.607
4931.999 280.013
4933.178 319.882
4934.357 358.940
4935.536 351.588
4936.715 324.952
4937.894 368.452
4939.072 333.572
4940.251 304.991
4941.430 344.009
4942.609 329.875
4943.788 331.300
4944.966 318.707
4946.145 344.320
4947.324 361.181
4948.503 362.737
4949.682 357.615
4950.861 373.607
4952.039 358.470
4953.218 359.384
4954.397 320.491
4955.576 407.696
4956.755 254.939
4957.933 882.342
4959.112 -712.081
4960.291 19429.042
4961.470 51126.606
4962.649 53656.258
4963.828 22237.543
4965.006 -265.482
4966.185 1016.066
4967.364 299.608
4968.543 511.324
4969.722 403.449
4970.900 365.590
4972.079 382.129
4973.258 351.331
4974.437 364.072
4975.616 394.616
4976.794 346.912
4977.973 370.914
4979.152 361.577
4980.331 315.775
4981.510 329.416
4982.689 329.791
4983.867 349.653
4985.046 373.509
4986.225 333.459
4987.404 415.015
4988.583 515.253
4989.761 498.402
4990.940 418.256
4992.119 372.490
4993.298 392.264
4994.477 384.897
4995.656 367.101
4996.834 371.361
4998.013 379.360
4999.192 387.015
5000.371 399.144
5001.550 401.596
5002.728 446.285
5003.907 282.145
5005.086 870.767
5006.265 -689.066
5007.444 9069.100
5008.623 81277.902
5009.801 171322.203
5010.980 138203.241
5012.159 26674.715
5013.338 1735.902
5014.517 614.833
5015.695 447.847
5016.874 512.078
5018.053 890.495
5019.232 973.989
5020.411 648.193
5021.590 415.251
5022.768 383.024
5023.947 369.264
5025.126 355.074
5026.305 344.973
5027.484 334.867
5028.662 325.358
5029.841 324.061
5031.020 334.986
5032.199 353.483
5033.378 346.444
5034.557 317.382
5035.735 321.791
5036.914 328.593
5038.093 310.624
5039.272 319.401
5040.451 306.572
5041.629 303.925
5042.808 326.437
5043.987 337.409
5045.166 337.871
5046.345 333.501
5047.524 336.636
5048.702 309.345
5049.881 305.483
5051.060 352.945
5052.239 313.686
5053.418 317.646
5054.596 311.410
5055.775 301.409
5056.954 298.064
5058.133 316.768
5059.312 324.849
5060.491 317.781
5061.669 307.059
5062.848 307.632
5064.027 296.374
5065.206 297.573
5066.385 321.691
5067.563 302.955
5068.742 293.552
5069.921 303.562
5071.100 292.045
5072.279 285.181
5073.458 305.104
5074.636 293.984
5075.815 252.382
5076.994 306.244
5078.173 296.925
5079.352 276.707
5080.530 307.628
5081.709 265.635
5082.888 260.679
5084.067 276.420
5085.246 277.246
5086.425 307.836
5087.603 298.000
5088.782 286.047
5089.961 299.206
5091.140 291.908
5092.319 284.945
5093.497 286.245
5094.676 266.923
5095.855 255.110
5097.034 270.438
5098.213 281.001
5099.392 282.554
5100.570 288.722
5101.749 284.762
5102.928 279.498
5104.107 250.411
5105.286 240.794
5106.464 263.883
5107.643 287.632
5108.822 278.946
5110.001 260.121
5111.180 269.992
5112.359 280.174
5113.537 275.651
5114.716 245.881
5115.895 262.422
5117.074 265.512
5118.253 271.824
5119.431 253.106
5120.610 263.204
5121.789 280.528
5122.968 262.777
5124.147 259.570
5125.326 250.310
5126.504 251.788
5127.683 271.105
5128.862 272.956
5130.041 289.272
5131.220 274.971
5132.398 271.913
5133.577 282.947
5134.756 263.237
5135.935 280.972
5137.114 284.579
5138.292 299.172
5139.471 290.620
5140.650 247.666
5141.829 299.725
5143.008 272.331
5144.187 268.541
5145.365 288.817
5146.544 274.607
5147.723 282.006
5148.902 285.245
5150.081 263.836
5151.259 266.314
5152.438 296.565
5153.617 267.355
5154.796 242.714
5155.975 288.803
5157.154 282.462
5158.332 285.592
5159.511 285.404
5160.690 288.052
5161.869 286.789
5163.048 261.213
5164.226 287.391
5165.405 257.513
5166.584 254.166
5167.763 220.152
5168.942 219.569
5170.121 248.548
5171.299 241.925
5172.478 244.755
5173.657 250.009
5174.836 218.339
5176.015 237.665
5177.193 250.656
5178.372 253.999
5179.551 269.644
5180.730 261.682
5181.909 246.020
5183.088 221.934
5184.266 219.509
5185.445 252.667
5186.624 274.817
5187.803 281.486
5188.982 291.991
5190.160 264.756
5191.339 274.938
5192.518 245.064
5193.697 252.230
5194.876 268.563
5196.055 337.919
5197.233 658.217
5198.412 815.918
5199.591 729.788
5200.770 621.799
5201.949 443.854
5203.127 317.286
5204.306 303.625
5205.485 262.346
5206.664 231.616
5207.843 245.707
5209.022 249.217
5210.200 263.170
5211.379 262.876
5212.558 238.319
5213.737 242.232
5214.916 245.080
5216.094 223.250
5217.273 243.197
5218.452 264.951
5219.631 250.201
5220.810 263.482
5221.989 244.392
5223.167 303.496
5224.346 303.726
5225.525 274.994
5226.704 241.312
5227.883 246.337
5229.061 254.546
5230.240 257.313
5231.419 261.157
5232.598 254.804
5233.777 246.792
5234.956 247.040
5236.134 240.154
5237.313 248.797
5238.492 285.860
5239.671 272.061
5240.850 249.961
5242.028 223.101
5243.207 257.110
5244.386 240.292
5245.565 231.463
5246.744 244.456
5247.923 262.813
5249.101 271.850
5250.280 272.637
5251.459 255.977
5252.638 237.967
5253.817 236.006
5254.995 273.461
5256.174 300.730
5257.353 275.355
5258.532 249.536
5259.711 251.917
5260.890 248.024
5262.068 244.796
5263.247 240.151
5264.426 219.676
5265.605 230.729
5266.784 237.750
5267.962 238.924
5269.141 250.200
5270.320 245.611
5271.499 253.766
5272.678 250.802
5273.857 291.336
5275.035 303.080
5276.214 303.838
5277.393 285.815
5278.572 240.295
5279.751 221.670
5280.929 238.956
5282.108 233.849
5283.287 240.499
5284.466 250.267
5285.645 228.335
5286.824 225.506
5288.002 245.042
5289.181 257.671
5290.360 257.467
5291.539 249.706
5292.718 223.352
5293.896 245.973
5295.075 248.444
5296.254 213.191
5297.433 221.528
5298.612 258.401
5299.790 259.022
5300.969 234.927
5302.148 259.085
5303.327 224.879
5304.506 228.447
5305.685 237.441
5306.863 207.845
5308.042 229.178
5309.221 245.569
5310.400 232.979
5311.579 250.298
5312.757 269.063
5313.936 266.867
5315.115 242.570
5316.294 254.197
5317.473 257.151
5318.652 247.532
5319.830 230.204
5321.009 245.221
5322.188 266.824
5323.367 250.556
5324.546 240.749
5325.724 243.545
5326.903 251.822
5328.082 255.177
5329.261 347.789
5330.440 415.212
5331.619 349.725
5332.797 272.617
5333.976 239.871
5335.155 240.682
5336.334 262.915
5337.513 243.155
5338.691 219.326
5339.870 226.106
5341.049 240.405
5342.228 255.433
5343.407 249.411
5344.586 227.481
5345.764 215.901
5346.943 242.053
5348.122 236.716
5349.301 214.666
5350.480 222.470
5351.658 250.114
5352.837 236.425
5354.016 237.311
5355.195 251.570
5356.374 251.537
5357.553 248.969
5358.731 232.198
5359.910 232.605
5361.089 242.339
5362.268 221.142
5363.447 219.553
5364.625 225.619
5365.804 206.892
5366.983 210.354
5368.162 223.759
5369.341 228.849
5370.520 206.216
5371.698 222.602
5372.877 211.376
5374.056 214.685
5375.235 226.452
5376.414 225.562
5377.592 229.948
5378.771 216.933
5379.950 209.564
5381.129 213.390
5382.308 206.766
5383.487 212.380
5384.665 222.544
5385.844 222.051
5387.023 215.509
5388.202 235.181
5389.381 221.132
5390.559 229.672
5391.738 207.080
5392.917 230.841
5394.096 233.768
5395.275 200.435
5396.454 224.035
5397.632 227.768
5398.811 226.187
5399.990 203.923
5401.169 207.162
5402.348 236.803
5403.526 224.857
5404.705 221.410
5405.884 243.327
5407.063 223.129
5408.242 198.981
5409.421 220.563
5410.599 212.205
5411.778 212.596
5412.957 202.670
5414.136 207.049
5415.315 204.136
5416.493 200.470
5417.672 213.468
5418.851 230.196
5420.030 229.754
5421.209 209.738
5422.388 218.920
5423.566 217.652
5424.745 198.294
5425.924 200.282
5427.103 207.075
5428.282 217.232
5429.460 225.560
5430.639 206.369
5431.818 198.923
5432.997 203.386
5434.176 197.426
5435.355 231.164
5436.533 277.462
5437.712 241.471
5438.891 229.301
5440.070 236.882
5441.249 211.275
5442.427 209.861
5443.606 203.733
5444.785 230.711
5445.964 199.532
5447.143 197.818
5448.322 226.485
5449.500 200.618
5450.679 200.892
5451.858 210.687
5453.037 223.173
5454.216 184.245
5455.394 225.097
5456.573 202.722
5457.752 202.408
5458.931 214.925
5460.110 246.981
5461.288 225.747
5462.467 214.488
5463.646 197.866
5464.825 227.865
5466.004 234.695
5467.183 205.938
5468.361 216.444
5469.540 209.666
5470.719 215.304
5471.898 226.279
5473.077 201.414
5474.255 220.102
5475.434 204.656
5476.613 212.838
5477.792 205.480
5478.971 202.326
5480.150 205.541
5481.328 213.807
5482.507 194.127
5483.686 209.416
5484.865 231.569
5486.044 209.855
5487.222 206.514
5488.401 213.199
5489.580 213.008
5490.759 222.641
5491.938 218.123
5493.117 198.822
5494.295 192.927
5495.474 206.682
5496.653 229.251
5497.832 223.570
5499.011 212.282
5500.189 212.998
5501.368 206.842
5502.547 233.082
5503.726 197.300
5504.905 212.821
5506.084 200.469
5507.262 200.226
5508.441 199.349
5509.620 207.606
5510.799 222.506
5511.978 206.815
5513.156 218.380
5514.335 235.880
5515.514 224.157
5516.693 213.300
5517.872 191.732
5519.051 232.283
5520.229 254.686
5521.408 293.446
5522.587 244.848
5523.766 218.978
5524.945 206.955
5526.123 196.441
5527.302 202.299
5528.481 211.733
5529.660 203.886
5530.839 208.492
5532.018 213.269
5533.196 203.156
5534.375 209.085
5535.554 210.307
5536.733 208.327
5537.912 209.108
5539.090 197.507
5540.269 252.633
5541.448 272.580
5542.627 260.098
5543.806 252.433
5544.985 235.442
5546.163 215.280
5547.342 198.852
5548.521 214.188
5549.700 210.895
5550.879 228.513
5552.057 210.058
5553.236 212.485
5554.415 215.051
5555.594 209.946
5556.773 218.143
5557.952 197.224
5559.130 199.491
5560.309 209.753
5561.488 221.647
5562.667 223.608
5563.846 251.907
5565.024 239.054
5566.203 225.035
5567.382 189.269
5568.561 197.271
5569.740 217.191
5570.919 210.733
5572.097 176.914
5573.276 324.051
5574.455 -147.390
5575.634 2826.171
5576.813 9049.796
5577.991 10990.961
5579.170 6015.680
5580.349 374.157
5581.528 325.887
5582.707 214.939
5583.886 205.828
5585.064 215.445
5586.243 198.603
5587.422 219.911
5588.601 249.471
5589.780 249.630
5590.958 219.786
5592.137 212.673
5593.316 206.673
5594.495 189.252
5595.674 197.200
5596.853 216.479
5598.031 217.780
5599.210 210.920
5600.389 219.444
5601.568 234.174
5602.747 218.066
5603.925 226.825
5605.104 255.066
5606.283 246.971
5607.462 218.208
5608.641 220.080
5609.820 205.376
5610.998 205.630
5612.177 236.030
5613.356 215.938
5614.535 207.939
5615.714 217.445
5616.892 209.868
5618.071 211.443
5619.250 190.514
5620.429 173.508
5621.608 216.824
5622.786 236.139
5623.965 232.071
5625.144 226.551
5626.323 224.153
5627.502 198.572
5628.681 196.789
5629.859 206.465
5631.038 195.470
5632.217 224.231
5633.396 229.723
5634.575 201.932
5635.753 193.639
5636.932 186.612
5638.111 189.606
5639.290 208.072
5640.469 209.699
5641.648 217.067
5642.826 214.516
5644.005 199.924
5645.184 214.710
5646.363 234.774
5647.542 200.748
5648.720 211.765
5649.899 213.802
5651.078 180.554
5652.257 197.193
5653.436 204.744
5654.615 190.216
5655.793 188.409
5656.972 218.101
5658.151 224.595
5659.330 188.609
5660.509 188.850
5661.687 198.458
5662.866 194.682
5664.045 197.670
5665.224 198.587
5666.403 203.648
5667.582 184.342
5668.760 213.189
5669.939 219.672
5671.118 205.794
5672.297 197.538
5673.476 201.684
5674.654 218.151
5675.833 221.593
5677.012 212.642
5678.191 213.863
5679.370 213.331
5680.549 194.357
5681.727 188.698
5682.906 207.405
5684.085 188.760
5685.264 195.733
5686.443 223.453
5687.621 206.816
5688.800 210.071
5689.979 207.753
5691.158 224.648
5692.337 231.264
5693.516 213.437
5694.694 201.631
5695.873 203.735
5697.052 219.600
5698.231 221.607
5699.410 204.711
5700.588 209.962
5701.767 223.406
5702.946 219.900
5704.125 188.001
5705.304 211.469
5706.483 213.915
5707.661 232.595
5708.840 230.235
5710.019 209.567
5711.198 204.816
5712.377 199.470
5713.555 193.696
5714.734 208.570
5715.913 202.844
5717.092 191.872
5718.271 198.800
5719.450 198.965
5720.628 209.677
5721.807 205.229
5722.986 214.799
5724.165 228.900
5725.344 215.760
5726.522 207.918
5727.701 229.328
5728.880 204.664
5730.059 186.338
5731.238 203.003
5732.417 205.491
5733.595 218.493
5734.774 224.957
5735.953 212.026
5737.132 209.909
5738.311 204.979
5739.489 199.605
5740.668 207.109
5741.847 199.025
5743.026 186.885
5744.205 213.399
5745.384 182.670
5746.562 208.497
5747.741 194.592
5748.920 198.382
5750.099 196.976
5751.278 204.061
5752.456 199.427
5753.635 199.803
5754.814 192.974
5755.993 184.415
5757.172 210.924
5758.351 215.025
5759.529 201.065
5760.708 211.267
5761.887 196.766
5763.066 186.918
5764.245 201.150
5765.423 184.581
5766.602 207.134
5767.781 203.323
5768.960 226.334
5770.139 190.187
5771.318 193.907
5772.496 203.171
5773.675 191.003
5774.854 209.979
5776.033 204.497
5777.212 190.745
5778.390 211.424
5779.569 216.908
5780.748 209.370
5781.927 203.701
5783.106 199.107
5784.284 205.878
5785.463 209.034
5786.642 182.553
5787.821 206.286
5789.000 191.878
5790.179 184.025
5791.357 195.898
5792.536 213.510
5793.715 209.458
5794.894 184.288
5796.073 198.620
5797.251 210.954
5798.430 196.240
5799.609 189.863
5800.788 198.224
5801.967 218.419
5803.146 212.059
5804.324 218.128
5805.503 201.655
5806.682 209.002
5807.861 194.255
5809.040 189.910
5810.218 208.797
5811.397 207.503
5812.576 194.845
5813.755 199.880
5814.934 211.255
5816.113 200.337
5817.291 189.320
5818.470 205.484
5819.649 194.693
5820.828 217.352
5822.007 194.814
5823.185 191.799
5824.364 214.842
5825.543 202.746
5826.722 214.207
5827.901 208.624
5829.080 190.480
5830.258 205.629
5831.437 198.195
5832.616 175.483
5833.795 198.456
5834.974 211.026
5836.152 198.275
5837.331 202.204
5838.510 187.098
5839.689 180.561
5840.868 204.727
5842.047 188.112
5843.225 191.498
5844.404 211.085
5845.583 193.578
5846.762 188.181
5847.941 211.526
5849.119 191.298
5850.298 170.809
5851.477 192.389
5852.656 198.557
5853.835 196.100
5855.014 189.798
5856.192 190.026
5857.371 212.218
5858.550 189.987
5859.729 191.364
5860.908 203.405
5862.086 187.368
5863.265 195.991
5864.444 224.392
5865.623 292.865
5866.802 320.904
5867.981 312.498
5869.159 290.094
5870.338 241.896
5871.517 222.204
5872.696 227.072
5873.875 234.322
5875.053 215.122
5876.232 243.977
5877.411 764.374
5878.590 1939.035
5879.769 2273.985
5880.948 1198.718
5882.126 408.502
5883.305 223.003
5884.484 210.405
5885.663 228.212
5886.842 241.861
5888.020 584.716
5889.199 1172.192
5890.378 1334.269
5891.557 916.956
5892.736 317.030
5893.915 330.282
5895.093 756.548
5896.272 890.224
5897.451 656.125
5898.630 322.471
5899.809 213.596
5900.987 196.850
5902.166 217.272
5903.345 217.471
5904.524 224.681
5905.703 235.661
5906.882 221.894
5908.060 221.795
5909.239 219.363
5910.418 205.973
5911.597 191.390
5912.776 221.392
5913.954 244.627
5915.133 314.806
5916.312 320.529
5917.491 235.244
5918.670 201.073
5919.849 196.332
5921.027 211.925
5922.206 225.415
5923.385 227.609
5924.564 261.872
5925.743 261.300
5926.921 216.627
5928.100 223.486
5929.279 208.845
5930.458 212.710
5931.637 284.608
5932.815 351.507
5933.994 330.636
5935.173 253.555
5936.352 214.452
5937.531 219.621
5938.710 202.783
5939.888 202.201
5941.067 206.980
5942.246 195.312
5943.425 196.509
5944.604 210.652
5945.782 260.686
5946.961 236.125
5948.140 223.193
5949.319 190.737
5950.498 193.903
5951.677 225.486
5952.855 294.307
5954.034 333.914
5955.213 280.325
5956.392 216.733
5957.571 213.137
5958.749 222.738
5959.928 205.786
5961.107 200.590
5962.286 212.057
5963.465 191.294
5964.644 199.379
5965.822 214.246
5967.001 193.395
5968.180 196.914
5969.359 205.999
5970.538 220.607
5971.716 230.970
5972.895 230.949
5974.074 230.929
