5329.969 5730.567
5331.022 5661.615
5332.075 5461.285
5333.128 5365.223
5334.181 5405.650
5335.234 5144.131
5336.287 5464.856
5337.340 5114.554
5338.393 5232.706
5339.446 5051.602
5340.499 5099.666
5341.552 5203.345
5342.605 5143.535
5343.658 5220.812
5344.711 5057.341
5345.764 5384.112
5346.817 5295.407
5347.870 5124.646
5348.923 5211.092
5349.976 5199.885
5351.029 5365.109
5352.082 5143.707
5353.135 5207.918
5354.188 5318.738
5355.241 4865.984
5356.294 5107.363
5357.347 5302.534
5358.400 5219.076
5359.453 5274.823
5360.506 5031.649
5361.559 5046.343
5362.612 4990.317
5363.665 4885.232
5364.718 4995.999
5365.771 4920.020
5366.824 5065.264
5367.877 5129.579
5368.930 5114.086
5369.983 5011.389
5371.036 4997.578
5372.089 5103.205
5373.142 5035.157
5374.195 4927.093
5375.248 4943.311
5376.301 5050.639
5377.354 4885.059
5378.407 5188.733
5379.460 4878.900
5380.513 5135.371
5381.566 4816.390
5382.619 4993.918
5383.672 4876.127
5384.725 4790.322
5385.778 4890.355
5386.831 4985.204
5387.884 5108.069
5388.937 4904.415
5389.990 5026.051
5391.043 4995.788
5392.097 5080.326
5393.150 4958.200
5394.203 4841.756
5395.256 4961.622
5396.309 4880.255
5397.362 4777.025
5398.415 4848.129
5399.468 4600.432
5400.521 4975.204
5401.574 4682.247
5402.627 4779.335
5403.680 5005.529
5404.733 4730.725
5405.786 4794.183
5406.839 4807.778
5407.892 4756.890
5408.945 4901.137
5409.998 5016.784
5411.051 5002.738
5412.104 4867.614
5413.157 4662.550
5414.210 4833.792
5415.263 4652.038
5416.316 4812.648
5417.369 4866.576
5418.422 4817.845
5419.475 4662.069
5420.528 4786.907
5421.581 4744.122
5422.634 4861.587
5423.687 4655.933
5424.740 4919.113
5425.793 4612.315
5426.846 4964.560
5427.899 4627.523
5428.952 4650.920
5430.005 4879.828
5431.058 4710.301
5432.111 4591.107
5433.164 4695.749
5434.217 4622.700
5435.270 4895.012
5436.323 4962.889
5437.376 4677.089
5438.429 4764.226
5439.482 4717.957
5440.535 4737.517
5441.588 4810.431
5442.641 4462.949
5443.694 4683.650
5444.747 4683.346
5445.800 4639.205
5446.853 4464.028
5447.906 4617.129
5448.959 4593.406
5450.012 4558.551
5451.065 4362.937
5452.118 4613.092
5453.171 4696.801
5454.224 4522.943
5455.277 4646.298
5456.330 4489.146
5457.383 4452.186
5458.436 4417.113
5459.489 4737.271
5460.542 4542.432
5461.595 4672.549
5462.648 4644.065
5463.701 4590.395
5464.754 4535.696
5465.807 4529.373
5466.860 4549.436
5467.913 4548.793
5468.966 4574.563
5470.019 4639.013
5471.072 4514.661
5472.125 4473.621
5473.178 4538.879
5474.231 4500.470
5475.285 4408.982
5476.338 4540.247
5477.391 4264.329
5478.444 4310.998
5479.497 4453.022
5480.550 4377.422
5481.603 4380.989
5482.656 4382.865
5483.709 4441.603
5484.762 4259.575
5485.815 4367.897
5486.868 4320.243
5487.921 4280.407
5488.974 4448.838
5490.027 4264.604
5491.080 4480.281
5492.133 4338.206
5493.186 4502.225
5494.239 4488.157
5495.292 4364.317
5496.345 4294.439
5497.398 4408.346
5498.451 4430.402
5499.504 4540.802
5500.557 4251.801
5501.610 4363.881
5502.663 4405.278
5503.716 4437.971
5504.769 4226.374
5505.822 4267.415
5506.875 4364.406
5507.928 4446.301
5508.981 4420.727
5510.034 4184.457
5511.087 4361.933
5512.140 4224.068
5513.193 4279.049
5514.246 4286.766
5515.299 4328.948
5516.352 4401.728
5517.405 4396.164
5518.458 4436.466
5519.511 4393.051
5520.564 4616.065
5521.617 4522.162
5522.670 4405.187
5523.723 4398.602
5524.776 4387.377
5525.829 4253.040
5526.882 4219.319
5527.935 4205.434
5528.988 4028.014
5530.041 4234.419
5531.094 4100.254
5532.147 4091.096
5533.200 4275.561
5534.253 4151.241
5535.306 4346.501
5536.359 4171.868
5537.412 4118.042
5538.465 4212.453
5539.518 4320.058
5540.571 4387.487
5541.624 4430.698
5542.677 4393.781
5543.730 4268.470
5544.783 4468.299
5545.836 4271.480
5546.889 4251.062
5547.942 4170.067
5548.995 4259.791
5550.048 4284.374
5551.101 4252.677
5552.154 4287.331
5553.207 4259.074
5554.260 4177.719
5555.313 4256.836
5556.366 4226.465
5557.419 4134.906
5558.473 4181.892
5559.526 4215.704
5560.579 4246.898
5561.632 4091.989
5562.685 4222.689
5563.738 4613.314
5564.791 4500.144
5565.844 4272.741
5566.897 4112.709
5567.950 4278.553
5569.003 4111.563
5570.056 4125.061
5571.109 4188.831
5572.162 4154.784
5573.215 4038.954
5574.268 4398.790
5575.321 5387.983
5576.374 31296.540
5577.427 56095.246
5578.480 44482.201
5579.533 8452.034
5580.586 4382.612
5581.639 4072.813
5582.692 4097.814
5583.745 3931.768
5584.798 3994.016
5585.851 4049.606
5586.904 4071.827
5587.957 4341.622
5589.010 4255.158
5590.063 4144.764
5591.116 4148.033
5592.169 4024.840
5593.222 3888.750
5594.275 3990.864
5595.328 3882.605
5596.381 4048.701
5597.434 4371.915
5598.487 4115.812
5599.540 3973.573
5600.593 4179.228
5601.646 4014.179
5602.699 4027.409
5603.752 3988.699
5604.805 4099.777
5605.858 4261.853
5606.911 4074.530
5607.964 3937.543
5609.017 3847.034
5610.070 4060.060
5611.123 3845.820
5612.176 3794.341
5613.229 4020.023
5614.282 3901.527
5615.335 3771.881
5616.388 3849.687
5617.441 4005.698
5618.494 3891.008
5619.547 3880.921
5620.600 3855.216
5621.653 3914.753
5622.706 3980.086
5623.759 4101.284
5624.812 4102.091
5625.865 3881.295
5626.918 3977.886
5627.971 3787.473
5629.024 3783.371
5630.077 3832.711
5631.130 4007.791
5632.183 3905.456
5633.236 3855.911
5634.289 3840.049
5635.342 3850.615
5636.395 3864.768
5637.448 3828.844
5638.501 3896.788
5639.554 3766.242
5640.608 3869.345
5641.661 3802.094
5642.714 3636.417
5643.767 3884.322
5644.820 3977.897
5645.873 4079.985
5646.926 3848.133
5647.979 3941.637
5649.032 3802.077
5650.085 3827.469
5651.138 3773.798
5652.191 3891.051
5653.244 3786.044
5654.297 3741.897
5655.350 3833.477
5656.403 3954.120
5657.456 3895.337
5658.509 3846.369
5659.562 3847.629
5660.615 3771.529
5661.668 3927.279
5662.721 3777.749
5663.774 3746.562
5664.827 3984.080
5665.880 3712.191
5666.933 3735.349
5667.986 3816.894
5669.039 3785.424
5670.092 3877.853
5671.145 3866.862
5672.198 3743.626
5673.251 3775.055
5674.304 3807.962
5675.357 3756.546
5676.410 3991.464
5677.463 3710.412
5678.516 3807.127
5679.569 3827.056
5680.622 3956.277
5681.675 3693.306
5682.728 3763.644
5683.781 3881.591
5684.834 3899.869
5685.887 3726.654
5686.940 3789.997
5687.993 3784.237
5689.046 3846.591
5690.099 3804.361
5691.152 3789.140
5692.205 3807.871
5693.258 3823.865
5694.311 3813.452
5695.364 3794.527
5696.417 3890.738
5697.470 3826.439
5698.523 3736.037
5699.576 3765.575
5700.629 3663.793
5701.682 3634.236
5702.735 3803.797
5703.788 3660.632
5704.841 3709.322
5705.894 3648.118
5706.947 3718.901
5708.000 3603.833
5709.053 3554.131
5710.106 3569.436
5711.159 3757.094
5712.212 3683.595
5713.265 3747.961
5714.318 3685.590
5715.371 3549.944
5716.424 3647.035
5717.477 3880.172
5718.530 3696.066
5719.583 3639.416
5720.636 3762.617
5721.689 3691.374
5722.742 3672.247
5723.796 3709.106
5724.849 3665.885
5725.902 3602.492
5726.955 3566.737
5728.008 3660.181
5729.061 3656.545
5730.114 3671.084
5731.167 3602.348
5732.220 3597.291
5733.273 3591.661
5734.326 3696.359
5735.379 3758.759
5736.432 3662.642
5737.485 3610.690
5738.538 3524.842
5739.591 3681.011
5740.644 3607.993
5741.697 3578.329
5742.750 3533.495
5743.803 3497.269
5744.856 3628.778
5745.909 3509.394
5746.962 3658.840
5748.015 3543.429
5749.068 3615.118
5750.121 3527.689
5751.174 3521.858
5752.227 3490.961
5753.280 3505.946
5754.333 3572.053
5755.386 3316.649
5756.439 3584.059
5757.492 3622.597
5758.545 3520.208
5759.598 3485.064
5760.651 3467.568
5761.704 3488.458
5762.757 3545.596
5763.810 3473.488
5764.863 3517.672
5765.916 3339.429
5766.969 3424.487
5768.022 3546.116
5769.075 3501.829
5770.128 3558.393
5771.181 3467.851
5772.234 3489.462
5773.287 3465.165
5774.340 3726.307
5775.393 3478.019
5776.446 3215.425
5777.499 3407.802
5778.552 3294.014
5779.605 3353.987
5780.658 3511.655
5781.711 3395.235
5782.764 3508.172
5783.817 3442.484
5784.870 3538.975
5785.923 3354.225
5786.976 3329.061
5788.029 3462.656
5789.082 3424.301
5790.135 3397.895
5791.188 3485.796
5792.241 3499.320
5793.294 3374.562
5794.347 3363.774
5795.400 3305.964
5796.453 3359.350
5797.506 3388.479
5798.559 3402.815
5799.612 3351.435
5800.665 3388.145
5801.718 3365.400
5802.771 3450.119
5803.824 3501.311
5804.877 3323.308
5805.931 3486.144
5806.984 3397.746
5808.037 3381.946
5809.090 3455.238
5810.143 3417.166
5811.196 3427.456
5812.249 3378.604
5813.302 3359.102
5814.355 3347.061
5815.408 3417.742
5816.461 3334.008
5817.514 3241.203
5818.567 3404.246
5819.620 3395.211
5820.673 3381.156
5821.726 3387.236
5822.779 3405.380
5823.832 3452.973
5824.885 3382.017
5825.938 3285.009
5826.991 3417.941
5828.044 3302.178
5829.097 3246.762
5830.150 3284.746
5831.203 3377.078
5832.256 3248.947
5833.309 3348.974
5834.362 3328.677
5835.415 3343.667
5836.468 3403.515
5837.521 3380.398
5838.574 3374.511
5839.627 3288.595
5840.680 3320.307
5841.733 3203.269
5842.786 3333.023
5843.839 3314.562
5844.892 3293.071
5845.945 3267.133
5846.998 3392.216
5848.051 3333.502
5849.104 3265.051
5850.157 3156.581
5851.210 3163.799
5852.263 3250.692
5853.316 3271.235
5854.369 3276.216
5855.422 3233.077
5856.475 3340.590
5857.528 3326.069
5858.581 3304.039
5859.634 3203.680
5860.687 3171.761
5861.740 3251.823
5862.793 3100.054
5863.846 3209.798
5864.899 3616.010
5865.952 3800.481
5867.005 3830.595
5868.058 3705.943
5869.111 3642.883
5870.164 3411.878
5871.217 3318.051
5872.270 3310.520
5873.323 3341.910
5874.376 3250.763
5875.429 3310.563
5876.482 3244.729
5877.535 4907.586
5878.588 8825.906
5879.641 10020.381
5880.694 6130.256
5881.747 3512.255
5882.800 3326.082
5883.853 3273.418
5884.906 3132.724
5885.959 3230.196
5887.012 3825.795
5888.065 4349.282
5889.119 7417.063
5890.172 8816.035
5891.225 6864.597
5892.278 3435.334
5893.331 3241.838
5894.384 3967.743
5895.437 6146.857
5896.490 6384.774
5897.543 4560.203
5898.596 3062.410
5899.649 3011.688
5900.702 3122.443
5901.755 3194.025
5902.808 3200.966
5903.861 3275.024
5904.914 3161.681
5905.967 3147.248
5907.020 3315.835
5908.073 3108.582
5909.126 3087.392
5910.179 3152.503
5911.232 3180.796
5912.285 3200.815
5913.338 3148.819
5914.391 3455.954
5915.444 3887.785
5916.497 3613.285
5917.550 3174.617
5918.603 3017.097
5919.656 3011.827
5920.709 3082.573
5921.762 3176.560
5922.815 3150.309
5923.868 3213.410
5924.921 3280.242
5925.974 3239.897
5927.027 3112.982
5928.080 3034.028
5929.133 3108.466
5930.186 3171.420
5931.239 3146.639
5932.292 3692.583
5933.345 3760.576
5934.398 3341.884
5935.451 3026.117
5936.504 2990.271
5937.557 2894.064
5938.610 3002.910
5939.663 2993.352
5940.716 3010.447
5941.769 2908.853
5942.822 2970.009
5943.875 2950.535
5944.928 3057.317
5945.981 3321.142
5947.034 3266.772
5948.087 2964.810
5949.140 3031.782
5950.193 3014.135
5951.246 3003.812
5952.299 3236.712
5953.352 3541.192
5954.405 3414.543
5955.458 3059.517
5956.511 2871.148
5957.564 2929.798
5958.617 2970.000
5959.670 3054.624
5960.723 2899.714
5961.776 2818.976
5962.829 2870.356
5963.882 2921.278
5964.935 2956.511
5965.988 3049.352
5967.041 2842.870
5968.094 2821.791
5969.147 3090.326
5970.200 3100.870
5971.254 3042.545
5972.307 2883.241
5973.360 2779.961
5974.413 2919.255
5975.466 3011.935
5976.519 3229.886
5977.572 3254.313
5978.625 3057.671
5979.678 2875.250
5980.731 2763.945
5981.784 2852.885
5982.837 2913.042
5983.890 2764.345
5984.943 2908.579
5985.996 2811.856
5987.049 2868.512
5988.102 2881.496
5989.155 2821.390
5990.208 2828.148
5991.261 2929.323
5992.314 2768.352
5993.367 2711.790
5994.420 2699.329
5995.473 2725.269
5996.526 2831.595
5997.579 2805.938
5998.632 2811.387
5999.685 2760.120
6000.738 2644.576
6001.791 2774.449
6002.844 2816.174
6003.897 2834.922
6004.950 2861.970
6006.003 2756.339
6007.056 2701.529
6008.109 2638.710
6009.162 2676.724
6010.215 2718.814
6011.268 2654.454
6012.321 2689.930
6013.374 2683.708
6014.427 2617.541
6015.480 2717.622
6016.533 2789.935
6017.586 2627.680
6018.639 2634.509
6019.692 2709.189
6020.745 2700.263
6021.798 2622.678
6022.851 2683.492
6023.904 2724.185
6024.957 2685.427
6026.010 2734.935
6027.063 2673.963
6028.116 2699.534
6029.169 2560.902
6030.222 2540.918
6031.275 2639.093
6032.328 2615.225
6033.381 2647.750
6034.434 2705.510
6035.487 2719.589
6036.540 2532.086
6037.593 2523.314
6038.646 2533.081
6039.699 2522.714
6040.752 2666.894
6041.805 2528.217
6042.858 2548.162
6043.911 2527.207
6044.964 2487.360
6046.017 2637.937
6047.070 2620.385
6048.123 2642.471
6049.176 2620.486
6050.229 2602.769
6051.282 2526.805
6052.335 2601.450
6053.388 2504.632
6054.442 2499.900
6055.495 2567.705
6056.548 2516.589
6057.601 2557.063
6058.654 2603.778
6059.707 2602.964
6060.760 2596.144
6061.813 2449.694
6062.866 2491.957
6063.919 2519.927
6064.972 2488.338
6066.025 2537.814
6067.078 2658.899
6068.131 2498.775
6069.184 2539.319
6070.237 2552.754
6071.290 2519.443
6072.343 2564.322
6073.396 2507.616
6074.449 2571.278
6075.502 2501.741
6076.555 2501.409
6077.608 2485.411
6078.661 2436.829
6079.714 2399.703
6080.767 2455.100
6081.820 2496.847
6082.873 2466.884
6083.926 2472.267
6084.979 2341.464
6086.032 2436.671
6087.085 2499.699
6088.138 2397.373
6089.191 2464.466
6090.244 2478.996
6091.297 2364.284
6092.350 2494.787
6093.403 2446.488
6094.456 2421.498
6095.509 2476.936
6096.562 2419.185
6097.615 2442.485
6098.668 2505.437
6099.721 2475.442
6100.774 2415.848
6101.827 2392.766
6102.880 2434.022
6103.933 2456.681
6104.986 2475.274
6106.039 2468.918
6107.092 2374.922
6108.145 2384.421
6109.198 2382.079
6110.251 2364.045
6111.304 2415.915
6112.357 2387.943
6113.410 2305.123
6114.463 2427.567
6115.516 2423.847
6116.569 2332.933
6117.622 2371.562
6118.675 2414.703
6119.728 2405.320
6120.781 2397.008
6121.834 2370.224
6122.887 2344.117
6123.940 2333.287
6124.993 2405.977
6126.046 2362.361
6127.099 2442.380
6128.152 2361.642
6129.205 2231.996
6130.258 2329.747
6131.311 2512.465
6132.364 2332.102
6133.417 2194.660
6134.470 2308.288
6135.523 2394.383
6136.577 2455.133
6137.630 2411.903
6138.683 2440.868
6139.736 2454.263
6140.789 2458.177
6141.842 2345.216
6142.895 2495.340
6143.948 2455.655
6145.001 2515.453
6146.054 2437.986
6147.107 2264.566
6148.160 2329.710
6149.213 2340.537
6150.266 2310.421
6151.319 2309.810
6152.372 2326.070
6153.425 2365.575
6154.478 2398.228
6155.531 2702.839
6156.584 2950.256
6157.637 3066.261
6158.690 2989.578
6159.743 2563.974
6160.796 2283.419
6161.849 2309.800
6162.902 2316.629
6163.955 2355.590
6165.008 2361.506
6166.061 2225.745
6167.114 2320.562
6168.167 2230.789
6169.220 2369.278
6170.273 2572.088
6171.326 2635.796
6172.379 2400.383
6173.432 2253.856
6174.485 2289.054
6175.538 2329.449
6176.591 2364.498
6177.644 2370.841
6178.697 2199.768
6179.750 2377.752
6180.803 2382.955
6181.856 2209.147
6182.909 2256.731
6183.962 2355.769
6185.015 2351.142
6186.068 2162.068
6187.121 2254.508
6188.174 2221.773
6189.227 2240.871
6190.280 2174.489
6191.333 2229.610
6192.386 2372.266
6193.439 2385.468
6194.492 2252.347
6195.545 2246.070
6196.598 2191.154
6197.651 2201.241
6198.704 2168.212
6199.757 2203.713
6200.810 2161.405
6201.863 2406.305
6202.916 2509.378
6203.969 2401.998
6205.022 2288.689
6206.075 2139.066
6207.128 2165.071
6208.181 2146.062
6209.234 2203.180
6210.287 2193.294
6211.340 2185.713
6212.393 2315.640
6213.446 2216.155
6214.499 2238.423
6215.552 2131.274
6216.605 2151.132
6217.658 2157.374
6218.711 2143.699
6219.765 2093.453
6220.818 2331.780
6221.871 2495.500
6222.924 2355.445
6223.977 2261.736
6225.030 2132.774
6226.083 2140.976
6227.136 2093.502
6228.189 2164.551
6229.242 2136.751
6230.295 2159.060
6231.348 2124.623
6232.401 2231.935
6233.454 2453.311
6234.507 2893.211
6235.560 3244.066
6236.613 3190.397
6237.666 2723.518
6238.719 2281.933
6239.772 2282.624
6240.825 2518.113
6241.878 2519.596
6242.931 2380.105
6243.984 2474.184
6245.037 2389.128
6246.090 2149.078
6247.143 2194.192
6248.196 2197.091
6249.249 2181.270
6250.302 2112.619
6251.355 2151.467
6252.408 2205.695
6253.461 2196.143
6254.514 2113.459
6255.567 2132.870
6256.620 2630.711
6257.673 3293.259
6258.726 3217.325
6259.779 2402.062
6260.832 2217.056
6261.885 2159.546
6262.938 2160.997
6263.991 2374.583
6265.044 2492.611
6266.097 2498.088
6267.150 2222.127
6268.203 2218.066
6269.256 2252.513
6270.309 2165.471
6271.362 2136.122
6272.415 2132.661
6273.468 2079.101
6274.521 2226.883
6275.574 2259.147
6276.627 2124.182
6277.680 2068.912
6278.733 2001.629
6279.786 2024.947
6280.839 2019.672
6281.892 1996.407
6282.945 2067.670
6283.998 2098.780
6285.051 2011.158
6286.104 2456.977
6287.157 3091.686
6288.210 3018.159
6289.263 2441.997
6290.316 2127.901
6291.369 2116.518
6292.422 2022.444
6293.475 2082.621
6294.528 2108.035
6295.581 2014.742
6296.634 2602.780
6297.687 2503.911
6298.740 14589.017
6299.793 44678.476
6300.846 53844.748
6301.899 28041.718
6302.953 1703.887
6304.006 2885.478
6305.059 2308.288
6306.112 2832.185
6307.165 3328.524
6308.218 2840.886
6309.271 2111.051
6310.324 2037.971
6311.377 2043.005
6312.430 2020.711
6313.483 2087.985
6314.536 2275.418
6315.589 2642.795
6316.642 2552.022
6317.695 2277.173
6318.748 2032.816
6319.801 2092.534
6320.854 2298.107
6321.907 2259.955
6322.960 2200.638
6324.013 2060.891
6325.066 1997.531
6326.119 2050.241
6327.172 2076.776
6328.225 2188.125
6329.278 2858.572
6330.331 2936.279
6331.384 2562.405
6332.437 2054.006
6333.490 2106.772
6334.543 2030.918
6335.596 2010.624
6336.649 2116.367
6337.702 2035.530
6338.755 1921.013
6339.808 2124.643
6340.861 2109.604
6341.914 1976.636
6342.967 2022.727
6344.020 1998.438
6345.073 1922.462
6346.126 1961.403
6347.179 2085.313
6348.232 2081.595
6349.285 2105.346
6350.338 2066.593
6351.391 1925.537
6352.444 1960.209
6353.497 1965.419
6354.550 2041.630
6355.603 2424.013
6356.656 2637.784
6357.709 2254.482
6358.762 1933.524
6359.815 1938.326
6360.868 2221.581
6361.921 3492.411
6362.974 13690.236
6364.027 19853.927
6365.080 12388.253
6366.133 3648.319
6367.186 1776.911
6368.239 2191.847
6369.292 1980.761
6370.345 1907.829
6371.398 1906.783
6372.451 1892.226
6373.504 1953.794
6374.557 1933.703
6375.610 1824.550
6376.663 1849.780
6377.716 1956.982
6378.769 2090.155
6379.822 2087.008
6380.875 1971.667
6381.928 1911.267
6382.981 1911.174
6384.034 1919.239
6385.088 2025.774
6386.141 2221.471
6387.194 2105.237
6388.247 1956.255
6389.300 1929.480
6390.353 1961.428
6391.406 1953.457
6392.459 1954.204
6393.512 1914.520
6394.565 1933.960
6395.618 1916.305
6396.671 1861.241
6397.724 1926.164
6398.777 1884.349
6399.830 1854.477
6400.883 1840.455
6401.936 1834.177
6402.989 1893.753
6404.042 1880.669
6405.095 1861.352
6406.148 1860.394
6407.201 1843.819
6408.254 1898.124
6409.307 1829.809
6410.360 1871.745
6411.413 1798.972
6412.466 1847.217
6413.519 1826.819
6414.572 1918.879
6415.625 1800.544
6416.678 1906.169
6417.731 1901.497
6418.784 1862.134
6419.837 1922.364
6420.890 2003.249
6421.943 1838.507
6422.996 1893.248
6424.049 1899.677
6425.102 1751.475
6426.155 1790.126
6427.208 1795.000
6428.261 1809.131
6429.314 1825.572
6430.367 1767.149
6431.420 1748.917
6432.473 1865.942
6433.526 1790.758
6434.579 1745.629
6435.632 1809.640
6436.685 1786.730
6437.738 1797.859
6438.791 1809.560
6439.844 1853.390
6440.897 1830.221
6441.950 1821.821
6443.003 1786.485
6444.056 1765.306
6445.109 1819.960
6446.162 1792.680
6447.215 1779.195
6448.268 1812.102
6449.321 1860.525
6450.374 1787.290
6451.427 1821.056
6452.480 1877.399
6453.533 2035.424
6454.586 2027.064
6455.639 2001.980
6456.692 1962.189
6457.745 1943.010
6458.798 1956.432
6459.851 1752.849
6460.904 1825.157
6461.957 1857.205
6463.010 2006.039
6464.063 2051.084
6465.116 2212.021
6466.169 2286.934
6467.222 2118.075
6468.276 1792.190
6469.329 1940.586
6470.382 2347.863
6471.435 2293.456
6472.488 1924.355
6473.541 1811.908
6474.594 1764.461
6475.647 1753.812
6476.700 1788.011
6477.753 1875.631
6478.806 1914.848
6479.859 1744.279
6480.912 1762.110
6481.965 1711.134
6483.018 1689.483
6484.071 1718.080
6485.124 1732.985
6486.177 1754.895
6487.230 1622.571
6488.283 1618.096
6489.336 1740.830
6490.389 1750.240
6491.442 1681.506
6492.495 1749.907
6493.548 1740.124
6494.601 1655.956
6495.654 1637.878
6496.707 1786.787
6497.760 2391.472
6498.813 3050.054
6499.866 2673.906
6500.919 1857.477
6501.972 1749.241
6503.025 1765.668
6504.078 1964.351
6505.131 2125.113
6506.184 1942.728
6507.237 1646.644
6508.290 1740.265
6509.343 1632.858
6510.396 1755.079
6511.449 1729.482
6512.502 1658.741
6513.555 1694.810
6514.608 1830.734
6515.661 1709.329
6516.714 1670.121
6517.767 1692.906
6518.820 1709.468
6519.873 1662.307
6520.926 1800.903
6521.979 1948.569
6523.032 1893.406
6524.085 1796.611
6525.138 1700.701
6526.191 1699.099
6527.244 1692.234
6528.297 1645.472
6529.350 1660.986
6530.403 1691.102
6531.456 1932.096
6532.509 2472.994
6533.562 2615.976
6534.615 1991.290
6535.668 1618.500
6536.721 1732.123
6537.774 1654.099
6538.827 1736.374
6539.880 1670.767
6540.933 1671.578
6541.986 1658.704
6543.039 1848.269
6544.092 2021.296
6545.145 1926.136
6546.198 1702.368
6547.251 1548.681
6548.304 1639.741
6549.357 1654.584
6550.411 1641.566
6551.464 1814.296
6552.517 2403.945
6553.570 2780.567
6554.623 2496.385
6555.676 1764.696
6556.729 1573.218
6557.782 1555.605
6558.835 1496.875
6559.888 1476.739
6560.941 1574.957
6561.994 1495.743
6563.047 2926.622
6564.100 920.619
6565.153 42463.169
6566.206 114205.120
6567.259 121605.308
6568.312 52503.793
6569.365 4195.386
6570.418 5646.184
6571.471 2887.455
6572.524 1835.359
6573.577 1507.883
6574.630 1575.047
6575.683 1685.635
6576.736 2238.959
6577.789 2247.931
6578.842 2013.445
6579.895 1632.660
6580.948 1633.016
6582.001 1578.977
6583.054 1622.660
6584.107 1633.787
6585.160 1622.201
6586.213 1903.871
6587.266 2159.626
6588.319 2054.309
6589.372 1819.315
6590.425 1731.698
6591.478 1848.764
6592.531 1716.273
6593.584 1577.601
6594.637 1606.839
6595.690 1663.913
6596.743 1806.192
6597.796 1709.201
6598.849 1628.320
6599.902 1627.059
6600.955 1603.566
6602.008 1601.106
6603.061 1778.372
6604.114 2000.522
6605.167 1896.568
6606.220 1657.874
6607.273 1549.683
6608.326 1543.664
6609.379 1572.282
6610.432 1648.036
6611.485 1596.117
6612.538 1580.455
6613.591 1557.803
6614.644 1545.924
6615.697 1586.956
6616.750 1663.948
6617.803 1596.943
6618.856 1581.961
6619.909 1593.512
6620.962 1507.485
6622.015 1548.390
6623.068 1572.234
6624.121 1545.630
6625.174 1552.008
6626.227 1575.904
6627.280 1656.762
6628.333 1684.541
6629.386 1669.503
6630.439 1603.795
6631.492 1588.148
6632.545 1629.194
6633.599 1663.967
6634.652 1705.170
6635.705 1669.082
6636.758 1601.241
6637.811 1598.159
6638.864 1516.868
6639.917 1530.934
6640.970 1604.112
6642.023 1516.537
6643.076 1519.958
6644.129 1498.723
6645.182 1593.309
6646.235 1585.557
6647.288 1590.212
6648.341 1458.585
6649.394 1536.404
6650.447 1552.215
6651.500 1504.258
6652.553 1546.903
6653.606 1586.384
6654.659 1597.071
6655.712 1535.104
6656.765 1485.383
6657.818 1474.001
6658.871 1537.139
6659.924 1571.610
6660.977 1628.546
6662.030 1584.088
6663.083 1560.421
6664.136 1551.699
6665.189 1525.230
6666.242 1542.252
6667.295 1551.367
6668.348 1558.877
6669.401 1522.503
6670.454 1445.452
6671.507 1479.520
6672.560 1576.008
6673.613 1557.398
6674.666 1490.158
6675.719 1512.435
6676.772 1526.267
6677.825 1501.327
6678.878 1474.983
6679.931 1484.539
6680.984 2235.558
6682.037 2808.211
6683.090 2604.140
6684.143 1721.514
6685.196 1488.529
6686.249 1542.644
6687.302 1493.670
6688.355 1438.014
6689.408 1524.833
6690.461 1500.584
6691.514 1472.247
6692.567 1474.810
6693.620 1483.770
6694.673 1516.903
6695.726 1456.731
6696.779 1488.917
6697.832 1550.111
6698.885 1491.395
6699.938 1516.832
6700.991 1501.940
6702.044 1457.630
6703.097 1503.862
6704.150 1570.360
6705.203 1610.558
6706.256 1475.394
6707.309 1555.526
6708.362 1542.216
6709.415 1431.648
6710.468 1525.034
6711.521 1539.010
6712.574 1519.469
6713.627 1467.732
6714.680 1430.778
6715.734 1595.021
6716.787 1536.728
6717.840 1502.116
6718.893 1864.662
6719.946 2600.321
6720.999 2834.311
6722.052 2228.686
6723.105 1925.336
6724.158 1935.987
6725.211 1703.810
6726.264 1509.595
6727.317 1479.960
6728.370 1496.592
6729.423 1455.614
6730.476 1485.127
6731.529 1478.922
6732.582 1582.875
6733.635 1953.134
6734.688 2426.377
6735.741 2302.198
6736.794 1780.121
6737.847 1853.726
6738.900 1846.857
6739.953 1582.847
6741.006 1547.789
6742.059 1493.835
6743.112 1400.601
6744.165 1464.798
6745.218 1426.856
6746.271 1464.740
6747.324 1429.015
6748.377 1432.305
6749.430 1464.320
6750.483 1426.397
6751.536 1382.464
6752.589 1411.883
6753.642 1452.467
6754.695 1406.031
6755.748 1439.282
6756.801 1423.605
6757.854 1449.929
6758.907 1459.003
6759.960 1449.281
6761.013 1441.841
6762.066 1394.773
6763.119 1477.225
6764.172 1434.303
6765.225 1432.958
6766.278 1418.361
6767.331 1438.893
6768.384 1403.737
6769.437 1402.442
6770.490 1414.748
6771.543 1354.761
6772.596 1376.501
6773.649 1410.069
6774.702 1384.448
6775.755 1364.042
6776.808 1395.320
6777.861 1383.985
6778.914 1330.929
6779.967 1385.415
6781.020 1489.491
6782.073 1487.572
6783.126 1443.825
6784.179 1467.585
6785.232 1414.262
6786.285 1411.233
6787.338 1408.028
6788.391 1382.183
6789.444 1374.362
6790.497 1490.612
6791.550 1392.712
6792.603 1476.144
6793.656 1379.964
6794.709 1346.481
6795.762 1390.178
6796.815 1403.798
6797.868 1375.935
6798.922 1388.028
6799.975 1388.770
6801.028 1424.959
6802.081 1448.511
6803.134 1410.621
6804.187 1402.394
6805.240 1375.230
6806.293 1341.039
6807.346 1397.941
6808.399 1429.627
6809.452 1413.455
6810.505 1404.218
6811.558 1392.161
6812.611 1379.409
6813.664 1402.342
6814.717 1388.317
6815.770 1381.014
6816.823 1343.031
6817.876 1365.579
6818.929 1372.399
6819.982 1367.606
6821.035 1282.001
6822.088 1367.640
6823.141 1383.707
6824.194 1356.575
6825.247 1350.195
6826.300 1533.199
6827.353 1916.541
6828.406 2423.117
6829.459 2800.927
6830.512 2335.069
6831.565 1612.178
6832.618 1734.166
6833.671 2507.892
6834.724 2718.809
6835.777 2136.409
6836.830 1399.005
6837.883 1384.992
6838.936 1415.457
6839.989 1430.347
6841.042 1582.271
6842.095 1688.169
6843.148 1570.703
6844.201 1366.140
6845.254 1276.943
6846.307 1381.714
6847.360 1369.164
6848.413 1377.862
6849.466 1382.838
6850.519 1346.600
6851.572 1353.392
6852.625 1319.316
6853.678 1348.908
6854.731 1389.769
6855.784 1385.012
6856.837 1353.969
6857.890 1284.480
6858.943 1347.731
6859.996 1400.610
6861.049 1350.208
6862.102 1627.021
6863.155 3426.793
6864.208 4043.639
6865.261 2947.296
6866.314 1422.150
6867.367 881.109
6868.420 811.403
6869.473 931.469
6870.526 1129.227
6871.579 1172.961
6872.632 1055.809
6873.685 940.258
6874.738 958.317
6875.791 1012.035
6876.844 1068.835
6877.897 1117.492
6878.950 1157.655
6880.003 1303.346
6881.056 1561.813
6882.110 1563.759
6883.163 1304.672
6884.216 1218.515
6885.269 1100.463
6886.322 1034.601
6887.375 1108.372
6888.428 1458.018
6889.481 1688.566
6890.534 1449.216
6891.587 1199.864
6892.640 1109.787
6893.693 1208.584
6894.746 1274.977
6895.799 1147.153
6896.852 1085.898
6897.905 1144.746
6898.958 1268.724
6900.011 1465.047
6901.064 1593.194
6902.117 1525.623
6903.170 1251.646
6904.223 1101.083
6905.276 1089.380
6906.329 1326.073
6907.382 1265.253
6908.435 1169.278
6909.488 1165.425
6910.541 1222.809
6911.594 1678.830
6912.647 1994.067
6913.700 1747.669
6914.753 1357.612
6915.806 1246.939
6916.859 1283.093
6917.912 1212.309
6918.965 1129.228
6920.018 1175.969
6921.071 1318.306
6922.124 1885.462
6923.177 2723.708
6924.230 2369.440
6925.283 1417.054
6926.336 1310.170
6927.389 1262.699
6928.442 1240.720
6929.495 1325.768
6930.548 1213.641
6931.601 1178.703
6932.654 1255.262
6933.707 1259.423
6934.760 1203.701
6935.813 1250.869
6936.866 1264.599
6937.919 1395.863
6938.972 1789.231
6940.025 1946.732
6941.078 1591.058
6942.131 1240.370
6943.184 1239.177
6944.237 1238.165
6945.290 1296.068
6946.343 1280.855
6947.396 1454.133
6948.449 2709.616
6949.502 3005.889
6950.555 2057.755
6951.608 1409.628
6952.661 1339.925
6953.714 1301.278
6954.767 1294.570
6955.820 1342.889
6956.873 1287.040
6957.926 1254.690
6958.979 1289.947
6960.032 1281.901
6961.085 1259.254
6962.138 1275.635
6963.191 1302.596
6964.245 1292.297
6965.298 1305.745
6966.351 1332.839
6967.404 1315.933
6968.457 1357.142
6969.510 1639.383
6970.563 1685.901
6971.616 1395.002
6972.669 1286.365
6973.722 1246.837
6974.775 1303.411
6975.828 1266.134
6976.881 1494.103
6977.934 2053.115
6978.987 2253.415
6980.040 1687.194
6981.093 1181.637
6982.146 1252.128
6983.199 1294.981
6984.252 1309.378
6985.305 1286.289
6986.358 1290.292
6987.411 1312.002
6988.464 1219.860
6989.517 1241.299
6990.570 1267.450
6991.623 1231.327
6992.676 1291.254
6993.729 1213.366
6994.782 1196.586
6995.835 1244.127
6996.888 1293.416
6997.941 1294.099
6998.994 1248.184
7000.047 1256.078
7001.100 1365.254
7002.153 1523.017
7003.206 1591.262
7004.259 1457.329
7005.312 1295.387
7006.365 1202.657
7007.418 1179.266
7008.471 1176.399
7009.524 1303.336
7010.577 1451.328
7011.630 1619.690
7012.683 1539.404
7013.736 1303.212
7014.789 1249.516
7015.842 1199.305
7016.895 1202.151
7017.948 1230.683
7019.001 1211.231
7020.054 1203.677
7021.107 1225.456
7022.160 1227.243
7023.213 1175.179
7024.266 1175.787
7025.319 1158.091
7026.372 1168.167
7027.425 1169.850
7028.478 1243.132
7029.531 1249.624
7030.584 1196.393
7031.637 1180.478
7032.690 1216.894
7033.743 1180.064
7034.796 1243.058
7035.849 1232.394
7036.902 1167.969
7037.955 1184.167
7039.008 1193.893
7040.061 1278.771
7041.114 1343.904
7042.167 1284.538
7043.220 1259.905
7044.273 1184.709
7045.326 1253.041
7046.379 1344.006
7047.433 1436.145
7048.486 1536.038
7049.539 1449.140
7050.592 1326.785
7051.645 1318.656
7052.698 1312.515
7053.751 1171.031
7054.804 1187.334
7055.857 1254.936
7056.910 1209.648
7057.963 1175.588
7059.016 1166.524
7060.069 1147.882
7061.122 1174.571
7062.175 1218.778
7063.228 1197.773
7064.281 1227.358
7065.334 1226.960
7066.387 1226.950
7067.440 1307.486
7068.493 1825.577
7069.546 2169.976
7070.599 1778.519
7071.652 1346.895
7072.705 1213.182
7073.758 1174.495
7074.811 1244.646
7075.864 1256.747
7076.917 1223.400
7077.970 1260.668
7079.023 1219.669
7080.076 1145.398
7081.129 1146.626
7082.182 1241.178
7083.235 1283.294
7084.288 1252.585
7085.341 1133.892
7086.394 1160.540
7087.447 1238.648
7088.500 1319.909
7089.553 1337.542
7090.606 1279.352
7091.659 1202.386
7092.712 1207.259
7093.765 1231.871
7094.818 1187.770
7095.871 1151.271
7096.924 1168.135
7097.977 1155.772
7099.030 1122.732
7100.083 1171.854
7101.136 1179.938
7102.189 1123.798
7103.242 1139.341
7104.295 1235.113
7105.348 1169.345
7106.401 1208.975
7107.454 1211.693
7108.507 1139.407
7109.560 1151.851
7110.613 1266.844
7111.666 1237.348
7112.719 1132.913
7113.772 1173.868
7114.825 1190.842
7115.878 1162.144
7116.931 1200.565
7117.984 1132.436
7119.037 1111.682
7120.090 1150.247
7121.143 1102.819
7122.196 1159.837
7123.249 1124.421
7124.302 1194.786
7125.355 1164.255
7126.408 1173.500
7127.461 1262.996
7128.514 1244.281
7129.568 1212.325
7130.621 1177.723
7131.674 1144.364
7132.727 1190.479
7133.780 1210.008
7134.833 1155.166
7135.886 1160.961
7136.939 1144.650
7137.992 1351.234
7139.045 2787.925
7140.098 3654.896
7141.151 2938.021
7142.204 1578.286
7143.257 1249.153
7144.310 1328.933
7145.363 1240.518
7146.416 1281.614
7147.469 1237.450
7148.522 1173.855
7149.575 1180.046
7150.628 1151.796
7151.681 1137.005
7152.734 1076.139
7153.787 1108.047
7154.840 1116.081
7155.893 1132.117
7156.946 1113.726
7157.999 1134.526
7159.052 1166.229
7160.105 1155.783
7161.158 1167.547
7162.211 1233.336
7163.264 1173.167
7164.317 1076.003
7165.370 1109.723
7166.423 1117.735
7167.476 1065.939
7168.529 1112.360
7169.582 1199.755
7170.635 1188.619
7171.688 1090.019
7172.741 1065.562
7173.794 1140.340
7174.847 1103.568
7175.900 1181.466
7176.953 1094.488
7178.006 1075.938
7179.059 1113.479
7180.112 1107.065
7181.165 1151.252
7182.218 1161.850
7183.271 1094.697
7184.324 1017.502
7185.377 980.961
7186.430 987.595
7187.483 1004.528
7188.536 1077.653
7189.589 1154.141
7190.642 1072.171
7191.695 1050.152
7192.748 929.138
7193.801 1073.013
7194.854 1099.824
7195.907 1072.536
7196.960 1036.172
7198.013 1070.201
7199.066 1032.592
7200.119 993.236
7201.172 1038.759
7202.225 1093.248
7203.278 1068.366
7204.331 998.505
7205.384 1041.212
7206.437 1009.778
7207.490 992.739
7208.543 1000.644
7209.596 1056.253
7210.649 1074.338
7211.702 1089.464
7212.756 1055.330
7213.809 1127.756
7214.862 1024.138
7215.915 975.960
7216.968 1060.640
7218.021 1054.102
7219.074 1072.489
7220.127 1146.520
7221.180 1131.115
7222.233 1112.656
7223.286 1092.644
7224.339 1108.619
7225.392 1097.678
7226.445 1064.309
7227.498 1060.110
7228.551 1089.215
7229.604 1162.112
7230.657 1114.352
7231.710 1018.610
7232.763 1057.018
7233.816 1100.814
7234.869 1074.631
7235.922 1034.610
7236.975 1193.403
7238.028 1887.939
7239.081 2904.162
7240.134 3667.521
7241.187 3373.593
7242.240 2309.003
7243.293 1910.962
7244.346 3089.501
7245.399 3833.348
7246.452 2815.861
7247.505 1675.473
7248.558 1221.166
7249.611 1081.842
7250.664 1065.454
7251.717 1247.144
7252.770 1518.636
7253.823 1602.390
7254.876 1452.558
7255.929 1231.532
7256.982 1132.109
7258.035 1101.823
7259.088 1073.981
7260.141 1074.557
7261.194 1064.478
7262.247 1103.238
7263.300 1096.668
7264.353 1055.386
7265.406 1028.758
7266.459 1109.084
7267.512 1196.558
7268.565 1194.707
7269.618 1183.361
7270.671 1140.637
7271.724 1063.585
7272.777 1023.948
7273.830 1209.375
7274.883 2626.134
7275.936 5055.812
7276.989 5414.489
7278.042 2923.964
7279.095 1335.265
7280.148 1117.352
7281.201 1143.910
7282.254 1222.080
7283.307 1862.919
7284.360 2778.516
7285.413 2709.720
7286.466 1746.868
7287.519 1195.412
7288.572 1100.311
7289.625 1000.716
7290.678 1063.247
7291.731 1165.151
7292.784 1058.209
7293.837 1077.047
7294.891 1340.966
7295.944 1565.638
7296.997 1469.875
7298.050 1175.411
7299.103 1072.577
7300.156 1068.324
7301.209 1036.090
7302.262 1326.905
7303.315 1846.736
7304.368 1957.344
7305.421 1523.298
7306.474 1136.793
7307.527 1060.682
7308.580 1038.538
7309.633 1071.142
7310.686 1175.141
7311.739 1110.775
7312.792 1130.516
7313.845 988.141
7314.898 2258.152
7315.951 4170.171
7317.004 4052.456
7318.057 2430.699
7319.110 1231.198
7320.163 1032.561
7321.216 1091.408
7322.269 1109.990
7323.322 1148.743
7324.375 1194.627
7325.428 1173.499
7326.481 1064.649
7327.534 1441.865
7328.587 2139.464
7329.640 2455.988
7330.693 1876.350
7331.746 1233.106
7332.799 1148.808
7333.852 1164.558
7334.905 1164.155
7335.958 1133.020
7337.011 1093.660
7338.064 1101.875
7339.117 1667.402
7340.170 4010.118
7341.223 5154.507
7342.276 3463.919
7343.329 1750.245
7344.382 1122.449
7345.435 1061.562
7346.488 1023.686
7347.541 1008.252
7348.594 1028.434
7349.647 990.683
7350.700 1069.349
7351.753 1100.743
7352.806 1077.129
7353.859 1048.106
7354.912 1050.455
7355.965 984.811
7357.018 1263.267
7358.071 1898.399
7359.124 2243.752
7360.177 1691.257
7361.230 1154.564
7362.283 1044.965
7363.336 1024.166
7364.389 1052.548
7365.442 1058.653
7366.495 999.391
7367.548 1425.330
7368.601 3039.388
7369.654 3832.985
7370.707 2862.754
7371.760 1606.122
7372.813 1094.927
7373.866 1065.398
7374.919 1034.728
7375.972 994.953
7377.025 986.193
7378.079 993.126
7379.132 963.606
7380.185 941.689
7381.238 994.549
7382.291 991.003
7383.344 985.570
7384.397 1005.915
7385.450 916.295
7386.503 982.944
7387.556 1053.149
7388.609 965.992
7389.662 939.344
7390.715 1234.093
7391.768 1709.844
7392.821 1790.845
7393.874 1428.350
7394.927 1082.955
7395.980 954.178
7397.033 931.110
7398.086 918.351
7399.139 947.540
7400.192 1277.132
7401.245 2337.171
7402.298 2629.241
7403.351 1920.672
7404.404 1285.290
7405.457 1030.428
7406.510 961.712
7407.563 963.745
7408.616 941.118
7409.669 933.733
7410.722 993.017
7411.775 996.969
7412.828 959.702
7413.881 945.133
7414.934 940.632
7415.987 932.704
7417.040 984.557
7418.093 976.346
7419.146 965.012
7420.199 919.762
7421.252 936.890
7422.305 984.325
7423.358 953.311
7424.411 918.288
7425.464 946.119
7426.517 940.836
7427.570 939.622
7428.623 1100.174
7429.676 1293.576
7430.729 1315.591
7431.782 1082.756
7432.835 903.884
7433.888 932.974
7434.941 946.444
7435.994 935.751
7437.047 1260.247
7438.100 1693.917
7439.153 1743.418
7440.206 1378.052
7441.259 1005.090
7442.312 942.540
7443.365 909.944
7444.418 904.541
7445.471 886.349
7446.524 950.172
7447.577 935.945
7448.630 946.992
7449.683 909.850
7450.736 909.965
7451.789 948.220
7452.842 922.180
7453.895 954.302
7454.948 921.255
7456.001 970.622
7457.054 948.082
7458.107 950.177
7459.160 928.120
7460.214 955.565
7461.267 1021.802
7462.320 1098.539
7463.373 1082.132
7464.426 995.678
7465.479 1113.878
7466.532 1193.226
7467.585 1237.651
7468.638 1165.582
7469.691 1041.262
7470.744 1123.452
7471.797 1249.774
7472.850 1381.786
7473.903 1523.147
7474.956 1498.069
7476.009 1329.646
7477.062 1147.770
7478.115 1111.238
7479.168 1111.779
7480.221 1111.525
7481.274 1111.269
7482.327 1111.002
7483.380 1110.735
7484.433 1110.477
7485.486 1110.211
