3561.035 1857.650
3562.213 2774.937
3563.392 2096.836
3564.571 2523.206
3565.750 2110.722
3566.929 2394.144
3568.108 2026.823
3569.286 2038.152
3570.465 1502.107
3571.644 2021.783
3572.823 2175.907
3574.002 2239.294
3575.180 1989.905
3576.359 2148.689
3577.538 2580.763
3578.717 1897.397
3579.896 1417.112
3581.075 1971.742
3582.253 2336.141
3583.432 1782.614
3584.611 2413.266
3585.790 1639.143
3586.969 2090.380
3588.147 1974.514
3589.326 2132.353
3590.505 2164.070
3591.684 1711.268
3592.863 1824.282
3594.042 1837.162
3595.220 2500.422
3596.399 2056.173
3597.578 2076.850
3598.757 2338.343
3599.936 2206.551
3601.114 1847.001
3602.293 2262.523
3603.472 2175.970
3604.651 2235.139
3605.830 1459.179
3607.009 2424.777
3608.187 2128.987
3609.366 1599.311
3610.545 2010.539
3611.724 2603.437
3612.903 1743.270
3614.081 2254.285
3615.260 2441.483
3616.439 2623.154
3617.618 2589.904
3618.797 2651.127
3619.976 2408.498
3621.154 2531.665
3622.333 2285.502
3623.512 2207.328
3624.691 1815.768
3625.870 3195.111
3627.048 2629.917
3628.227 2398.940
3629.406 2102.510
3630.585 2504.109
3631.764 2638.021
3632.943 2624.745
3634.121 2600.559
3635.300 2810.724
3636.479 2598.146
3637.658 3215.388
3638.837 2319.312
3640.015 2506.337
3641.194 2417.551
3642.373 2376.603
3643.552 2730.481
3644.731 2787.792
3645.910 2694.941
3647.088 2289.262
3648.267 2353.639
3649.446 2456.831
3650.625 2422.818
3651.804 1854.165
3652.982 2087.022
3654.161 2310.147
3655.340 2242.193
3656.519 2010.035
3657.698 2034.306
3658.877 2104.864
3660.055 2157.947
3661.234 2145.592
3662.413 2204.836
3663.592 2215.049
3664.771 2253.400
3665.949 2036.598
3667.128 2062.254
3668.307 1952.464
3669.486 1819.097
3670.665 2026.265
3671.844 2151.882
3673.022 2116.051
3674.201 2290.925
3675.380 2320.116
3676.559 2199.178
3677.738 2047.794
3678.916 2196.008
3680.095 2043.245
3681.274 1799.805
3682.453 2119.857
3683.632 1945.610
3684.811 2092.828
3685.989 2342.904
3687.168 1750.470
3688.347 2011.353
3689.526 2296.879
3690.705 1889.123
3691.883 1904.988
3693.062 1845.337
3694.241 2249.480
3695.420 1801.659
3696.599 1573.313
3697.777 1964.823
3698.956 2241.744
3700.135 2628.733
3701.314 2009.887
3702.493 1953.188
3703.672 1815.083
3704.850 2106.192
3706.029 2572.648
3707.208 2781.614
3708.387 2447.172
3709.566 1706.910
3710.744 2144.971
3711.923 1959.306
3713.102 2236.649
3714.281 2787.644
3715.460 2492.338
3716.639 1788.603
3717.817 2068.159
3718.996 1847.812
3720.175 1360.665
3721.354 1873.424
3722.533 1997.146
3723.711 2854.299
3724.890 3067.684
3726.069 3316.187
3727.248 7269.191
3728.427 12437.926
3729.606 14274.624
3730.784 16720.518
3731.963 15871.770
3733.142 7462.050
3734.321 2845.460
3735.500 2990.112
3736.678 3179.559
3737.857 2875.736
3739.036 2073.769
3740.215 2090.079
3741.394 2183.781
3742.573 2050.309
3743.751 2157.353
3744.930 1889.800
3746.109 2154.078
3747.288 2083.318
3748.467 1542.375
3749.645 1870.048
3750.824 2214.498
3752.003 2898.207
3753.182 2813.147
3754.361 2307.542
3755.540 1693.719
3756.718 1810.344
3757.897 1810.933
3759.076 1908.696
3760.255 1738.993
3761.434 1739.278
3762.612 1689.931
3763.791 2051.053
3764.970 1739.487
3766.149 1585.298
3767.328 1883.471
3768.507 1487.446
3769.685 1619.615
3770.864 1893.739
3772.043 2971.463
3773.222 3429.891
3774.401 2821.126
3775.579 1730.910
3776.758 1795.505
3777.937 1678.309
3779.116 1912.031
3780.295 1537.638
3781.474 1655.938
3782.652 1879.390
3783.831 1587.133
3785.010 1877.424
3786.189 1881.803
3787.368 1878.371
3788.546 1537.020
3789.725 1486.255
3790.904 1777.495
3792.083 1715.344
3793.262 1632.168
3794.441 1982.209
3795.619 1723.786
3796.798 1657.932
3797.977 1720.694
3799.156 2876.033
3800.335 3724.813
3801.513 3048.407
3802.692 1718.438
3803.871 1614.790
3805.050 1341.985
3806.229 1843.712
3807.408 1385.917
3808.586 1583.343
3809.765 1200.261
3810.944 1508.226
3812.123 1854.393
3813.302 1677.426
3814.480 1657.406
3815.659 1711.339
3816.838 1665.428
3818.017 1727.706
3819.196 1636.845
3820.375 1701.813
3821.553 1799.771
3822.732 2029.258
3823.911 1845.936
3825.090 1654.478
3826.269 1552.483
3827.447 1630.327
3828.626 1708.540
3829.805 1652.914
3830.984 1825.795
3832.163 1780.725
3833.342 1717.704
3834.520 1680.232
3835.699 1758.457
3836.878 3838.399
3838.057 4319.118
3839.236 3587.646
3840.414 1660.020
3841.593 1407.321
3842.772 1429.268
3843.951 1617.235
3845.130 1714.990
3846.309 1459.888
3847.487 1603.571
3848.666 1500.025
3849.845 1478.705
3851.024 1438.803
3852.203 1577.351
3853.381 1564.622
3854.560 1537.342
3855.739 1531.092
3856.918 1622.885
3858.097 1506.690
3859.275 1315.078
3860.454 1338.997
3861.633 1482.323
3862.812 1535.629
3863.991 1500.458
3865.170 1351.459
3866.348 1381.554
3867.527 1671.686
3868.706 2252.076
3869.885 11251.783
3871.064 20192.190
3872.242 16642.938
3873.421 4105.835
3874.600 1367.704
3875.779 1385.739
3876.958 1510.989
3878.137 1251.843
3879.315 1263.090
3880.494 1308.279
3881.673 1385.866
3882.852 1386.431
3884.031 1480.779
3885.209 1412.679
3886.388 1417.372
3887.567 1518.947
3888.746 1754.364
3889.925 4647.323
3891.104 8827.730
3892.282 7625.709
3893.461 2789.712
3894.640 1297.627
3895.819 1298.737
3896.998 1317.850
3898.176 1375.777
3899.355 1294.427
3900.534 1508.600
3901.713 1355.531
3902.892 1294.178
3904.071 1279.937
3905.249 1249.220
3906.428 1502.739
3907.607 1664.985
3908.786 1453.800
3909.965 1340.392
3911.143 1383.067
3912.322 1506.064
3913.501 1430.193
3914.680 1370.646
3915.859 1441.431
3917.038 1420.343
3918.216 1236.983
3919.395 1172.165
3920.574 1159.978
3921.753 1223.326
3922.932 1248.624
3924.110 1237.116
3925.289 1139.699
3926.468 1170.884
3927.647 1194.960
3928.826 1143.316
3930.005 1242.289
3931.183 1162.257
3932.362 1059.842
3933.541 975.785
3934.720 941.010
3935.899 942.028
3937.077 875.624
3938.256 1185.721
3939.435 1339.816
3940.614 1347.412
3941.793 1200.431
3942.972 1283.091
3944.150 1375.359
3945.329 1246.788
3946.508 1359.882
3947.687 1485.073
3948.866 1440.015
3950.044 1134.193
3951.223 1111.305
3952.402 1163.860
3953.581 1209.914
3954.760 1223.227
3955.939 1193.184
3957.117 1063.926
3958.296 1268.187
3959.475 1218.450
3960.654 1130.840
3961.833 1071.560
3963.011 1136.016
3964.190 1102.502
3965.369 1092.640
3966.548 1385.386
3967.727 1827.328
3968.906 4248.474
3970.084 5619.467
3971.263 6759.753
3972.442 6636.807
3973.621 5272.179
3974.800 2058.324
3975.978 1200.229
3977.157 1161.597
3978.336 1101.624
3979.515 1143.087
3980.694 1169.599
3981.873 1035.136
3983.051 1144.862
3984.230 1195.389
3985.409 1135.533
3986.588 1084.806
3987.767 1108.876
3988.945 1139.193
3990.124 1103.246
3991.303 1049.602
3992.482 1120.624
3993.661 1218.144
3994.840 1049.133
3996.018 1079.436
3997.197 1115.963
3998.376 1168.014
3999.555 1133.920
4000.734 1115.466
4001.912 1006.341
4003.091 1102.781
4004.270 1034.631
4005.449 1111.686
4006.628 1079.915
4007.807 1033.912
4008.985 1074.640
4010.164 1234.928
4011.343 1212.509
4012.522 1222.260
4013.701 1240.561
4014.879 1126.388
4016.058 1147.537
4017.237 1036.259
4018.416 1155.659
4019.595 1188.304
4020.773 1197.578
4021.952 1031.285
4023.131 1082.189
4024.310 1055.519
4025.489 892.287
4026.668 1085.104
4027.846 1507.908
4029.025 1725.187
4030.204 1447.338
4031.383 1156.078
4032.562 1049.631
4033.740 1021.293
4034.919 1014.247
4036.098 1119.958
4037.277 1072.633
4038.456 1006.850
4039.635 1011.136
4040.813 968.531
4041.992 1073.459
4043.171 1139.489
4044.350 1135.880
4045.529 1013.182
4046.707 1081.753
4047.886 999.530
4049.065 987.282
4050.244 1066.723
4051.423 1254.931
4052.602 1021.507
4053.780 1087.645
4054.959 1071.905
4056.138 1138.332
4057.317 1074.716
4058.496 1120.047
4059.674 1197.208
4060.853 1121.531
4062.032 1074.250
4063.211 1108.472
4064.390 1065.866
4065.569 1025.419
4066.747 994.531
4067.926 1064.268
4069.105 1052.318
4070.284 1128.934
4071.463 1187.563
4072.641 1093.486
4073.820 917.285
4074.999 1043.483
4076.178 1025.253
4077.357 1052.813
4078.536 1031.154
4079.714 1008.790
4080.893 1002.329
4082.072 993.097
4083.251 993.962
4084.430 1030.226
4085.608 1001.556
4086.787 1025.969
4087.966 970.867
4089.145 969.556
4090.324 898.485
4091.503 1004.823
4092.681 1022.958
4093.860 1025.106
4095.039 1012.421
4096.218 1000.190
4097.397 1093.737
4098.575 993.349
4099.754 1013.523
4100.933 1106.626
4102.112 1697.767
4103.291 5553.705
4104.470 8138.125
4105.648 5488.537
4106.827 1749.394
4108.006 892.002
4109.185 933.972
4110.364 889.347
4111.542 900.073
4112.721 918.017
4113.900 895.762
4115.079 957.086
4116.258 939.642
4117.437 890.595
4118.615 773.475
4119.794 831.380
4120.973 857.092
4122.152 832.720
4123.331 877.110
4124.509 972.164
4125.688 968.822
4126.867 861.531
4128.046 824.883
4129.225 811.633
4130.404 849.318
4131.582 924.879
4132.761 915.182
4133.940 885.617
4135.119 952.569
4136.298 979.392
4137.476 890.105
4138.655 860.117
4139.834 873.500
4141.013 854.219
4142.192 810.146
4143.371 786.138
4144.549 783.514
4145.728 954.972
4146.907 872.650
4148.086 790.592
4149.265 707.838
4150.443 788.740
4151.622 800.547
4152.801 729.620
4153.980 878.363
4155.159 837.909
4156.338 838.151
4157.516 836.316
4158.695 912.797
4159.874 771.815
4161.053 836.628
4162.232 804.601
4163.410 832.989
4164.589 947.660
4165.768 887.718
4166.947 898.842
4168.126 839.756
4169.305 875.406
4170.483 837.482
4171.662 815.851
4172.841 887.853
4174.020 846.309
4175.199 810.914
4176.377 826.103
4177.556 741.253
4178.735 793.131
4179.914 802.205
4181.093 791.712
4182.271 819.266
4183.450 801.740
4184.629 799.083
4185.808 707.061
4186.987 767.357
4188.166 763.225
4189.344 747.975
4190.523 731.606
4191.702 757.949
4192.881 797.661
4194.060 747.461
4195.238 723.215
4196.417 742.667
4197.596 798.622
4198.775 748.667
4199.954 791.594
4201.133 706.938
4202.311 754.853
4203.490 693.742
4204.669 724.914
4205.848 806.273
4207.027 826.149
4208.205 796.223
4209.384 742.709
4210.563 773.630
4211.742 746.163
4212.921 748.887
4214.100 738.028
4215.278 748.669
4216.457 770.313
4217.636 713.831
4218.815 734.188
4219.994 681.218
4221.172 709.627
4222.351 678.111
4223.530 665.926
4224.709 672.652
4225.888 689.599
4227.067 681.550
4228.245 600.619
4229.424 665.828
4230.603 728.148
4231.782 720.364
4232.961 709.905
4234.139 687.946
4235.318 692.935
4236.497 788.515
4237.676 894.529
4238.855 838.097
4240.034 781.430
4241.212 681.451
4242.391 659.488
4243.570 673.825
4244.749 696.733
4245.928 728.202
4247.106 738.765
4248.285 624.084
4249.464 645.550
4250.643 651.310
4251.822 681.888
4253.001 750.652
4254.179 684.644
4255.358 695.376
4256.537 630.761
4257.716 671.693
4258.895 668.739
4260.073 638.590
4261.252 656.251
4262.431 709.588
4263.610 723.450
4264.789 673.634
4265.968 679.489
4267.146 690.480
4268.325 654.636
4269.504 673.748
4270.683 644.957
4271.862 609.812
4273.040 627.526
4274.219 634.882
4275.398 604.607
4276.577 677.040
4277.756 672.025
4278.935 601.921
4280.113 648.118
4281.292 646.058
4282.471 628.576
4283.650 643.649
4284.829 637.268
4286.007 613.886
4287.186 602.661
4288.365 614.117
4289.544 667.484
4290.723 631.173
4291.902 627.579
4293.080 635.434
4294.259 601.304
4295.438 627.494
4296.617 623.269
4297.796 618.102
4298.974 639.910
4300.153 538.904
4301.332 547.703
4302.511 603.096
4303.690 573.514
4304.869 575.446
4306.047 598.736
4307.226 587.206
4308.405 629.816
4309.584 595.136
4310.763 594.643
4311.941 606.315
4313.120 702.074
4314.299 618.981
4315.478 625.520
4316.657 640.790
4317.836 639.782
4319.014 666.619
4320.193 632.827
4321.372 616.163
4322.551 649.740
4323.730 595.857
4324.908 593.153
4326.087 578.414
4327.266 623.758
4328.445 571.807
4329.624 566.957
4330.803 613.052
4331.981 608.155
4333.160 668.456
4334.339 603.093
4335.518 657.101
4336.697 649.467
4337.875 594.240
4339.054 649.928
4340.233 862.538
4341.412 3071.244
4342.591 8779.492
4343.769 9712.478
4344.948 5020.265
4346.127 786.614
4347.306 785.993
4348.485 644.558
4349.664 660.257
4350.842 609.665
4352.021 582.482
4353.200 597.871
4354.379 587.862
4355.558 602.282
4356.736 551.709
4357.915 586.950
4359.094 639.247
4360.273 583.114
4361.452 539.805
4362.631 565.252
4363.809 783.428
4364.988 1752.473
4366.167 2512.918
4367.346 1740.843
4368.525 851.263
4369.703 673.180
4370.882 587.812
4372.061 567.895
4373.240 572.561
4374.419 553.807
4375.598 566.452
4376.776 564.366
4377.955 550.030
4379.134 551.149
4380.313 545.310
4381.492 585.025
4382.670 551.368
4383.849 508.314
4385.028 486.519
4386.207 515.269
4387.386 509.207
4388.565 507.670
4389.743 614.908
4390.922 644.057
4392.101 641.331
4393.280 567.698
4394.459 499.020
4395.637 523.681
4396.816 528.786
4397.995 587.156
4399.174 558.922
4400.353 542.532
4401.532 581.031
4402.710 547.882
4403.889 536.353
4405.068 586.822
4406.247 580.942
4407.426 540.019
4408.604 586.413
4409.783 580.914
4410.962 534.328
4412.141 588.842
4413.320 581.725
4414.499 592.775
4415.677 559.267
4416.856 614.639
4418.035 640.302
4419.214 606.561
4420.393 610.029
4421.571 555.455
4422.750 533.918
4423.929 548.147
4425.108 528.013
4426.287 526.497
4427.466 533.795
4428.644 544.163
4429.823 566.453
4431.002 544.891
4432.181 539.149
4433.360 547.468
4434.538 511.517
4435.717 522.215
4436.896 521.595
4438.075 496.020
4439.254 530.885
4440.433 554.798
4441.611 504.881
4442.790 507.261
4443.969 501.267
4445.148 484.478
4446.327 546.674
4447.505 545.587
4448.684 527.499
4449.863 523.201
4451.042 550.850
4452.221 561.368
4453.400 515.863
4454.578 509.049
4455.757 488.936
4456.936 535.705
4458.115 529.915
4459.294 497.399
4460.472 491.415
4461.651 542.565
4462.830 499.052
4464.009 490.690
4465.188 524.264
4466.367 488.667
4467.545 469.334
4468.724 501.075
4469.903 510.653
4471.082 494.271
4472.261 617.472
4473.439 1048.680
4474.618 1276.699
4475.797 903.260
4476.976 559.778
4478.155 508.027
4479.334 493.538
4480.512 529.058
4481.691 494.157
4482.870 479.445
4484.049 517.037
4485.228 532.781
4486.406 541.094
4487.585 500.779
4488.764 478.927
4489.943 471.966
4491.122 462.292
4492.301 487.929
4493.479 526.663
4494.658 507.978
4495.837 505.713
4497.016 512.066
4498.195 502.277
4499.373 503.728
4500.552 515.962
4501.731 481.119
4502.910 489.262
4504.089 491.916
4505.267 512.506
4506.446 495.059
4507.625 498.477
4508.804 499.862
4509.983 505.614
4511.162 479.563
4512.340 523.714
4513.519 492.680
4514.698 497.469
4515.877 551.478
4517.056 505.372
4518.234 482.922
4519.413 455.973
4520.592 499.650
4521.771 540.882
4522.950 536.997
4524.129 530.179
4525.307 513.511
4526.486 469.120
4527.665 507.674
4528.844 528.754
4530.023 493.919
4531.201 503.738
4532.380 518.633
4533.559 498.001
4534.738 508.317
4535.917 534.895
4537.096 526.751
4538.274 536.974
4539.453 547.274
4540.632 548.820
4541.811 550.181
4542.990 562.035
4544.168 558.146
4545.347 536.494
4546.526 551.421
4547.705 562.155
4548.884 542.460
4550.063 511.620
4551.241 507.124
4552.420 550.250
4553.599 520.411
4554.778 474.851
4555.957 510.610
4557.135 507.770
4558.314 497.210
4559.493 508.196
4560.672 499.125
4561.851 458.210
4563.030 472.877
4564.208 495.006
4565.387 470.095
4566.566 498.744
4567.745 454.201
4568.924 463.025
4570.102 495.654
4571.281 454.556
4572.460 469.567
4573.639 501.079
4574.818 487.444
4575.997 522.451
4577.175 523.110
4578.354 478.100
4579.533 442.411
4580.712 486.325
4581.891 499.570
4583.069 470.466
4584.248 466.437
4585.427 478.785
4586.606 467.996
4587.785 482.222
4588.964 470.408
4590.142 502.870
4591.321 430.703
4592.500 463.848
4593.679 497.931
4594.858 473.157
4596.036 480.093
4597.215 482.961
4598.394 477.127
4599.573 475.351
4600.752 469.007
4601.931 424.286
4603.109 464.100
4604.288 490.652
4605.467 449.176
4606.646 449.213
4607.825 505.434
4609.003 494.892
4610.182 518.296
4611.361 486.410
4612.540 468.278
4613.719 466.008
4614.898 438.172
4616.076 453.223
4617.255 468.020
4618.434 411.318
4619.613 494.430
4620.792 445.739
4621.970 448.379
4623.149 492.180
4624.328 500.061
4625.507 441.520
4626.686 482.536
4627.865 470.724
4629.043 476.311
4630.222 450.289
4631.401 463.873
4632.580 482.682
4633.759 505.765
4634.937 510.562
4636.116 484.099
4637.295 472.527
4638.474 482.599
4639.653 492.960
4640.832 477.600
4642.010 516.807
4643.189 484.582
4644.368 489.495
4645.547 458.311
4646.726 457.075
4647.904 463.747
4649.083 464.476
4650.262 474.784
4651.441 498.239
4652.620 513.259
4653.799 492.255
4654.977 489.559
4656.156 509.803
4657.335 518.527
4658.514 497.091
4659.693 501.955
4660.871 532.951
4662.050 525.923
4663.229 505.315
4664.408 495.137
4665.587 519.404
4666.765 503.931
4667.944 485.834
4669.123 495.315
4670.302 485.137
4671.481 529.532
4672.660 548.203
4673.838 586.131
4675.017 598.366
4676.196 576.248
4677.375 668.968
4678.554 720.357
4679.732 806.979
4680.911 874.032
4682.090 962.356
4683.269 1041.487
4684.448 1174.909
4685.627 1231.168
4686.805 1248.941
4687.984 1244.161
4689.163 1194.814
4690.342 1082.931
4691.521 1021.897
4692.699 937.634
4693.878 873.029
4695.057 863.769
4696.236 797.631
4697.415 776.462
4698.594 709.436
4699.772 731.982
4700.951 713.992
4702.130 616.525
4703.309 675.661
4704.488 608.421
4705.666 590.540
4706.845 605.228
4708.024 559.326
4709.203 550.158
4710.382 517.441
4711.561 464.084
4712.739 651.459
4713.918 825.082
4715.097 861.639
4716.276 678.171
4717.455 513.374
4718.633 541.822
4719.812 475.060
4720.991 464.870
4722.170 472.457
4723.349 469.918
4724.528 456.537
4725.706 456.174
4726.885 444.585
4728.064 417.737
4729.243 453.687
4730.422 458.875
4731.600 474.811
4732.779 482.452
4733.958 441.890
4735.137 421.716
4736.316 480.655
4737.495 519.950
4738.673 471.937
4739.852 509.629
4741.031 542.139
4742.210 615.812
4743.389 658.767
4744.567 625.129
4745.746 444.743
4746.925 453.539
4748.104 455.560
4749.283 461.496
4750.462 462.425
4751.640 477.722
4752.819 431.627
4753.998 404.142
4755.177 442.314
4756.356 427.115
4757.534 402.863
4758.713 449.260
4759.892 415.024
4761.071 451.954
4762.250 473.073
4763.429 460.184
4764.607 391.604
4765.786 410.148
4766.965 449.832
4768.144 461.510
4769.323 414.447
4770.501 415.666
4771.680 450.125
4772.859 466.705
4774.038 506.655
4775.217 497.554
4776.396 447.381
4777.574 438.537
4778.753 456.217
4779.932 442.957
4781.111 437.352
4782.290 453.122
4783.468 446.130
4784.647 451.640
4785.826 436.085
4787.005 412.836
4788.184 428.072
4789.363 471.419
4790.541 459.604
4791.720 436.145
4792.899 477.602
4794.078 471.028
4795.257 436.686
4796.435 434.037
4797.614 459.448
4798.793 412.597
4799.972 437.026
4801.151 437.913
4802.330 461.992
4803.508 473.123
4804.687 392.147
4805.866 396.082
4807.045 448.348
4808.224 452.741
4809.402 455.695
4810.581 432.674
4811.760 458.190
4812.939 424.827
4814.118 441.733
4815.296 413.029
4816.475 476.406
4817.654 442.158
4818.833 427.415
4820.012 457.051
4821.191 455.452
4822.369 455.993
4823.548 418.119
4824.727 440.333
4825.906 437.630
4827.085 434.264
4828.263 435.482
4829.442 437.896
4830.621 445.569
4831.800 458.392
4832.979 476.126
4834.158 487.149
4835.336 472.572
4836.515 455.308
4837.694 474.823
4838.873 464.092
4840.052 440.217
4841.230 465.740
4842.409 491.739
4843.588 457.337
4844.767 441.412
4845.946 486.375
4847.125 529.548
4848.303 513.445
4849.482 431.498
4850.661 432.023
4851.840 448.371
4853.019 461.613
4854.197 466.119
4855.376 489.185
4856.555 491.568
4857.734 436.029
4858.913 512.579
4860.092 519.105
4861.270 728.492
4862.449 4737.069
4863.628 15541.413
4864.807 17790.247
4865.986 8336.963
4867.164 1371.999
4868.343 531.949
4869.522 591.419
4870.701 484.891
4871.880 478.391
4873.059 452.158
4874.237 439.565
4875.416 454.583
4876.595 454.463
4877.774 465.860
4878.953 438.961
4880.131 424.501
4881.310 454.358
4882.489 457.920
4883.668 446.956
4884.847 423.866
4886.026 428.206
4887.204 391.853
4888.383 393.557
4889.562 451.743
4890.741 471.559
4891.920 444.582
4893.098 420.967
4894.277 401.638
4895.456 419.691
4896.635 430.041
4897.814 430.939
4898.993 461.605
4900.171 418.713
4901.350 436.051
4902.529 415.759
4903.708 429.131
4904.887 426.089
4906.065 453.420
4907.244 431.528
4908.423 408.487
4909.602 424.983
4910.781 423.855
4911.960 446.032
4913.138 403.979
4914.317 453.257
4915.496 413.400
4916.675 405.417
4917.854 428.776
4919.032 420.755
4920.211 433.921
4921.390 408.876
4922.569 461.846
4923.748 572.147
4924.927 640.367
4926.105 604.586
4927.284 458.522
4928.463 427.186
4929.642 454.049
4930.821 455.785
4931.999 401.477
4933.178 457.996
4934.357 459.836
4935.536 437.863
4936.715 434.104
4937.894 401.245
4939.072 444.396
4940.251 417.031
4941.430 441.460
4942.609 433.513
4943.788 423.454
4944.966 409.339
4946.145 425.809
4947.324 413.554
4948.503 433.340
4949.682 446.126
4950.861 428.565
4952.039 467.819
4953.218 476.209
4954.397 459.372
4955.576 496.756
4956.755 384.905
4957.933 697.339
4959.112 181.274
4960.291 13029.781
4961.470 35106.820
4962.649 34487.183
4963.828 14294.007
4965.006 52.669
4966.185 894.847
4967.364 446.486
4968.543 571.088
4969.722 494.907
4970.900 484.992
4972.079 481.983
4973.258 476.672
4974.437 438.214
4975.616 479.396
4976.794 451.155
4977.973 456.452
4979.152 444.239
4980.331 437.419
4981.510 410.868
4982.689 402.788
4983.867 439.024
4985.046 431.687
4986.225 434.147
4987.404 490.290
4988.583 490.482
4989.761 456.838
4990.940 457.092
4992.119 485.292
4993.298 481.396
4994.477 472.465
4995.656 450.277
4996.834 421.677
4998.013 461.587
4999.192 460.061
5000.371 465.085
5001.550 474.210
5002.728 537.468
5003.907 450.338
5005.086 688.655
5006.265 123.981
5007.444 5869.297
5008.623 59203.732
5009.801 110596.326
5010.980 90571.663
5012.159 17154.277
5013.338 631.847
5014.517 951.085
5015.695 500.556
5016.874 532.394
5018.053 763.485
5019.232 815.029
5020.411 593.040
5021.590 465.717
5022.768 415.843
5023.947 402.706
5025.126 428.763
5026.305 405.093
5027.484 412.697
5028.662 434.697
5029.841 419.775
5031.020 426.565
5032.199 421.158
5033.378 416.268
5034.557 398.433
5035.735 405.307
5036.914 388.525
5038.093 417.761
5039.272 401.406
5040.451 399.906
5041.629 414.483
5042.808 430.562
5043.987 400.471
5045.166 394.903
5046.345 419.318
5047.524 396.615
5048.702 379.140
5049.881 409.691
5051.060 445.015
5052.239 409.605
5053.418 365.805
5054.596 389.017
5055.775 395.638
5056.954 391.973
5058.133 403.429
5059.312 383.339
5060.491 373.772
5061.669 373.660
5062.848 363.820
5064.027 380.989
5065.206 373.027
5066.385 365.387
5067.563 385.855
5068.742 384.108
5069.921 378.846
5071.100 365.763
5072.279 375.920
5073.458 365.201
5074.636 389.903
5075.815 380.159
5076.994 383.568
5078.173 369.622
5079.352 350.177
5080.530 369.856
5081.709 394.611
5082.888 370.269
5084.067 370.631
5085.246 376.762
5086.425 360.922
5087.603 377.530
5088.782 345.612
5089.961 347.414
5091.140 394.095
5092.319 374.827
5093.497 394.197
5094.676 379.097
5095.855 340.224
5097.034 363.601
5098.213 380.165
5099.392 365.563
5100.570 414.095
5101.749 343.838
5102.928 380.245
5104.107 372.037
5105.286 345.006
5106.464 347.065
5107.643 353.626
5108.822 360.452
5110.001 357.851
5111.180 332.061
5112.359 350.698
5113.537 357.030
5114.716 365.029
5115.895 359.001
5117.074 337.579
5118.253 354.090
5119.431 361.566
5120.610 367.651
5121.789 370.522
5122.968 346.573
5124.147 364.207
5125.326 360.126
5126.504 342.940
5127.683 370.788
5128.862 349.127
5130.041 329.166
5131.220 349.021
5132.398 346.523
5133.577 377.008
5134.756 359.970
5135.935 347.706
5137.114 351.375
5138.292 338.106
5139.471 360.714
5140.650 342.387
5141.829 359.854
5143.008 351.810
5144.187 328.661
5145.365 347.909
5146.544 338.292
5147.723 331.978
5148.902 363.330
5150.081 380.204
5151.259 382.036
5152.438 365.484
5153.617 366.965
5154.796 383.494
5155.975 360.906
5157.154 370.649
5158.332 341.146
5159.511 340.186
5160.690 344.355
5161.869 396.676
5163.048 336.051
5164.226 342.711
5165.405 338.301
5166.584 338.477
5167.763 357.236
5168.942 344.959
5170.121 362.411
5171.299 328.338
5172.478 311.932
5173.657 320.009
5174.836 314.895
5176.015 314.702
5177.193 334.644
5178.372 358.993
5179.551 355.675
5180.730 343.068
5181.909 329.312
5183.088 343.265
5184.266 304.452
5185.445 324.185
5186.624 363.182
5187.803 389.848
5188.982 358.940
5190.160 334.600
5191.339 380.117
5192.518 343.421
5193.697 345.063
5194.876 344.988
5196.055 414.491
5197.233 672.282
5198.412 894.503
5199.591 810.012
5200.770 710.928
5201.949 557.369
5203.127 403.350
5204.306 389.267
5205.485 358.051
5206.664 341.343
5207.843 326.554
5209.022 354.589
5210.200 344.814
5211.379 324.297
5212.558 353.888
5213.737 342.269
5214.916 340.534
5216.094 351.535
5217.273 331.744
5218.452 358.350
5219.631 341.736
5220.810 305.405
5221.989 334.142
5223.167 369.374
5224.346 373.223
5225.525 349.707
5226.704 332.330
5227.883 342.276
5229.061 344.789
5230.240 344.861
5231.419 347.603
5232.598 340.262
5233.777 339.000
5234.956 333.398
5236.134 323.283
5237.313 327.788
5238.492 389.442
5239.671 362.260
5240.850 364.586
5242.028 357.945
5243.207 318.475
5244.386 311.994
5245.565 304.487
5246.744 319.620
5247.923 323.843
5249.101 340.866
5250.280 331.629
5251.459 320.932
5252.638 326.101
5253.817 300.777
5254.995 345.827
5256.174 360.468
5257.353 307.158
5258.532 326.687
5259.711 330.231
5260.890 338.547
5262.068 327.581
5263.247 296.190
5264.426 316.129
5265.605 304.629
5266.784 276.156
5267.962 332.217
5269.141 318.707
5270.320 333.167
5271.499 306.237
5272.678 314.943
5273.857 317.118
5275.035 318.285
5276.214 364.573
5277.393 351.955
5278.572 333.679
5279.751 348.296
5280.929 321.378
5282.108 319.108
5283.287 312.422
5284.466 294.994
5285.645 337.797
5286.824 314.889
5288.002 351.324
5289.181 297.886
5290.360 318.746
5291.539 353.586
5292.718 341.692
5293.896 327.502
5295.075 307.329
5296.254 320.798
5297.433 338.211
5298.612 313.816
5299.790 330.151
5300.969 327.436
5302.148 323.551
5303.327 333.236
5304.506 333.941
5305.685 321.367
5306.863 339.464
5308.042 348.221
5309.221 310.627
5310.400 335.209
5311.579 346.529
5312.757 334.626
5313.936 309.514
5315.115 340.653
5316.294 318.029
5317.473 276.084
5318.652 315.767
5319.830 301.954
5321.009 321.405
5322.188 340.719
5323.367 346.028
5324.546 345.717
5325.724 335.563
5326.903 326.938
5328.082 342.635
5329.261 414.658
5330.440 460.531
5331.619 425.570
5332.797 357.528
5333.976 287.826
5335.155 295.312
5336.334 292.236
5337.513 274.073
5338.691 345.157
5339.870 308.035
5341.049 331.251
5342.228 333.683
5343.407 321.410
5344.586 304.618
5345.764 306.742
5346.943 299.320
5348.122 310.680
5349.301 327.019
5350.480 324.260
5351.658 319.111
5352.837 292.161
5354.016 309.614
5355.195 319.063
5356.374 297.373
5357.553 319.884
5358.731 294.449
5359.910 334.092
5361.089 291.223
5362.268 329.567
5363.447 295.357
5364.625 296.200
5365.804 305.515
5366.983 286.231
5368.162 306.918
5369.341 280.991
5370.520 306.037
5371.698 269.956
5372.877 270.125
5374.056 284.651
5375.235 287.662
5376.414 312.663
5377.592 311.908
5378.771 308.231
5379.950 319.786
5381.129 316.084
5382.308 290.377
5383.487 286.142
5384.665 303.014
5385.844 275.214
5387.023 280.828
5388.202 271.372
5389.381 311.166
5390.559 305.808
5391.738 301.633
5392.917 307.681
5394.096 268.135
5395.275 275.085
5396.454 272.576
5397.632 282.515
5398.811 276.415
5399.990 278.658
5401.169 308.140
5402.348 285.784
5403.526 280.057
5404.705 295.872
5405.884 297.865
5407.063 281.337
5408.242 309.087
5409.421 313.677
5410.599 313.173
5411.778 359.371
5412.957 330.467
5414.136 348.639
5415.315 325.304
5416.493 301.308
5417.672 332.979
5418.851 331.075
5420.030 326.115
5421.209 318.644
5422.388 307.173
5423.566 304.130
5424.745 304.522
5425.924 301.231
5427.103 298.872
5428.282 308.836
5429.460 262.618
5430.639 272.531
5431.818 276.687
5432.997 275.769
5434.176 310.330
5435.355 325.354
5436.533 319.702
5437.712 311.666
5438.891 294.952
5440.070 296.055
5441.249 275.278
5442.427 298.254
5443.606 296.691
5444.785 280.597
5445.964 281.333
5447.143 249.058
5448.322 265.014
5449.500 284.081
5450.679 265.930
5451.858 266.758
5453.037 279.502
5454.216 284.030
5455.394 273.691
5456.573 261.383
5457.752 258.900
5458.931 283.540
5460.110 286.628
5461.288 303.259
5462.467 271.584
5463.646 278.373
5464.825 272.478
5466.004 254.480
5467.183 279.055
5468.361 278.878
5469.540 271.627
5470.719 285.436
5471.898 264.605
5473.077 250.448
5474.255 281.523
5475.434 281.972
5476.613 291.640
5477.792 260.892
5478.971 275.765
5480.150 275.208
5481.328 250.711
5482.507 268.808
5483.686 263.078
5484.865 253.179
5486.044 262.084
5487.222 266.784
5488.401 248.545
5489.580 249.706
5490.759 264.019
5491.938 256.622
5493.117 277.217
5494.295 274.876
5495.474 266.317
5496.653 259.912
5497.832 304.476
5499.011 264.224
5500.189 278.456
5501.368 275.059
5502.547 273.401
5503.726 265.306
5504.905 247.534
5506.084 269.780
5507.262 290.943
5508.441 254.892
5509.620 259.849
5510.799 298.878
5511.978 270.585
5513.156 235.992
5514.335 247.937
5515.514 261.243
5516.693 276.253
5517.872 294.900
5519.051 271.403
5520.229 254.860
5521.408 288.316
5522.587 266.143
5523.766 276.679
5524.945 257.195
5526.123 262.493
5527.302 262.456
5528.481 257.440
5529.660 259.617
5530.839 262.430
5532.018 256.202
5533.196 249.934
5534.375 262.501
5535.554 263.564
5536.733 264.081
5537.912 282.261
5539.090 268.716
5540.269 291.147
5541.448 311.998
5542.627 308.715
5543.806 297.532
5544.985 304.735
5546.163 282.693
5547.342 275.544
5548.521 278.261
5549.700 260.925
5550.879 247.833
5552.057 275.855
5553.236 281.442
5554.415 261.175
5555.594 281.768
5556.773 283.089
5557.952 253.284
5559.130 252.081
5560.309 277.165
5561.488 263.560
5562.667 297.036
5563.846 301.306
5565.024 292.517
5566.203 248.679
5567.382 260.807
5568.561 272.679
5569.740 271.448
5570.919 280.189
5572.097 228.618
5573.276 360.299
5574.455 -1.039
5575.634 2501.634
5576.813 8917.494
5577.991 10808.179
5579.170 6201.772
5580.349 597.090
5581.528 328.967
5582.707 257.171
5583.886 260.720
5585.064 267.042
5586.243 267.707
5587.422 274.214
5588.601 284.820
5589.780 326.478
5590.958 286.602
5592.137 254.159
5593.316 258.336
5594.495 254.986
5595.674 271.402
5596.853 272.165
5598.031 256.570
5599.210 258.138
5600.389 271.726
5601.568 256.018
5602.747 264.204
5603.925 290.989
5605.104 315.614
5606.283 293.240
5607.462 273.242
5608.641 241.651
5609.820 238.611
5610.998 258.050
5612.177 257.232
5613.356 275.711
5614.535 262.593
5615.714 237.602
5616.892 264.056
5618.071 264.172
5619.250 264.315
5620.429 259.309
5621.608 258.275
5622.786 281.861
5623.965 319.121
5625.144 277.188
5626.323 255.580
5627.502 235.573
5628.681 240.322
5629.859 228.802
5631.038 229.549
5632.217 253.527
5633.396 265.034
5634.575 259.783
5635.753 269.522
5636.932 270.592
5638.111 241.458
5639.290 246.756
5640.469 272.219
5641.648 266.465
5642.826 250.178
5644.005 267.738
5645.184 257.775
5646.363 270.899
5647.542 259.808
5648.720 248.975
5649.899 228.887
5651.078 270.355
5652.257 255.973
5653.436 238.471
5654.615 259.337
5655.793 257.595
5656.972 251.733
5658.151 248.969
5659.330 258.292
5660.509 260.889
5661.687 259.020
5662.866 249.677
5664.045 251.652
5665.224 217.952
5666.403 244.529
5667.582 254.914
5668.760 239.489
5669.939 268.638
5671.118 277.242
5672.297 255.630
5673.476 258.720
5674.654 250.856
5675.833 249.642
5677.012 278.289
5678.191 265.846
5679.370 259.009
5680.549 298.858
5681.727 275.888
5682.906 281.749
5684.085 240.868
5685.264 265.628
5686.443 285.070
5687.621 242.836
5688.800 265.666
5689.979 274.446
5691.158 284.123
5692.337 255.461
5693.516 242.105
5694.694 247.459
5695.873 251.460
5697.052 273.974
5698.231 247.709
5699.410 251.824
5700.588 265.514
5701.767 271.271
5702.946 261.581
5704.125 270.958
5705.304 267.311
5706.483 253.839
5707.661 267.130
5708.840 256.533
5710.019 254.380
5711.198 247.758
5712.377 248.065
5713.555 275.743
5714.734 273.805
5715.913 258.259
5717.092 256.702
5718.271 236.706
5719.450 260.660
5720.628 285.430
5721.807 238.295
5722.986 256.399
5724.165 251.088
5725.344 239.427
5726.522 273.466
5727.701 271.444
5728.880 250.683
5730.059 243.873
5731.238 256.097
5732.417 254.820
5733.595 247.131
5734.774 252.334
5735.953 248.123
5737.132 234.367
5738.311 240.493
5739.489 258.367
5740.668 238.334
5741.847 276.579
5743.026 267.633
5744.205 235.093
5745.384 232.895
5746.562 251.489
5747.741 241.919
5748.920 240.935
5750.099 242.578
5751.278 240.489
5752.456 238.322
5753.635 241.856
5754.814 249.761
5755.993 245.999
5757.172 238.944
5758.351 257.261
5759.529 259.736
5760.708 237.136
5761.887 251.822
5763.066 241.839
5764.245 247.959
5765.423 250.459
5766.602 256.744
5767.781 246.400
5768.960 236.771
5770.139 241.638
5771.318 252.561
5772.496 237.678
5773.675 231.257
5774.854 251.499
5776.033 240.986
5777.212 235.079
5778.390 262.065
5779.569 255.217
5780.748 247.845
5781.927 238.418
5783.106 245.752
5784.284 224.118
5785.463 234.078
5786.642 247.489
5787.821 263.742
5789.000 246.928
5790.179 223.040
5791.357 231.235
5792.536 237.159
5793.715 239.628
5794.894 255.238
5796.073 254.138
5797.251 239.052
5798.430 254.971
5799.609 238.424
5800.788 235.406
5801.967 250.809
5803.146 248.004
5804.324 236.476
5805.503 264.158
5806.682 255.859
5807.861 221.609
5809.040 216.951
5810.218 254.718
5811.397 252.998
5812.576 232.127
5813.755 257.594
5814.934 244.986
5816.113 248.036
5817.291 231.966
5818.470 233.292
5819.649 243.130
5820.828 243.484
5822.007 230.602
5823.185 243.965
5824.364 256.477
5825.543 246.228
5826.722 263.790
5827.901 245.225
5829.080 225.314
5830.258 238.785
5831.437 239.878
5832.616 239.482
5833.795 235.735
5834.974 257.686
5836.152 250.464
5837.331 221.649
5838.510 223.521
5839.689 235.517
5840.868 229.054
5842.047 240.973
5843.225 236.772
5844.404 236.285
5845.583 236.662
5846.762 237.623
5847.941 236.269
5849.119 234.452
5850.298 224.971
5851.477 226.054
5852.656 253.702
5853.835 242.198
5855.014 246.352
5856.192 225.329
5857.371 237.942
5858.550 249.162
5859.729 230.945
5860.908 220.581
5862.086 239.908
5863.265 245.814
5864.444 287.242
5865.623 334.078
5866.802 367.458
5867.981 375.889
5869.159 330.352
5870.338 283.080
5871.517 263.417
5872.696 252.319
5873.875 255.207
5875.053 276.989
5876.232 280.315
5877.411 695.168
5878.590 1314.053
5879.769 1472.250
5880.948 811.320
5882.126 363.797
5883.305 288.714
5884.484 257.039
5885.663 278.216
5886.842 314.983
5888.020 627.430
5889.199 1229.761
5890.378 1393.096
5891.557 958.197
5892.736 395.142
5893.915 351.941
5895.093 786.083
5896.272 924.689
5897.451 650.911
5898.630 346.278
5899.809 252.367
5900.987 227.937
5902.166 237.222
5903.345 246.409
5904.524 257.337
5905.703 291.740
5906.882 288.921
5908.060 254.024
5909.239 240.388
5910.418 249.111
5911.597 226.503
5912.776 250.688
5913.954 269.767
5915.133 370.631
5916.312 374.132
5917.491 293.337
5918.670 242.592
5919.849 231.115
5921.027 232.977
5922.206 236.529
5923.385 258.914
5924.564 285.203
5925.743 280.911
5926.921 265.898
5928.100 245.196
5929.279 212.810
5930.458 233.867
5931.637 326.313
5932.815 379.253
5933.994 353.869
5935.173 292.080
5936.352 236.487
5937.531 226.369
5938.710 227.519
5939.888 235.811
5941.067 232.705
5942.246 211.145
5943.425 239.345
5944.604 256.866
5945.782 254.742
5946.961 253.285
5948.140 259.812
5949.319 261.249
5950.498 235.460
5951.677 238.115
5952.855 321.464
5954.034 359.350
5955.213 300.227
5956.392 266.008
5957.571 259.152
5958.749 234.034
5959.928 243.456
5961.107 238.190
5962.286 242.362
5963.465 220.350
5964.644 222.619
5965.822 233.603
5967.001 220.482
5968.180 227.416
5969.359 233.076
5970.538 244.823
5971.716 260.353
5972.895 260.318
5974.074 260.280
