3561.035 1873.422
3562.213 1564.822
3563.392 2094.377
3564.571 1644.389
3565.750 1578.897
3566.929 1589.927
3568.108 1494.310
3569.286 1379.624
3570.465 1665.850
3571.644 1504.385
3572.823 1575.981
3574.002 1230.741
3575.180 1664.075
3576.359 1400.804
3577.538 1421.677
3578.717 1720.597
3579.896 1566.646
3581.075 1351.078
3582.253 1377.669
3583.432 1654.867
3584.611 1595.762
3585.790 1738.096
3586.969 1858.207
3588.147 1618.061
3589.326 1859.487
3590.505 1791.622
3591.684 1741.857
3592.863 1631.287
3594.042 1793.104
3595.220 2026.457
3596.399 1883.388
3597.578 1451.342
3598.757 1101.554
3599.936 1545.994
3601.114 1567.262
3602.293 1334.935
3603.472 1908.153
3604.651 1850.184
3605.830 1266.249
3607.009 1677.168
3608.187 1516.545
3609.366 1305.657
3610.545 1723.712
3611.724 1312.349
3612.903 1370.443
3614.081 1760.799
3615.260 1941.555
3616.439 2214.625
3617.618 2084.482
3618.797 1663.956
3619.976 1849.242
3621.154 1391.276
3622.333 1637.901
3623.512 1608.191
3624.691 1915.386
3625.870 1860.210
3627.048 1322.748
3628.227 1786.176
3629.406 1813.581
3630.585 1966.099
3631.764 2244.993
3632.943 1868.475
3634.121 1708.923
3635.300 2287.875
3636.479 2622.482
3637.658 2037.326
3638.837 1749.762
3640.015 1868.058
3641.194 2132.209
3642.373 1934.236
3643.552 1989.701
3644.731 1933.942
3645.910 2289.515
3647.088 2065.476
3648.267 1742.020
3649.446 1634.213
3650.625 1682.812
3651.804 1633.934
3652.982 1560.147
3654.161 2009.375
3655.340 1407.455
3656.519 1705.613
3657.698 1676.432
3658.877 1930.038
3660.055 1516.070
3661.234 1670.425
3662.413 1358.857
3663.592 1476.290
3664.771 1690.438
3665.949 2035.341
3667.128 1487.780
3668.307 1322.845
3669.486 1324.829
3670.665 1505.466
3671.844 1957.013
3673.022 1819.434
3674.201 1279.722
3675.380 1398.892
3676.559 1610.573
3677.738 1384.651
3678.916 1591.369
3680.095 1353.905
3681.274 1305.135
3682.453 1172.743
3683.632 1001.080
3684.811 1354.629
3685.989 1450.191
3687.168 965.735
3688.347 1492.728
3689.526 1508.324
3690.705 1150.284
3691.883 1022.918
3693.062 1393.421
3694.241 1675.777
3695.420 1404.405
3696.599 845.104
3697.777 1306.653
3698.956 1938.489
3700.135 2029.112
3701.314 1328.606
3702.493 1295.303
3703.672 1274.929
3704.850 1377.926
3706.029 2597.842
3707.208 2397.212
3708.387 2039.931
3709.566 1053.162
3710.744 761.426
3711.923 1063.656
3713.102 1895.114
3714.281 2489.783
3715.460 1941.771
3716.639 1101.686
3717.817 870.841
3718.996 900.742
3720.175 871.183
3721.354 901.750
3722.533 1625.337
3723.711 2883.977
3724.890 3464.963
3726.069 3721.835
3727.248 14701.519
3728.427 28639.893
3729.606 32799.455
3730.784 39960.338
3731.963 37308.751
3733.142 14995.028
3734.321 1611.283
3735.500 2296.446
3736.678 3093.046
3737.857 2701.227
3739.036 1532.775
3740.215 1156.905
3741.394 1319.360
3742.573 1343.772
3743.751 1372.859
3744.930 1025.706
3746.109 1270.859
3747.288 1166.720
3748.467 927.713
3749.645 1024.365
3750.824 1621.050
3752.003 3038.008
3753.182 3010.878
3754.361 1552.102
3755.540 856.189
3756.718 1103.746
3757.897 966.012
3759.076 918.336
3760.255 981.023
3761.434 1020.778
3762.612 918.073
3763.791 838.244
3764.970 1001.676
3766.149 1161.225
3767.328 938.537
3768.507 900.111
3769.685 849.709
3770.864 1161.086
3772.043 2877.757
3773.222 3930.445
3774.401 2923.041
3775.579 948.455
3776.758 878.778
3777.937 980.644
3779.116 870.445
3780.295 804.132
3781.474 980.843
3782.652 1077.299
3783.831 1009.456
3785.010 1183.929
3786.189 1072.072
3787.368 1065.972
3788.546 776.478
3789.725 957.493
3790.904 835.580
3792.083 1129.232
3793.262 872.726
3794.441 1041.573
3795.619 796.265
3796.798 1026.926
3797.977 1340.240
3799.156 3042.169
3800.335 4771.192
3801.513 3617.277
3802.692 1187.143
3803.871 893.775
3805.050 864.550
3806.229 930.811
3807.408 914.756
3808.586 1105.838
3809.765 954.321
3810.944 824.177
3812.123 957.291
3813.302 1130.673
3814.480 952.918
3815.659 1128.794
3816.838 1130.131
3818.017 1061.797
3819.196 928.030
3820.375 1159.421
3821.553 1749.126
3822.732 1492.219
3823.911 1136.549
3825.090 866.858
3826.269 859.405
3827.447 762.299
3828.626 1097.643
3829.805 1158.773
3830.984 1136.485
3832.163 1057.040
3833.342 908.124
3834.520 945.438
3835.699 1460.097
3836.878 4684.985
3838.057 5822.490
3839.236 4223.265
3840.414 827.576
3841.593 975.669
3842.772 837.080
3843.951 950.139
3845.130 895.446
3846.309 938.908
3847.487 974.469
3848.666 943.481
3849.845 934.503
3851.024 910.789
3852.203 972.745
3853.381 818.861
3854.560 821.657
3855.739 956.392
3856.918 894.269
3858.097 897.288
3859.275 776.778
3860.454 877.612
3861.633 860.915
3862.812 833.242
3863.991 904.346
3865.170 1022.462
3866.348 980.982
3867.527 975.637
3868.706 2492.124
3869.885 14517.512
3871.064 30127.199
3872.242 23752.887
3873.421 5608.106
3874.600 834.191
3875.779 977.475
3876.958 894.157
3878.137 846.335
3879.315 1069.093
3880.494 1033.351
3881.673 748.358
3882.852 805.825
3884.031 653.118
3885.209 613.662
3886.388 697.091
3887.567 666.672
3888.746 1443.908
3889.925 6062.844
3891.104 13379.128
3892.282 11142.601
3893.461 3648.810
3894.640 609.998
3895.819 755.210
3896.998 734.802
3898.176 764.035
3899.355 888.995
3900.534 826.802
3901.713 873.191
3902.892 864.107
3904.071 787.703
3905.249 835.783
3906.428 1006.235
3907.607 812.112
3908.786 975.791
3909.965 951.820
3911.143 993.887
3912.322 844.079
3913.501 960.156
3914.680 997.345
3915.859 801.223
3917.038 913.286
3918.216 934.600
3919.395 851.374
3920.574 747.796
3921.753 786.313
3922.932 916.374
3924.110 850.563
3925.289 687.275
3926.468 829.828
3927.647 840.482
3928.826 819.949
3930.005 764.328
3931.183 711.090
3932.362 617.625
3933.541 644.609
3934.720 620.510
3935.899 548.172
3937.077 580.664
3938.256 715.925
3939.435 815.494
3940.614 869.587
3941.793 769.297
3942.972 706.979
3944.150 881.688
3945.329 966.720
3946.508 1008.378
3947.687 1128.316
3948.866 968.900
3950.044 884.750
3951.223 817.634
3952.402 722.339
3953.581 803.285
3954.760 789.328
3955.939 780.182
3957.117 799.162
3958.296 728.001
3959.475 722.117
3960.654 776.001
3961.833 729.702
3963.011 708.325
3964.190 564.338
3965.369 877.381
3966.548 1093.745
3967.727 1614.292
3968.906 5387.375
3970.084 8001.153
3971.263 9589.661
3972.442 10205.971
3973.621 7657.832
3974.800 2225.052
3975.978 663.284
3977.157 722.724
3978.336 753.229
3979.515 757.296
3980.694 696.589
3981.873 768.603
3983.051 763.040
3984.230 646.372
3985.409 689.014
3986.588 702.615
3987.767 677.325
3988.945 740.019
3990.124 722.070
3991.303 647.285
3992.482 762.766
3993.661 735.504
3994.840 800.879
3996.018 732.690
3997.197 732.349
3998.376 665.984
3999.555 738.554
4000.734 810.379
4001.912 816.035
4003.091 670.719
4004.270 695.470
4005.449 767.040
4006.628 728.160
4007.807 801.944
4008.985 783.936
4010.164 771.468
4011.343 878.455
4012.522 811.811
4013.701 813.647
4014.879 819.284
4016.058 716.186
4017.237 742.325
4018.416 766.592
4019.595 767.642
4020.773 742.921
4021.952 721.903
4023.131 781.921
4024.310 741.003
4025.489 669.186
4026.668 865.439
4027.846 1336.065
4029.025 1701.260
4030.204 1349.836
4031.383 765.745
4032.562 651.698
4033.740 722.024
4034.919 655.510
4036.098 659.949
4037.277 663.035
4038.456 714.155
4039.635 676.327
4040.813 828.463
4041.992 843.945
4043.171 745.698
4044.350 738.148
4045.529 798.573
4046.707 652.521
4047.886 705.860
4049.065 694.380
4050.244 693.325
4051.423 793.456
4052.602 660.896
4053.780 685.556
4054.959 671.735
4056.138 712.214
4057.317 627.384
4058.496 654.384
4059.674 694.550
4060.853 732.615
4062.032 687.225
4063.211 707.628
4064.390 681.507
4065.569 735.564
4066.747 681.443
4067.926 772.737
4069.105 847.070
4070.284 1063.151
4071.463 1134.718
4072.641 953.472
4073.820 782.459
4074.999 733.986
4076.178 697.592
4077.357 735.158
4078.536 734.400
4079.714 790.123
4080.893 789.382
4082.072 758.116
4083.251 723.871
4084.430 647.902
4085.608 591.186
4086.787 591.805
4087.966 651.675
4089.145 571.112
4090.324 616.629
4091.503 728.768
4092.681 625.704
4093.860 523.721
4095.039 584.750
4096.218 665.182
4097.397 571.285
4098.575 571.344
4099.754 607.660
4100.933 669.772
4102.112 1663.685
4103.291 8562.838
4104.470 12547.256
4105.648 8538.778
4106.827 1633.368
4108.006 585.092
4109.185 571.855
4110.364 595.720
4111.542 592.219
4112.721 578.021
4113.900 572.362
4115.079 504.021
4116.258 609.900
4117.437 575.120
4118.615 578.073
4119.794 636.055
4120.973 617.949
4122.152 585.675
4123.331 736.930
4124.509 775.551
4125.688 634.231
4126.867 663.528
4128.046 639.120
4129.225 529.453
4130.404 552.608
4131.582 609.614
4132.761 583.255
4133.940 541.130
4135.119 596.546
4136.298 569.099
4137.476 565.520
4138.655 610.397
4139.834 559.342
4141.013 622.043
4142.192 565.368
4143.371 550.212
4144.549 634.616
4145.728 711.353
4146.907 725.878
4148.086 603.776
4149.265 608.151
4150.443 538.627
4151.622 553.279
4152.801 616.066
4153.980 679.230
4155.159 609.028
4156.338 618.844
4157.516 643.253
4158.695 571.972
4159.874 608.982
4161.053 591.430
4162.232 542.040
4163.410 585.682
4164.589 633.670
4165.768 600.523
4166.947 619.225
4168.126 665.886
4169.305 695.027
4170.483 678.114
4171.662 653.811
4172.841 602.758
4174.020 599.145
4175.199 601.943
4176.377 614.501
4177.556 594.686
4178.735 599.422
4179.914 617.057
4181.093 595.186
4182.271 628.375
4183.450 520.011
4184.629 562.348
4185.808 609.199
4186.987 534.880
4188.166 497.871
4189.344 507.074
4190.523 577.983
4191.702 461.637
4192.881 569.062
4194.060 541.128
4195.238 490.188
4196.417 526.159
4197.596 537.711
4198.775 533.184
4199.954 561.716
4201.133 572.704
4202.311 538.758
4203.490 496.327
4204.669 479.361
4205.848 528.761
4207.027 587.788
4208.205 528.036
4209.384 541.105
4210.563 581.250
4211.742 538.339
4212.921 537.317
4214.100 534.883
4215.278 541.561
4216.457 487.902
4217.636 518.073
4218.815 525.377
4219.994 497.542
4221.172 505.753
4222.351 472.576
4223.530 455.096
4224.709 514.945
4225.888 454.432
4227.067 456.655
4228.245 443.673
4229.424 502.182
4230.603 529.536
4231.782 466.172
4232.961 570.170
4234.139 532.758
4235.318 503.381
4236.497 615.472
4237.676 541.349
4238.855 559.437
4240.034 534.644
4241.212 498.032
4242.391 552.602
4243.570 441.115
4244.749 553.835
4245.928 513.974
4247.106 465.346
4248.285 544.346
4249.464 534.632
4250.643 516.774
4251.822 458.894
4253.001 450.890
4254.179 496.462
4255.358 482.717
4256.537 508.243
4257.716 459.796
4258.895 445.908
4260.073 543.692
4261.252 488.577
4262.431 473.753
4263.610 533.772
4264.789 547.640
4265.968 517.885
4267.146 499.706
4268.325 511.019
4269.504 476.671
4270.683 443.485
4271.862 487.551
4273.040 492.667
4274.219 460.164
4275.398 404.562
4276.577 436.414
4277.756 489.472
4278.935 469.456
4280.113 462.484
4281.292 459.448
4282.471 462.098
4283.650 474.214
4284.829 439.809
4286.007 431.159
4287.186 484.852
4288.365 469.218
4289.544 478.672
4290.723 417.418
4291.902 448.936
4293.080 454.840
4294.259 462.503
4295.438 410.787
4296.617 487.096
4297.796 446.337
4298.974 438.605
4300.153 467.253
4301.332 402.854
4302.511 393.426
4303.690 420.384
4304.869 441.484
4306.047 457.840
4307.226 453.414
4308.405 373.564
4309.584 390.832
4310.763 382.292
4311.941 417.454
4313.120 483.780
4314.299 491.891
4315.478 388.532
4316.657 465.407
4317.836 468.830
4319.014 466.204
4320.193 489.832
4321.372 465.816
4322.551 455.144
4323.730 443.476
4324.908 490.388
4326.087 410.945
4327.266 470.429
4328.445 457.264
4329.624 438.040
4330.803 441.528
4331.981 465.636
4333.160 441.747
4334.339 471.235
4335.518 437.672
4336.697 432.000
4337.875 422.056
4339.054 480.268
4340.233 614.613
4341.412 4627.176
4342.591 13765.423
4343.769 15707.392
4344.948 8028.255
4346.127 553.759
4347.306 579.785
4348.485 399.217
4349.664 435.420
4350.842 427.840
4352.021 403.854
4353.200 388.591
4354.379 404.836
4355.558 400.902
4356.736 413.796
4357.915 431.063
4359.094 426.539
4360.273 429.399
4361.452 473.298
4362.631 514.012
4363.809 802.894
4364.988 2133.005
4366.167 3050.711
4367.346 2082.454
4368.525 834.683
4369.703 452.773
4370.882 438.634
4372.061 409.038
4373.240 412.270
4374.419 414.603
4375.598 396.502
4376.776 409.539
4377.955 421.363
4379.134 428.427
4380.313 445.578
4381.492 421.882
4382.670 379.590
4383.849 349.165
4385.028 379.117
4386.207 408.987
4387.386 359.683
4388.565 419.092
4389.743 506.701
4390.922 544.430
4392.101 535.137
4393.280 447.721
4394.459 404.101
4395.637 396.791
4396.816 416.556
4397.995 416.951
4399.174 419.387
4400.353 427.478
4401.532 437.289
4402.710 439.491
4403.889 406.014
4405.068 456.663
4406.247 437.987
4407.426 425.975
4408.604 405.076
4409.783 449.701
4410.962 451.669
4412.141 400.838
4413.320 427.035
4414.499 400.751
4415.677 460.234
4416.856 481.937
4418.035 455.979
4419.214 491.126
4420.393 459.402
4421.571 449.781
4422.750 424.763
4423.929 433.065
4425.108 434.733
4426.287 424.357
4427.466 405.285
4428.644 420.184
4429.823 389.228
4431.002 403.755
4432.181 359.590
4433.360 416.823
4434.538 397.191
4435.717 381.473
4436.896 396.887
4438.075 391.285
4439.254 420.066
4440.433 462.227
4441.611 429.037
4442.790 379.378
4443.969 389.644
4445.148 393.252
4446.327 414.561
4447.505 369.103
4448.684 404.490
4449.863 425.325
4451.042 438.782
4452.221 389.630
4453.400 392.704
4454.578 365.897
4455.757 390.714
4456.936 412.000
4458.115 391.441
4459.294 356.372
4460.472 375.560
4461.651 359.594
4462.830 377.910
4464.009 413.045
4465.188 403.403
4466.367 368.168
4467.545 358.847
4468.724 417.102
4469.903 371.695
4471.082 425.948
4472.261 547.116
4473.439 1244.258
4474.618 1594.175
4475.797 1082.627
4476.976 476.189
4478.155 372.866
4479.334 383.657
4480.512 387.165
4481.691 353.049
4482.870 390.679
4484.049 371.597
4485.228 363.285
4486.406 401.296
4487.585 404.557
4488.764 353.752
4489.943 360.023
4491.122 336.474
4492.301 379.170
4493.479 380.699
4494.658 384.941
4495.837 370.764
4497.016 406.547
4498.195 377.115
4499.373 373.471
4500.552 352.782
4501.731 381.261
4502.910 369.277
4504.089 408.702
4505.267 380.276
4506.446 381.304
4507.625 397.822
4508.804 413.157
4509.983 396.101
4511.162 379.848
4512.340 362.417
4513.519 402.981
4514.698 414.062
4515.877 380.638
4517.056 407.838
4518.234 381.970
4519.413 365.592
4520.592 360.740
4521.771 383.724
4522.950 380.390
4524.129 363.310
4525.307 422.077
4526.486 358.284
4527.665 354.273
4528.844 419.368
4530.023 386.546
4531.201 389.019
4532.380 400.616
4533.559 361.130
4534.738 369.543
4535.917 364.679
4537.096 399.351
4538.274 407.188
4539.453 378.104
4540.632 372.756
4541.811 384.991
4542.990 411.948
4544.168 414.570
4545.347 385.739
4546.526 381.936
4547.705 396.994
4548.884 368.146
4550.063 374.106
4551.241 378.681
4552.420 359.040
4553.599 392.412
4554.778 408.966
4555.957 374.778
4557.135 341.469
4558.314 399.655
4559.493 410.312
4560.672 386.717
4561.851 411.530
4563.030 363.892
4564.208 413.480
4565.387 451.392
4566.566 382.855
4567.745 370.619
4568.924 356.835
4570.102 360.353
4571.281 367.644
4572.460 393.789
4573.639 423.136
4574.818 408.554
4575.997 404.686
4577.175 396.581
4578.354 387.199
4579.533 375.477
4580.712 392.215
4581.891 371.871
4583.069 365.704
4584.248 391.395
4585.427 361.427
4586.606 354.143
4587.785 391.531
4588.964 389.050
4590.142 339.829
4591.321 345.661
4592.500 330.807
4593.679 359.029
4594.858 351.402
4596.036 324.750
4597.215 403.539
4598.394 369.347
4599.573 352.285
4600.752 366.292
4601.931 368.516
4603.109 332.881
4604.288 350.635
4605.467 353.870
4606.646 333.847
4607.825 354.174
4609.003 372.172
4610.182 403.283
4611.361 361.552
4612.540 378.970
4613.719 361.634
4614.898 338.652
4616.076 343.100
4617.255 372.447
4618.434 388.194
4619.613 393.614
4620.792 392.552
4621.970 371.273
4623.149 382.458
4624.328 360.364
4625.507 353.794
4626.686 367.194
4627.865 350.070
4629.043 378.608
4630.222 322.853
4631.401 343.547
4632.580 339.512
4633.759 337.360
4634.937 370.788
4636.116 349.247
4637.295 362.311
4638.474 367.214
4639.653 363.232
4640.832 368.105
4642.010 389.356
4643.189 374.325
4644.368 385.014
4645.547 359.503
4646.726 344.504
4647.904 350.844
4649.083 361.947
4650.262 367.501
4651.441 355.873
4652.620 392.476
4653.799 394.861
4654.977 410.653
4656.156 396.377
4657.335 402.270
4658.514 391.525
4659.693 440.243
4660.871 466.645
4662.050 436.775
4663.229 424.547
4664.408 382.300
4665.587 360.339
4666.765 365.195
4667.944 368.140
4669.123 346.251
4670.302 353.275
4671.481 397.990
4672.660 407.102
4673.838 398.234
4675.017 389.413
4676.196 378.800
4677.375 393.286
4678.554 391.223
4679.732 356.677
4680.911 377.649
4682.090 397.076
4683.269 404.844
4684.448 390.592
4685.627 420.959
4686.805 462.663
4687.984 474.692
4689.163 462.880
4690.342 450.772
4691.521 406.009
4692.699 372.911
4693.878 370.047
4695.057 365.769
4696.236 363.332
4697.415 374.111
4698.594 396.752
4699.772 393.043
4700.951 402.054
4702.130 335.871
4703.309 330.731
4704.488 355.156
4705.666 396.367
4706.845 339.345
4708.024 378.020
4709.203 357.745
4710.382 391.828
4711.561 412.830
4712.739 497.851
4713.918 745.607
4715.097 739.976
4716.276 639.899
4717.455 475.722
4718.633 386.849
4719.812 367.737
4720.991 399.685
4722.170 380.056
4723.349 349.877
4724.528 387.256
4725.706 377.791
4726.885 346.020
4728.064 352.414
4729.243 376.029
4730.422 366.137
4731.600 346.363
4732.779 364.593
4733.958 375.606
4735.137 351.530
4736.316 334.499
4737.495 383.863
4738.673 390.920
4739.852 342.722
4741.031 386.876
4742.210 543.991
4743.389 609.563
4744.567 476.871
4745.746 377.029
4746.925 354.346
4748.104 367.623
4749.283 364.770
4750.462 361.240
4751.640 337.565
4752.819 373.915
4753.998 372.048
4755.177 353.034
4756.356 383.268
4757.534 361.335
4758.713 330.381
4759.892 349.794
4761.071 358.299
4762.250 352.397
4763.429 364.153
4764.607 336.771
4765.786 358.394
4766.965 344.576
4768.144 352.755
4769.323 408.067
4770.501 359.177
4771.680 360.005
4772.859 414.521
4774.038 388.030
4775.217 393.736
4776.396 348.262
4777.574 387.262
4778.753 360.757
4779.932 377.878
4781.111 382.778
4782.290 360.262
4783.468 360.085
4784.647 351.976
4785.826 340.270
4787.005 341.577
4788.184 369.707
4789.363 340.988
4790.541 338.520
4791.720 371.883
4792.899 358.968
4794.078 359.139
4795.257 340.791
4796.435 356.324
4797.614 382.256
4798.793 340.640
4799.972 345.715
4801.151 341.355
4802.330 358.192
4803.508 402.319
4804.687 354.795
4805.866 343.813
4807.045 357.837
4808.224 361.630
4809.402 354.242
4810.581 367.700
4811.760 359.289
4812.939 354.790
4814.118 369.648
4815.296 389.375
4816.475 363.483
4817.654 400.052
4818.833 392.707
4820.012 368.893
4821.191 404.355
4822.369 356.791
4823.548 397.622
4824.727 370.553
4825.906 394.096
4827.085 364.728
4828.263 381.471
4829.442 398.212
4830.621 399.561
4831.800 384.168
4832.979 406.415
4834.158 395.180
4835.336 380.610
4836.515 378.881
4837.694 348.495
4838.873 376.076
4840.052 383.070
4841.230 340.509
4842.409 356.886
4843.588 393.431
4844.767 372.611
4845.946 364.465
4847.125 392.354
4848.303 348.182
4849.482 321.581
4850.661 368.179
4851.840 351.596
4853.019 340.932
4854.197 367.244
4855.376 353.579
4856.555 330.513
4857.734 359.123
4858.913 360.504
4860.092 412.971
4861.270 717.050
4862.449 6648.338
4863.628 26608.684
4864.807 30025.590
4865.986 14380.834
4867.164 1516.908
4868.343 301.225
4869.522 417.110
4870.701 332.926
4871.880 347.537
4873.059 353.680
4874.237 357.798
4875.416 362.568
4876.595 373.518
4877.774 385.779
4878.953 387.596
4880.131 396.709
4881.310 371.146
4882.489 398.926
4883.668 389.769
4884.847 373.674
4886.026 393.224
4887.204 375.754
4888.383 375.271
4889.562 350.421
4890.741 367.263
4891.920 381.569
4893.098 382.165
4894.277 374.150
4895.456 364.007
4896.635 372.682
4897.814 308.847
4898.993 322.298
4900.171 348.141
4901.350 380.954
4902.529 377.941
4903.708 371.177
4904.887 343.560
4906.065 351.429
4907.244 348.945
4908.423 368.658
4909.602 371.617
4910.781 355.322
4911.960 343.719
4913.138 391.989
4914.317 373.927
4915.496 359.941
4916.675 383.046
4917.854 371.348
4919.032 358.342
4920.211 355.758
4921.390 346.957
4922.569 370.871
4923.748 548.299
4924.927 691.291
4926.105 610.064
4927.284 431.937
4928.463 348.123
4929.642 363.767
4930.821 362.375
4931.999 376.496
4933.178 380.509
4934.357 423.324
4935.536 369.644
4936.715 386.219
4937.894 371.340
4939.072 364.365
4940.251 338.249
4941.430 388.731
4942.609 404.238
4943.788 395.539
4944.966 391.002
4946.145 349.167
4947.324 366.513
4948.503 404.813
4949.682 381.101
4950.861 363.390
4952.039 401.864
4953.218 417.405
4954.397 378.967
4955.576 446.190
4956.755 293.493
4957.933 941.678
4959.112 -552.485
4960.291 19722.385
4961.470 51373.904
4962.649 52858.881
4963.828 21959.320
4965.006 -414.802
4966.185 1029.476
4967.364 385.934
4968.543 529.579
4969.722 453.872
4970.900 401.360
4972.079 427.934
4973.258 417.796
4974.437 413.751
4975.616 428.863
4976.794 397.478
4977.973 406.621
4979.152 430.701
4980.331 407.705
4981.510 386.240
4982.689 396.694
4983.867 358.280
4985.046 388.685
4986.225 402.480
4987.404 492.851
4988.583 562.162
4989.761 557.336
4990.940 499.131
4992.119 453.855
4993.298 413.630
4994.477 435.741
4995.656 422.930
4996.834 428.022
4998.013 451.976
4999.192 442.259
5000.371 471.202
5001.550 428.503
5002.728 486.157
5003.907 350.803
5005.086 976.896
5006.265 -613.159
5007.444 9536.145
5008.623 83576.454
5009.801 169714.921
5010.980 137254.001
5012.159 25237.077
5013.338 1394.919
5014.517 614.198
5015.695 503.547
5016.874 563.814
5018.053 944.408
5019.232 1072.675
5020.411 709.052
5021.590 485.959
5022.768 420.085
5023.947 432.319
5025.126 429.097
5026.305 394.309
5027.484 383.752
5028.662 382.291
5029.841 383.667
5031.020 408.581
5032.199 399.680
5033.378 364.385
5034.557 366.436
5035.735 361.020
5036.914 358.176
5038.093 352.438
5039.272 371.133
5040.451 398.382
5041.629 358.870
5042.808 338.625
5043.987 365.461
5045.166 382.034
5046.345 370.342
5047.524 359.521
5048.702 366.183
5049.881 416.486
5051.060 377.434
5052.239 374.167
5053.418 360.610
5054.596 335.445
5055.775 351.783
5056.954 358.714
5058.133 354.268
5059.312 354.518
5060.491 346.057
5061.669 345.660
5062.848 351.618
5064.027 342.181
5065.206 315.446
5066.385 295.539
5067.563 317.756
5068.742 343.642
5069.921 321.201
5071.100 327.608
5072.279 341.211
5073.458 325.141
5074.636 333.288
5075.815 331.566
5076.994 316.323
5078.173 313.975
5079.352 336.895
5080.530 318.680
5081.709 291.649
5082.888 316.443
5084.067 320.659
5085.246 330.688
5086.425 302.239
5087.603 330.550
5088.782 359.924
5089.961 324.447
5091.140 327.508
5092.319 336.583
5093.497 317.919
5094.676 308.533
5095.855 313.775
5097.034 304.197
5098.213 270.838
5099.392 280.253
5100.570 314.463
5101.749 348.255
5102.928 297.209
5104.107 333.429
5105.286 315.691
5106.464 310.524
5107.643 283.360
5108.822 311.434
5110.001 337.233
5111.180 321.541
5112.359 302.141
5113.537 301.786
5114.716 271.885
5115.895 308.594
5117.074 308.658
5118.253 279.470
5119.431 296.323
5120.610 310.808
5121.789 304.803
5122.968 299.759
5124.147 308.532
5125.326 329.126
5126.504 308.489
5127.683 288.356
5128.862 318.966
5130.041 312.708
5131.220 316.495
5132.398 336.645
5133.577 322.727
5134.756 339.977
5135.935 338.141
5137.114 326.624
5138.292 304.792
5139.471 311.033
5140.650 318.075
5141.829 313.629
5143.008 309.661
5144.187 295.872
5145.365 312.447
5146.544 323.487
5147.723 304.483
5148.902 301.170
5150.081 298.992
5151.259 298.897
5152.438 292.736
5153.617 294.502
5154.796 302.496
5155.975 294.677
5157.154 316.893
5158.332 315.294
5159.511 317.148
5160.690 298.257
5161.869 334.776
5163.048 302.365
5164.226 301.866
5165.405 280.370
5166.584 266.492
5167.763 273.176
5168.942 261.728
5170.121 274.716
5171.299 274.416
5172.478 268.010
5173.657 283.524
5174.836 284.132
5176.015 282.176
5177.193 277.276
5178.372 305.385
5179.551 326.625
5180.730 293.778
5181.909 295.237
5183.088 290.288
5184.266 257.173
5185.445 279.314
5186.624 284.424
5187.803 307.509
5188.982 300.695
5190.160 316.187
5191.339 284.410
5192.518 283.727
5193.697 280.552
5194.876 310.950
5196.055 378.959
5197.233 707.776
5198.412 851.201
5199.591 757.142
5200.770 650.157
5201.949 510.984
5203.127 369.689
5204.306 312.127
5205.485 291.430
5206.664 294.480
5207.843 290.715
5209.022 279.119
5210.200 288.106
5211.379 262.280
5212.558 272.309
5213.737 303.913
5214.916 302.774
5216.094 285.426
5217.273 293.357
5218.452 303.580
5219.631 302.189
5220.810 275.480
5221.989 278.075
5223.167 298.204
5224.346 302.746
5225.525 281.038
5226.704 268.233
5227.883 273.940
5229.061 266.236
5230.240 289.760
5231.419 309.191
5232.598 307.381
5233.777 304.217
5234.956 298.140
5236.134 289.420
5237.313 303.024
5238.492 341.600
5239.671 296.292
5240.850 290.259
5242.028 298.495
5243.207 285.062
5244.386 275.839
5245.565 285.411
5246.744 283.347
5247.923 276.031
5249.101 276.125
5250.280 308.428
5251.459 299.510
5252.638 273.774
5253.817 281.603
5254.995 289.121
5256.174 314.903
5257.353 297.695
5258.532 284.443
5259.711 307.629
5260.890 294.469
5262.068 275.033
5263.247 269.171
5264.426 273.656
5265.605 254.995
5266.784 295.637
5267.962 241.521
5269.141 273.103
5270.320 267.964
5271.499 266.917
5272.678 287.249
5273.857 339.335
5275.035 338.941
5276.214 327.592
5277.393 310.870
5278.572 296.265
5279.751 295.407
5280.929 267.847
5282.108 247.943
5283.287 259.648
5284.466 269.593
5285.645 268.944
5286.824 264.581
5288.002 275.690
5289.181 282.519
5290.360 273.260
5291.539 289.062
5292.718 288.145
5293.896 293.278
5295.075 285.995
5296.254 268.733
5297.433 284.331
5298.612 284.176
5299.790 284.083
5300.969 274.238
5302.148 288.860
5303.327 297.613
5304.506 297.069
5305.685 296.989
5306.863 282.587
5308.042 282.696
5309.221 286.510
5310.400 278.521
5311.579 297.508
5312.757 303.177
5313.936 279.105
5315.115 285.969
5316.294 280.591
5317.473 272.891
5318.652 286.977
5319.830 282.126
5321.009 265.276
5322.188 287.613
5323.367 276.479
5324.546 278.604
5325.724 290.034
5326.903 278.591
5328.082 286.408
5329.261 380.605
5330.440 453.919
5331.619 376.902
5332.797 290.697
5333.976 290.684
5335.155 297.754
5336.334 276.631
5337.513 249.042
5338.691 277.111
5339.870 263.063
5341.049 260.999
5342.228 272.841
5343.407 260.282
5344.586 256.840
5345.764 278.915
5346.943 267.604
5348.122 242.597
5349.301 265.999
5350.480 255.108
5351.658 290.230
5352.837 295.699
5354.016 290.510
5355.195 281.737
5356.374 253.675
5357.553 256.194
5358.731 275.738
5359.910 284.456
5361.089 267.536
5362.268 270.394
5363.447 273.745
5364.625 239.719
5365.804 242.107
5366.983 254.686
5368.162 265.555
5369.341 241.419
5370.520 267.534
5371.698 267.258
5372.877 279.938
5374.056 253.559
5375.235 266.177
5376.414 276.476
5377.592 263.167
5378.771 266.785
5379.950 275.196
5381.129 279.097
5382.308 267.783
5383.487 247.398
5384.665 254.984
5385.844 269.801
5387.023 244.888
5388.202 257.552
5389.381 257.488
5390.559 260.986
5391.738 251.729
5392.917 234.103
5394.096 260.870
5395.275 251.188
5396.454 237.362
5397.632 227.460
5398.811 245.371
5399.990 254.869
5401.169 259.838
5402.348 261.762
5403.526 261.853
5404.705 244.535
5405.884 237.954
5407.063 273.059
5408.242 237.200
5409.421 234.409
5410.599 238.465
5411.778 233.938
5412.957 244.362
5414.136 241.308
5415.315 241.602
5416.493 244.892
5417.672 230.752
5418.851 213.255
5420.030 246.353
5421.209 241.122
5422.388 225.576
5423.566 237.256
5424.745 260.298
5425.924 243.675
5427.103 226.691
5428.282 241.334
5429.460 238.280
5430.639 265.463
5431.818 248.845
5432.997 249.382
5434.176 231.968
5435.355 275.354
5436.533 278.800
5437.712 268.314
5438.891 241.560
5440.070 260.448
5441.249 247.347
5442.427 238.026
5443.606 240.296
5444.785 242.149
5445.964 225.328
5447.143 236.494
5448.322 261.293
5449.500 248.137
5450.679 247.131
5451.858 249.898
5453.037 236.588
5454.216 241.711
5455.394 230.062
5456.573 228.606
5457.752 262.027
5458.931 247.944
5460.110 257.267
5461.288 249.410
5462.467 257.468
5463.646 255.216
5464.825 234.637
5466.004 223.965
5467.183 229.038
5468.361 241.698
5469.540 241.592
5470.719 252.498
5471.898 252.742
5473.077 225.687
5474.255 251.811
5475.434 258.561
5476.613 233.031
5477.792 229.663
5478.971 216.038
5480.150 221.656
5481.328 224.553
5482.507 233.533
5483.686 243.090
5484.865 234.444
5486.044 233.396
5487.222 219.133
5488.401 238.593
5489.580 248.164
5490.759 236.711
5491.938 246.694
5493.117 231.538
5494.295 223.944
5495.474 249.944
5496.653 245.169
5497.832 249.525
5499.011 245.085
5500.189 265.865
5501.368 217.473
5502.547 233.199
5503.726 247.777
5504.905 237.522
5506.084 227.285
5507.262 221.257
5508.441 254.558
5509.620 224.247
5510.799 216.789
5511.978 265.110
5513.156 244.786
5514.335 228.690
5515.514 256.428
5516.693 239.233
5517.872 224.675
5519.051 234.569
5520.229 293.886
5521.408 329.276
5522.587 286.703
5523.766 227.654
5524.945 223.155
5526.123 252.169
5527.302 241.244
5528.481 245.065
5529.660 246.537
5530.839 230.974
5532.018 223.375
5533.196 243.760
5534.375 244.444
5535.554 235.439
5536.733 259.270
5537.912 253.413
5539.090 248.752
5540.269 293.609
5541.448 314.186
5542.627 296.744
5543.806 291.835
5544.985 270.584
5546.163 273.591
5547.342 226.567
5548.521 245.890
5549.700 243.196
5550.879 253.317
5552.057 236.107
5553.236 220.245
5554.415 224.115
5555.594 237.292
5556.773 241.981
5557.952 236.182
5559.130 252.535
5560.309 220.793
5561.488 225.901
5562.667 248.169
5563.846 311.935
5565.024 287.711
5566.203 246.412
5567.382 247.912
5568.561 262.235
5569.740 251.404
5570.919 248.947
5572.097 205.192
5573.276 359.386
5574.455 -108.700
5575.634 2890.889
5576.813 9147.202
5577.991 10991.261
5579.170 6053.580
5580.349 405.677
5581.528 339.267
5582.707 252.776
5583.886 235.587
5585.064 225.295
5586.243 244.019
5587.422 236.789
5588.601 258.890
5589.780 273.162
5590.958 256.013
5592.137 238.534
5593.316 221.767
5594.495 222.135
5595.674 231.767
5596.853 229.234
5598.031 245.813
5599.210 253.590
5600.389 228.054
5601.568 234.976
5602.747 230.704
5603.925 256.036
5605.104 278.133
5606.283 275.353
5607.462 267.623
5608.641 228.026
5609.820 239.770
5610.998 214.730
5612.177 221.675
5613.356 228.574
5614.535 230.677
5615.714 233.863
5616.892 215.640
5618.071 238.491
5619.250 245.504
5620.429 209.229
5621.608 251.010
5622.786 262.126
5623.965 272.044
5625.144 259.486
5626.323 244.629
5627.502 223.630
5628.681 215.669
5629.859 229.436
5631.038 243.062
5632.217 224.828
5633.396 231.224
5634.575 264.306
5635.753 238.141
5636.932 213.486
5638.111 238.428
5639.290 226.403
5640.469 209.439
5641.648 233.712
5642.826 229.847
5644.005 230.699
5645.184 241.470
5646.363 259.166
5647.542 224.347
5648.720 221.734
5649.899 230.439
5651.078 251.855
5652.257 232.545
5653.436 215.829
5654.615 218.718
5655.793 217.113
5656.972 228.382
5658.151 225.153
5659.330 215.972
5660.509 232.702
5661.687 224.132
5662.866 238.308
5664.045 242.101
5665.224 197.340
5666.403 236.035
5667.582 225.241
5668.760 251.745
5669.939 236.213
5671.118 224.727
5672.297 242.598
5673.476 248.709
5674.654 223.966
5675.833 224.715
5677.012 245.665
5678.191 250.574
5679.370 249.619
5680.549 240.936
5681.727 244.522
5682.906 244.721
5684.085 234.642
5685.264 260.251
5686.443 236.228
5687.621 248.508
5688.800 238.728
5689.979 252.007
5691.158 248.272
5692.337 235.563
5693.516 227.890
5694.694 224.368
5695.873 239.153
5697.052 252.471
5698.231 251.683
5699.410 251.104
5700.588 228.098
5701.767 215.146
5702.946 247.414
5704.125 224.453
5705.304 241.641
5706.483 246.196
5707.661 218.359
5708.840 231.177
5710.019 224.346
5711.198 231.139
5712.377 229.040
5713.555 227.674
5714.734 230.810
5715.913 246.273
5717.092 256.842
5718.271 232.239
5719.450 225.638
5720.628 231.468
5721.807 232.102
5722.986 267.697
5724.165 232.994
5725.344 242.386
5726.522 237.635
5727.701 230.534
5728.880 222.615
5730.059 214.485
5731.238 218.872
5732.417 238.270
5733.595 238.756
5734.774 215.754
5735.953 214.726
5737.132 219.663
5738.311 217.835
5739.489 239.335
5740.668 242.018
5741.847 242.348
5743.026 252.029
5744.205 225.220
5745.384 235.874
5746.562 247.785
5747.741 207.367
5748.920 225.958
5750.099 243.251
5751.278 224.075
5752.456 229.331
5753.635 240.027
5754.814 229.074
5755.993 242.120
5757.172 264.665
5758.351 259.731
5759.529 250.468
5760.708 230.821
5761.887 229.576
5763.066 221.932
5764.245 225.234
5765.423 223.302
5766.602 206.538
5767.781 241.013
5768.960 231.167
5770.139 245.038
5771.318 249.394
5772.496 219.823
5773.675 216.770
5774.854 215.024
5776.033 205.864
5777.212 220.624
5778.390 214.312
5779.569 191.756
5780.748 205.876
5781.927 222.250
5783.106 212.175
5784.284 202.849
5785.463 221.058
5786.642 212.523
5787.821 225.968
5789.000 229.268
5790.179 224.509
5791.357 217.124
5792.536 226.337
5793.715 218.796
5794.894 213.688
5796.073 234.525
5797.251 213.474
5798.430 223.681
5799.609 222.476
5800.788 227.590
5801.967 226.130
5803.146 232.238
5804.324 233.504
5805.503 234.258
5806.682 224.919
5807.861 253.696
5809.040 233.897
5810.218 218.750
5811.397 227.866
5812.576 198.688
5813.755 210.691
5814.934 240.791
5816.113 204.988
5817.291 205.328
5818.470 213.413
5819.649 239.612
5820.828 212.080
5822.007 217.462
5823.185 225.326
5824.364 232.940
5825.543 243.765
5826.722 237.150
5827.901 230.696
5829.080 222.663
5830.258 222.982
5831.437 222.421
5832.616 225.643
5833.795 227.800
5834.974 210.610
5836.152 226.354
5837.331 216.608
5838.510 221.957
5839.689 228.154
5840.868 219.459
5842.047 208.904
5843.225 229.235
5844.404 247.476
5845.583 230.162
5846.762 215.002
5847.941 219.956
5849.119 223.953
5850.298 226.431
5851.477 225.961
5852.656 228.601
5853.835 235.366
5855.014 213.288
5856.192 215.226
5857.371 217.050
5858.550 195.281
5859.729 212.988
5860.908 226.131
5862.086 212.636
5863.265 229.659
5864.444 247.761
5865.623 311.417
5866.802 334.352
5867.981 330.022
5869.159 325.320
5870.338 264.260
5871.517 226.043
5872.696 226.158
5873.875 230.270
5875.053 240.588
5876.232 262.487
5877.411 832.289
5878.590 2064.107
5879.769 2423.609
5880.948 1291.694
5882.126 447.202
5883.305 264.510
5884.484 216.104
5885.663 238.446
5886.842 280.532
5888.020 611.416
5889.199 1202.178
5890.378 1371.421
5891.557 973.473
5892.736 377.361
5893.915 376.051
5895.093 754.911
5896.272 915.310
5897.451 676.775
5898.630 342.118
5899.809 228.723
5900.987 220.057
5902.166 228.426
5903.345 236.881
5904.524 241.493
5905.703 269.034
5906.882 268.960
5908.060 245.035
5909.239 244.542
5910.418 217.952
5911.597 221.405
5912.776 227.561
5913.954 292.507
5915.133 323.326
5916.312 340.586
5917.491 252.773
5918.670 240.619
5919.849 222.764
5921.027 220.141
5922.206 233.623
5923.385 236.146
5924.564 273.298
5925.743 277.568
5926.921 233.561
5928.100 241.253
5929.279 228.472
5930.458 231.183
5931.637 315.932
5932.815 373.524
5933.994 351.025
5935.173 258.154
5936.352 232.144
5937.531 212.506
5938.710 202.832
5939.888 213.097
5941.067 214.387
5942.246 226.223
5943.425 233.131
5944.604 233.388
5945.782 259.352
5946.961 261.611
5948.140 239.377
5949.319 219.484
5950.498 222.083
5951.677 239.750
5952.855 320.697
5954.034 333.245
5955.213 303.626
5956.392 254.585
5957.571 230.657
5958.749 264.339
5959.928 266.149
5961.107 237.400
5962.286 223.736
5963.465 226.033
5964.644 218.051
5965.822 220.751
5967.001 225.576
5968.180 218.297
5969.359 232.291
5970.538 254.115
5971.716 262.044
5972.895 262.035
5974.074 262.027
