3561.035 40794.857
3562.213 39260.321
3563.392 40014.399
3564.571 40298.872
3565.750 38931.274
3566.929 39776.197
3568.108 40143.847
3569.286 41099.480
3570.465 41385.636
3571.644 39992.384
3572.823 39972.182
3574.002 39413.843
3575.180 39890.066
3576.359 40060.967
3577.538 40277.595
3578.717 39159.272
3579.896 39806.383
3581.075 40307.095
3582.253 40137.761
3583.432 41449.363
3584.611 40454.220
3585.790 40752.938
3586.969 40211.226
3588.147 38969.477
3589.326 38830.847
3590.505 39012.691
3591.684 40255.399
3592.863 41250.425
3594.042 40893.199
3595.220 40234.484
3596.399 40738.006
3597.578 41963.322
3598.757 42091.087
3599.936 42633.563
3601.114 41566.120
3602.293 42451.706
3603.472 41337.643
3604.651 42081.401
3605.830 41261.925
3607.009 41812.157
3608.187 43441.720
3609.366 42719.188
3610.545 43172.995
3611.724 42849.426
3612.903 41973.139
3614.081 42984.754
3615.260 42505.241
3616.439 42809.475
3617.618 43208.051
3618.797 43112.454
3619.976 43285.971
3621.154 44192.082
3622.333 43364.370
3623.512 44816.855
3624.691 45695.668
3625.870 44465.146
3627.048 44546.834
3628.227 45827.887
3629.406 46397.532
3630.585 45214.653
3631.764 46472.305
3632.943 45733.585
3634.121 44615.495
3635.300 43486.851
3636.479 42455.086
3637.658 43363.489
3638.837 44480.906
3640.015 45913.642
3641.194 45424.832
3642.373 45951.391
3643.552 45940.695
3644.731 45794.049
3645.910 45255.938
3647.088 44867.658
3648.267 44449.865
3649.446 45986.201
3650.625 45742.366
3651.804 45272.760
3652.982 45738.286
3654.161 45756.688
3655.340 45553.736
3656.519 46808.837
3657.698 44956.365
3658.877 45772.008
3660.055 45964.406
3661.234 45585.735
3662.413 45575.272
3663.592 44789.388
3664.771 46299.798
3665.949 46244.282
3667.128 45190.424
3668.307 45823.199
3669.486 45891.420
3670.665 46587.793
3671.844 46090.980
3673.022 45918.822
3674.201 46069.638
3675.380 44918.512
3676.559 44969.820
3677.738 46200.355
3678.916 45881.073
3680.095 45343.285
3681.274 44301.328
3682.453 46591.886
3683.632 46083.805
3684.811 46224.119
3685.989 45034.622
3687.168 46466.568
3688.347 46528.961
3689.526 46122.759
3690.705 44356.897
3691.883 44918.098
3693.062 45949.112
3694.241 44147.884
3695.420 46252.298
3696.599 44949.074
3697.777 45088.662
3698.956 45653.231
3700.135 44823.395
3701.314 46073.860
3702.493 46171.036
3703.672 45375.129
3704.850 44906.780
3706.029 42531.504
3707.208 41672.854
3708.387 42336.839
3709.566 44830.789
3710.744 46304.914
3711.923 44690.851
3713.102 43100.553
3714.281 42358.608
3715.460 44172.191
3716.639 43712.077
3717.817 46004.745
3718.996 47691.587
3720.175 47149.072
3721.354 46074.714
3722.533 43759.073
3723.711 42456.938
3724.890 42347.808
3726.069 45010.665
3727.248 55752.262
3728.427 65507.342
3729.606 72199.902
3730.784 76108.587
3731.963 72962.100
3733.142 58774.080
3734.321 47870.840
3735.500 42031.983
3736.678 39745.052
3737.857 39930.665
3739.036 42347.471
3740.215 45364.161
3741.394 47617.409
3742.573 49570.450
3743.751 50988.605
3744.930 51251.839
3746.109 50150.507
3747.288 50097.127
3748.467 46625.983
3749.645 43069.227
3750.824 40629.718
3752.003 38542.774
3753.182 37065.930
3754.361 38996.154
3755.540 43130.001
3756.718 45234.195
3757.897 47726.811
3759.076 49700.922
3760.255 50979.125
3761.434 51854.338
3762.612 52268.764
3763.791 52252.227
3764.970 51798.679
3766.149 50720.579
3767.328 49714.351
3768.507 47403.151
3769.685 43949.775
3770.864 40368.258
3772.043 37077.028
3773.222 36099.666
3774.401 36994.964
3775.579 39908.132
3776.758 43235.207
3777.937 45832.200
3779.116 48277.393
3780.295 49832.895
3781.474 51200.324
3782.652 51225.901
3783.831 51060.853
3785.010 51775.745
3786.189 51338.656
3787.368 50329.243
3788.546 51446.439
3789.725 52019.062
3790.904 50535.174
3792.083 49813.742
3793.262 49060.363
3794.441 46890.694
3795.619 45078.186
3796.798 42591.980
3797.977 38917.120
3799.156 36070.451
3800.335 35049.576
3801.513 35019.377
3802.692 36751.802
3803.871 40100.802
3805.050 44221.492
3806.229 46098.607
3807.408 45053.762
3808.586 46094.813
3809.765 47318.316
3810.944 48437.856
3812.123 49917.523
3813.302 50129.100
3814.480 50397.761
3815.659 50548.641
3816.838 49524.063
3818.017 48733.919
3819.196 47470.595
3820.375 44350.189
3821.553 39670.279
3822.732 39359.039
3823.911 43548.377
3825.090 47246.689
3826.269 48455.455
3827.447 48510.415
3828.626 47377.886
3829.805 46651.792
3830.984 46735.164
3832.163 44145.410
3833.342 41975.741
3834.520 39132.802
3835.699 35528.416
3836.878 35180.397
3838.057 34536.627
3839.236 34147.997
3840.414 35258.719
3841.593 39631.921
3842.772 41454.387
3843.951 42973.889
3845.130 44555.653
3846.309 46383.455
3847.487 46932.458
3848.666 46016.193
3849.845 47492.454
3851.024 46853.527
3852.203 46451.080
3853.381 46888.959
3854.560 47384.918
3855.739 46736.045
3856.918 47156.182
3858.097 46411.272
3859.275 46597.208
3860.454 46269.961
3861.633 46743.414
3862.812 47169.209
3863.991 46408.526
3865.170 45588.416
3866.348 45296.005
3867.527 45480.309
3868.706 46317.682
3869.885 59862.230
3871.064 78720.084
3872.242 70563.825
3873.421 49129.101
3874.600 42088.678
3875.779 43049.633
3876.958 43773.590
3878.137 43964.836
3879.315 43738.094
3880.494 42296.008
3881.673 42459.256
3882.852 42435.091
3884.031 41814.566
3885.209 40222.674
3886.388 38309.286
3887.567 36590.872
3888.746 34450.134
3889.925 35783.181
3891.104 39731.481
3892.282 36695.742
3893.461 32313.513
3894.640 32590.889
3895.819 35791.443
3896.998 38108.470
3898.176 39115.553
3899.355 39989.186
3900.534 40856.408
3901.713 41503.792
3902.892 41604.957
3904.071 42490.763
3905.249 42291.087
3906.428 41750.606
3907.607 41586.270
3908.786 42021.429
3909.965 42166.702
3911.143 41264.022
3912.322 42004.154
3913.501 41341.632
3914.680 40862.676
3915.859 40990.208
3917.038 41421.313
3918.216 41455.618
3919.395 41054.776
3920.574 40943.924
3921.753 39479.111
3922.932 39781.778
3924.110 39218.609
3925.289 39913.065
3926.468 38973.750
3927.647 37544.666
3928.826 36611.955
3930.005 36710.284
3931.183 38412.355
3932.362 38789.446
3933.541 37270.242
3934.720 35197.621
3935.899 34044.138
3937.077 35733.000
3938.256 37909.804
3939.435 38881.106
3940.614 39505.879
3941.793 39065.151
3942.972 38898.433
3944.150 38665.825
3945.329 38941.310
3946.508 38764.336
3947.687 38515.281
3948.866 38835.276
3950.044 38408.729
3951.223 38557.550
3952.402 37901.736
3953.581 37871.912
3954.760 37526.342
3955.939 37573.557
3957.117 37125.552
3958.296 36820.942
3959.475 36886.288
3960.654 37257.422
3961.833 36440.847
3963.011 36165.374
3964.190 35717.783
3965.369 34310.598
3966.548 32098.323
3967.727 31145.501
3968.906 33458.112
3970.084 34341.652
3971.263 32117.088
3972.442 31163.489
3973.621 29229.717
3974.800 26990.455
3975.978 27958.739
3977.157 30420.534
3978.336 32199.502
3979.515 32742.832
3980.694 33816.892
3981.873 34473.586
3983.051 34802.037
3984.230 34849.253
3985.409 34733.454
3986.588 34582.820
3987.767 34927.587
3988.945 35090.317
3990.124 35183.790
3991.303 34480.061
3992.482 35122.252
3993.661 34943.309
3994.840 34934.179
3996.018 34276.138
3997.197 34608.888
3998.376 34600.665
3999.555 34900.367
4000.734 34798.087
4001.912 34260.805
4003.091 34067.746
4004.270 33739.062
4005.449 33967.617
4006.628 33594.981
4007.807 33313.720
4008.985 33046.600
4010.164 31944.050
4011.343 29596.280
4012.522 29543.690
4013.701 30968.488
4014.879 32367.839
4016.058 33119.327
4017.237 33092.806
4018.416 32709.058
4019.595 33073.432
4020.773 32963.383
4021.952 32594.490
4023.131 32386.862
4024.310 32219.263
4025.489 31156.651
4026.668 29299.634
4027.846 27023.775
4029.025 25741.220
4030.204 27440.610
4031.383 29845.606
4032.562 30882.370
4033.740 31075.791
4034.919 31235.309
4036.098 31491.693
4037.277 31398.920
4038.456 31676.853
4039.635 31372.877
4040.813 31356.107
4041.992 31215.470
4043.171 30915.146
4044.350 30647.975
4045.529 30988.288
4046.707 30972.619
4047.886 30902.792
4049.065 30706.651
4050.244 30833.600
4051.423 30874.872
4052.602 30451.498
4053.780 30226.388
4054.959 30039.584
4056.138 30139.908
4057.317 29632.837
4058.496 29932.436
4059.674 30074.484
4060.853 30086.230
4062.032 29747.031
4063.211 29695.049
4064.390 29434.314
4065.569 29505.060
4066.747 29530.222
4067.926 29808.621
4069.105 29587.771
4070.284 30026.025
4071.463 28713.232
4072.641 28145.698
4073.820 28258.104
4074.999 28621.650
4076.178 28198.236
4077.357 28889.935
4078.536 28418.309
4079.714 28262.015
4080.893 28727.399
4082.072 28947.446
4083.251 28392.046
4084.430 28388.420
4085.608 28181.233
4086.787 28198.858
4087.966 27751.060
4089.145 27700.568
4090.324 27683.513
4091.503 27284.148
4092.681 27561.394
4093.860 27034.459
4095.039 26537.554
4096.218 26063.597
4097.397 25929.927
4098.575 25342.697
4099.754 23790.134
4100.933 22818.379
4102.112 21854.718
4103.291 26490.637
4104.470 29220.678
4105.648 25782.518
4106.827 21068.446
4108.006 21462.954
4109.185 23381.626
4110.364 24039.020
4111.542 24759.377
4112.721 25488.993
4113.900 25553.406
4115.079 25646.038
4116.258 25997.513
4117.437 26267.120
4118.615 26272.636
4119.794 26201.968
4120.973 25968.117
4122.152 25268.480
4123.331 24170.851
4124.509 24332.390
4125.688 25243.992
4126.867 25905.219
4128.046 25800.855
4129.225 25848.563
4130.404 26199.961
4131.582 26314.970
4132.761 25840.417
4133.940 25569.115
4135.119 25394.808
4136.298 25508.211
4137.476 25198.757
4138.655 25568.726
4139.834 25571.627
4141.013 25245.183
4142.192 24984.163
4143.371 24706.813
4144.549 23774.737
4145.728 21945.743
4146.907 21193.556
4148.086 22427.108
4149.265 24064.609
4150.443 24575.163
4151.622 24698.227
4152.801 24850.921
4153.980 24394.355
4155.159 24877.507
4156.338 24570.890
4157.516 24379.385
4158.695 24764.583
4159.874 24593.902
4161.053 24357.344
4162.232 24402.656
4163.410 24530.162
4164.589 24467.976
4165.768 24246.117
4166.947 24332.817
4168.126 23897.011
4169.305 23816.993
4170.483 23758.860
4171.662 23493.916
4172.841 23680.461
4174.020 23387.829
4175.199 23923.985
4176.377 23728.220
4177.556 23426.537
4178.735 23402.074
4179.914 23559.961
4181.093 23582.131
4182.271 23494.291
4183.450 23395.794
4184.629 23433.388
4185.808 23057.112
4186.987 23239.371
4188.166 23004.147
4189.344 22756.258
4190.523 23092.310
4191.702 22644.577
4192.881 22930.889
4194.060 22634.347
4195.238 22754.743
4196.417 22720.866
4197.596 22635.771
4198.775 22376.163
4199.954 22359.237
4201.133 22386.225
4202.311 22498.113
4203.490 22469.208
4204.669 22647.789
4205.848 22333.220
4207.027 22403.241
4208.205 22420.206
4209.384 22214.806
4210.563 22398.424
4211.742 22228.856
4212.921 21804.148
4214.100 21954.239
4215.278 22183.855
4216.457 21831.537
4217.636 21576.837
4218.815 21856.777
4219.994 21921.384
4221.172 21627.808
4222.351 21971.799
4223.530 21506.194
4224.709 21554.058
4225.888 21553.682
4227.067 21214.936
4228.245 21241.212
4229.424 21467.888
4230.603 21136.122
4231.782 21276.967
4232.961 21316.853
4234.139 20927.187
4235.318 21208.616
4236.497 21276.449
4237.676 21215.350
4238.855 21212.747
4240.034 20972.279
4241.212 20801.973
4242.391 20958.513
4243.570 20779.492
4244.749 20639.827
4245.928 20683.701
4247.106 20428.431
4248.285 20548.270
4249.464 20686.278
4250.643 20533.028
4251.822 20514.237
4253.001 20630.567
4254.179 20343.932
4255.358 20394.800
4256.537 20147.532
4257.716 19800.938
4258.895 20165.248
4260.073 20339.179
4261.252 20314.043
4262.431 20352.375
4263.610 20091.524
4264.789 19798.219
4265.968 19722.254
4267.146 19876.489
4268.325 19716.051
4269.504 19082.291
4270.683 19308.670
4271.862 19776.424
4273.040 19816.219
4274.219 19805.678
4275.398 19508.463
4276.577 19437.005
4277.756 19391.472
4278.935 19219.535
4280.113 19275.531
4281.292 19208.942
4282.471 19352.791
4283.650 19360.354
4284.829 19290.540
4286.007 19131.747
4287.186 18653.193
4288.365 18995.928
4289.544 19045.694
4290.723 18738.987
4291.902 18617.011
4293.080 18900.913
4294.259 18651.458
4295.438 18775.195
4296.617 19110.509
4297.796 18522.268
4298.974 18584.454
4300.153 18481.230
4301.332 18534.364
4302.511 18459.746
4303.690 18661.572
4304.869 18475.519
4306.047 18435.840
4307.226 18529.300
4308.405 18138.573
4309.584 18443.623
4310.763 18039.946
4311.941 18100.979
4313.120 18189.557
4314.299 18081.839
4315.478 18122.463
4316.657 18213.100
4317.836 18217.257
4319.014 17816.765
4320.193 17673.007
4321.372 17828.317
4322.551 17564.888
4323.730 17548.053
4324.908 17605.421
4326.087 17886.048
4327.266 17548.882
4328.445 17675.481
4329.624 17551.433
4330.803 17252.521
4331.981 16878.318
4333.160 17254.567
4334.339 16704.205
4335.518 16193.340
4336.697 15946.630
4337.875 15624.538
4339.054 14950.361
4340.233 14303.236
4341.412 17531.140
4342.591 25460.270
4343.769 27224.513
4344.948 19902.544
4346.127 13785.197
4347.306 14478.942
4348.485 15105.864
4349.664 15570.536
4350.842 15580.805
4352.021 15833.486
4353.200 15982.942
4354.379 16083.006
4355.558 16291.501
4356.736 16436.153
4357.915 16466.611
4359.094 16615.446
4360.273 16695.334
4361.452 16640.219
4362.631 16493.496
4363.809 16990.322
4364.988 19092.522
4366.167 20308.384
4367.346 18763.708
4368.525 16966.948
4369.703 16512.351
4370.882 16333.459
4372.061 16292.576
4373.240 16373.112
4374.419 16124.964
4375.598 16069.448
4376.776 16126.687
4377.955 16231.310
4379.134 16411.315
4380.313 16128.072
4381.492 16155.863
4382.670 16218.450
4383.849 16173.540
4385.028 16116.120
4386.207 15961.743
4387.386 15791.113
4388.565 15387.980
4389.743 14349.675
4390.922 13405.866
4392.101 14163.014
4393.280 15063.595
4394.459 15865.446
4395.637 15809.917
4396.816 15679.277
4397.995 15537.268
4399.174 15608.013
4400.353 15368.995
4401.532 15667.182
4402.710 15892.369
4403.889 16057.106
4405.068 15594.053
4406.247 15557.003
4407.426 15718.736
4408.604 15713.038
4409.783 15759.438
4410.962 15652.225
4412.141 15633.525
4413.320 15779.963
4414.499 15489.327
4415.677 15355.191
4416.856 15432.385
4418.035 15202.406
4419.214 15078.941
4420.393 15074.033
4421.571 15437.035
4422.750 15280.780
4423.929 15451.720
4425.108 15270.601
4426.287 15470.212
4427.466 15083.279
4428.644 15105.799
4429.823 15027.763
4431.002 15174.072
4432.181 15069.073
4433.360 14967.247
4434.538 14763.907
4435.717 15092.448
4436.896 14995.142
4438.075 14932.943
4439.254 14601.125
4440.433 14423.270
4441.611 14605.800
4442.790 14755.968
4443.969 14811.731
4445.148 15012.857
4446.327 14718.517
4447.505 14717.338
4448.684 14827.698
4449.863 14722.531
4451.042 14470.796
4452.221 14574.500
4453.400 14751.902
4454.578 14688.369
4455.757 14459.387
4456.936 14412.560
4458.115 14641.322
4459.294 14725.510
4460.472 14719.177
4461.651 14392.034
4462.830 14387.269
4464.009 14556.266
4465.188 14324.293
4466.367 14317.908
4467.545 14192.824
4468.724 14254.298
4469.903 14050.957
4471.082 13515.824
4472.261 13074.527
4473.439 12654.939
4474.618 12580.723
4475.797 12980.821
4476.976 13623.193
4478.155 13846.852
4479.334 14194.974
4480.512 14101.385
4481.691 14089.237
4482.870 13860.074
4484.049 13872.364
4485.228 13829.434
4486.406 14232.503
4487.585 14183.552
4488.764 14229.641
4489.943 14110.955
4491.122 14188.357
4492.301 13915.306
4493.479 14191.633
4494.658 14084.653
4495.837 14205.218
4497.016 14140.183
4498.195 14019.217
4499.373 14036.609
4500.552 13900.763
4501.731 13897.344
4502.910 13868.958
4504.089 14066.044
4505.267 13882.633
4506.446 13981.778
4507.625 14029.175
4508.804 13872.338
4509.983 13907.743
4511.162 13726.404
4512.340 13769.489
4513.519 13804.907
4514.698 13707.407
4515.877 13805.464
4517.056 13709.854
4518.234 13647.655
4519.413 13692.255
4520.592 13785.482
4521.771 13788.810
4522.950 13626.521
4524.129 13825.640
4525.307 13611.305
4526.486 13485.379
4527.665 13584.990
4528.844 13612.082
4530.023 13652.343
4531.201 13567.391
4532.380 13499.740
4533.559 13592.605
4534.738 13571.367
4535.917 13714.542
4537.096 13538.059
4538.274 13583.915
4539.453 13651.592
4540.632 13629.914
4541.811 13587.088
4542.990 13431.572
4544.168 13581.805
4545.347 13618.479
4546.526 13421.108
4547.705 13529.046
4548.884 13566.990
4550.063 13462.030
4551.241 13398.562
4552.420 13498.666
4553.599 13321.833
4554.778 12956.358
4555.957 12984.628
4557.135 13169.062
4558.314 13263.079
4559.493 13378.995
4560.672 13347.487
4561.851 13338.163
4563.030 13362.419
4564.208 13454.105
4565.387 13402.434
4566.566 13129.228
4567.745 13265.786
4568.924 13294.470
4570.102 13029.526
4571.281 12871.963
4572.460 13079.124
4573.639 13264.348
4574.818 13270.189
4575.997 13155.775
4577.175 12978.386
4578.354 13008.547
4579.533 13046.231
4580.712 13167.715
4581.891 13195.998
4583.069 13198.873
4584.248 13222.481
4585.427 13090.741
4586.606 13088.694
4587.785 13069.308
4588.964 13051.062
4590.142 13117.443
4591.321 13126.003
4592.500 13019.554
4593.679 12783.365
4594.858 12805.737
4596.036 12911.412
4597.215 12932.429
4598.394 12918.652
4599.573 12966.718
4600.752 12990.469
4601.931 12971.536
4603.109 12907.590
4604.288 12942.088
4605.467 12998.614
4606.646 12889.331
4607.825 12882.681
4609.003 12980.109
4610.182 12987.633
4611.361 12856.127
4612.540 12820.890
4613.719 12923.095
4614.898 12974.022
4616.076 12900.781
4617.255 12847.971
4618.434 12915.786
4619.613 12890.896
4620.792 12888.330
4621.970 12755.178
4623.149 12859.239
4624.328 12875.904
4625.507 12859.913
4626.686 12853.249
4627.865 12716.031
4629.043 12822.958
4630.222 12883.902
4631.401 12668.296
4632.580 12735.420
4633.759 12714.336
4634.937 12574.666
4636.116 12597.536
4637.295 12834.081
4638.474 12773.739
4639.653 12717.001
4640.832 12497.829
4642.010 12549.912
4643.189 12472.013
4644.368 12429.331
4645.547 12704.498
4646.726 12457.692
4647.904 12691.736
4649.083 12704.069
4650.262 12534.186
4651.441 12262.925
4652.620 12109.210
4653.799 12387.905
4654.977 12605.781
4656.156 12697.397
4657.335 12594.201
4658.514 12728.582
4659.693 12632.370
4660.871 12613.704
4662.050 12863.003
4663.229 12620.468
4664.408 12484.506
4665.587 12419.767
4666.765 12557.245
4667.944 12507.360
4669.123 12543.670
4670.302 12573.997
4671.481 12444.226
4672.660 12572.947
4673.838 12691.601
4675.017 12546.281
4676.196 12410.556
4677.375 12508.563
4678.554 12422.462
4679.732 12242.821
4680.911 12399.098
4682.090 12541.503
4683.269 12485.546
4684.448 12596.978
4685.627 12678.783
4686.805 12653.436
4687.984 12677.976
4689.163 12682.094
4690.342 12701.834
4691.521 12674.629
4692.699 12596.728
4693.878 12442.290
4695.057 12372.957
4696.236 12516.461
4697.415 12491.231
4698.594 12393.119
4699.772 12466.649
4700.951 12398.154
4702.130 12130.470
4703.309 12403.625
4704.488 12492.137
4705.666 12360.951
4706.845 12132.069
4708.024 12199.344
4709.203 12134.944
4710.382 12392.407
4711.561 12185.637
4712.739 12806.255
4713.918 12840.471
4715.097 12643.215
4716.276 11733.691
4717.455 11734.780
4718.633 12158.708
4719.812 12346.895
4720.991 12252.438
4722.170 12240.627
4723.349 12215.003
4724.528 12372.074
4725.706 12271.004
4726.885 12218.758
4728.064 12175.633
4729.243 12096.300
4730.422 12291.063
4731.600 12157.918
4732.779 12247.136
4733.958 12205.765
4735.137 11992.077
4736.316 12062.134
4737.495 12203.091
4738.673 12233.302
4739.852 12152.619
4741.031 12163.857
4742.210 12537.693
4743.389 12727.575
4744.567 12390.768
4745.746 12050.285
4746.925 12016.374
4748.104 12085.993
4749.283 12001.305
4750.462 12044.085
4751.640 11896.951
4752.819 12023.345
4753.998 12110.173
4755.177 11983.697
4756.356 11893.055
4757.534 11938.305
4758.713 11989.237
4759.892 11879.501
4761.071 11870.018
4762.250 11757.234
4763.429 11926.312
4764.607 11804.689
4765.786 11693.193
4766.965 11851.187
4768.144 11664.812
4769.323 11820.101
4770.501 11772.429
4771.680 11731.230
4772.859 11809.623
4774.038 12141.024
4775.217 11898.270
4776.396 11718.281
4777.574 11716.441
4778.753 11810.980
4779.932 11796.402
4781.111 11650.088
4782.290 11837.230
4783.468 11691.180
4784.647 11653.941
4785.826 11696.699
4787.005 11681.722
4788.184 11708.263
4789.363 11662.314
4790.541 11658.357
4791.720 11627.925
4792.899 11604.772
4794.078 11575.593
4795.257 11511.952
4796.435 11530.719
4797.614 11485.466
4798.793 11421.927
4799.972 11500.513
4801.151 11650.531
4802.330 11625.706
4803.508 11426.342
4804.687 11416.913
4805.866 11315.619
4807.045 11299.520
4808.224 11562.279
4809.402 11472.680
4810.581 11414.928
4811.760 11518.050
4812.939 11408.774
4814.118 11485.745
4815.296 11297.505
4816.475 11407.459
4817.654 11279.673
4818.833 11477.844
4820.012 11257.372
4821.191 11265.961
4822.369 11204.488
4823.548 11242.465
4824.727 11423.018
4825.906 11352.725
4827.085 11269.794
4828.263 11224.836
4829.442 11237.259
4830.621 11305.143
4831.800 11083.957
4832.979 11126.397
4834.158 11262.065
4835.336 11287.489
4836.515 11131.363
4837.694 11085.424
4838.873 11207.940
4840.052 11038.918
4841.230 11044.644
4842.409 11183.519
4843.588 11066.783
4844.767 10949.145
4845.946 10913.107
4847.125 10999.323
4848.303 11007.249
4849.482 10898.199
4850.661 10929.632
4851.840 10878.228
4853.019 10670.782
4854.197 10614.618
4855.376 10494.070
4856.555 10256.919
4857.734 10117.614
4858.913 9749.739
4860.092 9594.032
4861.270 9659.124
4862.449 16298.792
4863.628 35552.904
4864.807 37965.424
4865.986 22716.281
4867.164 10411.659
4868.343 9376.924
4869.522 9479.734
4870.701 9788.169
4871.880 10248.005
4873.059 10140.518
4874.237 10274.384
4875.416 10346.085
4876.595 10533.136
4877.774 10581.406
4878.953 10605.370
4880.131 10475.085
4881.310 10549.443
4882.489 10668.521
4883.668 10663.341
4884.847 10714.150
4886.026 10699.341
4887.204 10581.446
4888.383 10579.723
4889.562 10640.610
4890.741 10556.164
4891.920 10584.593
4893.098 10739.166
4894.277 10696.840
4895.456 10596.916
4896.635 10652.416
4897.814 10551.990
4898.993 10633.315
4900.171 10475.049
4901.350 10595.396
4902.529 10674.120
4903.708 10575.072
4904.887 10530.606
4906.065 10471.334
4907.244 10543.196
4908.423 10400.504
4909.602 10641.910
4910.781 10498.557
4911.960 10342.361
4913.138 10468.496
4914.317 10342.313
4915.496 10333.767
4916.675 10497.225
4917.854 10291.900
4919.032 10207.911
4920.211 10289.856
4921.390 10260.082
4922.569 9921.303
4923.748 9401.622
4924.927 9040.591
4926.105 9281.356
4927.284 9922.188
4928.463 10260.143
4929.642 10255.170
4930.821 10224.072
4931.999 10341.175
4933.178 10358.301
4934.357 10270.282
4935.536 10279.192
4936.715 10119.133
4937.894 10270.793
4939.072 10299.035
4940.251 10238.282
4941.430 10162.981
4942.609 10210.448
4943.788 10215.620
4944.966 9936.166
4946.145 10087.329
4947.324 10219.943
4948.503 10238.828
4949.682 10320.642
4950.861 10162.959
4952.039 10180.999
4953.218 10159.942
4954.397 10390.527
4955.576 10315.804
4956.755 10033.968
4957.933 10844.763
4959.112 8994.244
4960.291 34535.967
4961.470 72375.180
4962.649 73940.136
4963.828 36051.026
4965.006 9498.339
4966.185 10915.415
4967.364 10141.036
4968.543 10171.067
4969.722 10067.840
4970.900 10116.052
4972.079 10074.060
4973.258 10078.477
4974.437 10185.574
4975.616 10108.198
4976.794 9993.537
4977.973 10118.805
4979.152 9928.606
4980.331 9908.695
4981.510 10033.205
4982.689 9979.608
4983.867 9893.774
4985.046 10001.712
4986.225 9983.567
4987.404 10135.128
4988.583 10095.367
4989.761 10014.621
4990.940 10035.913
4992.119 9929.602
4993.298 9954.284
4994.477 9960.805
4995.656 9883.389
4996.834 9806.799
4998.013 9802.231
4999.192 9888.782
5000.371 9899.840
5001.550 9825.438
5002.728 9872.496
5003.907 9729.094
5005.086 10514.342
5006.265 8273.210
5007.444 22083.169
5008.623 112983.026
5009.801 217051.324
5010.980 174782.912
5012.159 40754.556
5013.338 11795.912
5014.517 10049.735
5015.695 9678.045
5016.874 9771.595
5018.053 9580.734
5019.232 9490.669
5020.411 9644.099
5021.590 9659.077
5022.768 9627.635
5023.947 9627.548
5025.126 9599.417
5026.305 9660.178
5027.484 9678.136
5028.662 9586.578
5029.841 9520.827
5031.020 9429.422
5032.199 9531.724
5033.378 9571.227
5034.557 9393.080
5035.735 9369.782
5036.914 9382.094
5038.093 9442.557
5039.272 9346.893
5040.451 9440.915
5041.629 9470.674
5042.808 9274.101
5043.987 9349.430
5045.166 9188.410
5046.345 9415.951
5047.524 9171.415
5048.702 9331.005
5049.881 9270.663
5051.060 9010.878
5052.239 9117.872
5053.418 9250.100
5054.596 9369.303
5055.775 9290.066
5056.954 9214.977
5058.133 9370.024
5059.312 9522.192
5060.491 9237.612
5061.669 9166.659
5062.848 9253.623
5064.027 9151.771
5065.206 9143.472
5066.385 9211.020
5067.563 9222.270
5068.742 9127.719
5069.921 9199.030
5071.100 9191.307
5072.279 9055.877
5073.458 9071.309
5074.636 9162.418
5075.815 9084.650
5076.994 9135.829
5078.173 9023.743
5079.352 9056.940
5080.530 8970.863
5081.709 9156.178
5082.888 9132.763
5084.067 9019.520
5085.246 9020.399
5086.425 9041.085
5087.603 9001.427
5088.782 8982.331
5089.961 8965.470
5091.140 9019.237
5092.319 8995.873
5093.497 9024.459
5094.676 8997.549
5095.855 8941.720
5097.034 9044.061
5098.213 8940.310
5099.392 8858.708
5100.570 8870.040
5101.749 8861.910
5102.928 8894.072
5104.107 8985.727
5105.286 8934.736
5106.464 8861.561
5107.643 8891.545
5108.822 8983.327
5110.001 8894.134
5111.180 8882.830
5112.359 8838.624
5113.537 8835.927
5114.716 8917.266
5115.895 8822.676
5117.074 8782.378
5118.253 8849.939
5119.431 8910.907
5120.610 8807.049
5121.789 8727.285
5122.968 8811.215
5124.147 8771.964
5125.326 8749.296
5126.504 8764.102
5127.683 8700.995
5128.862 8774.781
5130.041 8702.774
5131.220 8691.346
5132.398 8815.187
5133.577 8798.920
5134.756 8697.425
5135.935 8741.196
5137.114 8661.472
5138.292 8604.993
5139.471 8678.240
5140.650 8712.785
5141.829 8733.501
5143.008 8678.755
5144.187 8711.951
5145.365 8745.310
5146.544 8572.291
5147.723 8533.115
5148.902 8597.927
5150.081 8525.025
5151.259 8596.500
5152.438 8637.720
5153.617 8483.795
5154.796 8515.137
5155.975 8640.085
5157.154 8590.012
5158.332 8460.920
5159.511 8490.169
5160.690 8547.618
5161.869 8503.502
5163.048 8504.194
5164.226 8457.830
5165.405 8427.942
5166.584 8560.245
5167.763 8424.959
5168.942 8612.188
5170.121 8673.058
5171.299 8482.394
5172.478 8351.722
5173.657 8463.469
5174.836 8580.451
5176.015 8499.121
5177.193 8459.413
5178.372 8394.400
5179.551 8398.047
5180.730 8561.319
5181.909 8487.155
5183.088 8416.590
5184.266 8540.294
5185.445 8450.339
5186.624 8404.906
5187.803 8422.916
5188.982 8408.629
5190.160 8245.626
5191.339 8375.547
5192.518 8301.647
5193.697 8372.203
5194.876 8375.221
5196.055 8434.019
5197.233 8742.283
5198.412 8834.013
5199.591 8884.200
5200.770 8724.572
5201.949 8487.014
5203.127 8368.776
5204.306 8275.947
5205.485 8196.971
5206.664 8169.052
5207.843 8201.204
5209.022 8274.390
5210.200 8307.687
5211.379 8298.290
5212.558 8309.664
5213.737 8255.260
5214.916 8102.059
5216.094 8144.267
5217.273 8209.246
5218.452 8185.404
5219.631 8109.992
5220.810 8103.382
5221.989 8130.376
5223.167 8122.318
5224.346 8171.296
5225.525 8299.832
5226.704 8189.861
5227.883 8078.421
5229.061 8144.978
5230.240 8164.276
5231.419 8088.395
5232.598 8087.617
5233.777 8081.902
5234.956 8020.357
5236.134 8049.692
5237.313 7983.865
5238.492 7930.650
5239.671 8135.766
5240.850 8009.688
5242.028 8003.551
5243.207 8091.203
5244.386 8009.657
5245.565 7929.812
5246.744 7994.447
5247.923 7989.570
5249.101 8078.128
5250.280 7957.454
5251.459 7855.690
5252.638 7964.062
5253.817 7819.386
5254.995 7866.110
5256.174 7896.379
5257.353 7937.841
5258.532 7959.465
5259.711 7815.113
5260.890 7872.850
5262.068 7940.102
5263.247 7869.663
5264.426 7872.626
5265.605 7816.645
5266.784 7698.322
5267.962 7883.767
5269.141 7841.778
5270.320 7917.081
5271.499 7770.785
5272.678 7831.212
5273.857 7803.950
5275.035 7721.615
5276.214 7728.301
5277.393 7695.132
5278.572 7712.980
5279.751 7732.661
5280.929 7786.443
5282.108 7791.971
5283.287 7734.622
5284.466 7702.446
5285.645 7610.802
5286.824 7584.026
5288.002 7665.614
5289.181 7707.068
5290.360 7743.118
5291.539 7612.505
5292.718 7655.824
5293.896 7535.968
5295.075 7560.554
5296.254 7568.267
5297.433 7523.211
5298.612 7463.077
5299.790 7578.116
5300.969 7499.020
5302.148 7571.996
5303.327 7471.066
5304.506 7507.454
5305.685 7429.346
5306.863 7404.783
5308.042 7519.709
5309.221 7519.155
5310.400 7451.131
5311.579 7446.843
5312.757 7479.788
5313.936 7420.907
5315.115 7607.650
5316.294 7421.521
5317.473 7485.018
5318.652 7376.703
5319.830 7405.022
5321.009 7354.872
5322.188 7278.251
5323.367 7368.430
5324.546 7492.625
5325.724 7355.120
5326.903 7395.041
5328.082 7380.477
5329.261 7406.044
5330.440 7475.334
5331.619 7443.440
5332.797 7343.163
5333.976 7244.602
5335.155 7314.621
5336.334 7318.000
5337.513 7249.999
5338.691 7354.379
5339.870 7122.810
5341.049 7205.701
5342.228 7159.033
5343.407 7125.965
5344.586 7184.019
5345.764 7164.459
5346.943 7293.698
5348.122 7196.479
5349.301 7047.262
5350.480 7090.613
5351.658 7069.778
5352.837 7090.774
5354.016 7097.506
5355.195 7056.938
5356.374 7016.592
5357.553 6974.839
5358.731 6989.567
5359.910 6978.983
5361.089 6981.780
5362.268 7086.280
5363.447 7133.107
5364.625 6987.927
5365.804 6892.749
5366.983 6978.675
5368.162 6951.753
5369.341 6907.665
5370.520 6895.898
5371.698 6853.707
5372.877 7000.244
5374.056 6984.326
5375.235 6936.695
5376.414 6965.698
5377.592 6911.617
5378.771 6885.742
5379.950 6919.463
5381.129 6905.093
5382.308 6876.949
5383.487 6890.256
5384.665 6900.568
5385.844 6832.679
5387.023 6809.269
5388.202 6813.654
5389.381 6838.425
5390.559 6854.184
5391.738 6853.697
5392.917 6842.595
5394.096 6696.919
5395.275 6763.993
5396.454 6793.838
5397.632 6673.132
5398.811 6668.669
5399.990 6874.405
5401.169 6798.707
5402.348 6699.839
5403.526 6752.612
5404.705 6722.860
5405.884 6776.993
5407.063 6700.939
5408.242 6563.160
5409.421 6595.829
5410.599 6656.022
5411.778 6668.285
5412.957 6674.579
5414.136 6594.837
5415.315 6581.199
5416.493 6509.790
5417.672 6612.291
5418.851 6588.696
5420.030 6682.477
5421.209 6583.764
5422.388 6641.384
5423.566 6536.506
5424.745 6429.864
5425.924 6562.576
5427.103 6503.401
5428.282 6409.075
5429.460 6389.815
5430.639 6432.119
5431.818 6497.789
5432.997 6496.853
5434.176 6351.444
5435.355 6382.022
5436.533 6433.175
5437.712 6518.000
5438.891 6455.114
5440.070 6361.479
5441.249 6391.124
5442.427 6348.045
5443.606 6292.361
5444.785 6358.284
5445.964 6364.807
5447.143 6343.748
5448.322 6330.815
5449.500 6290.316
5450.679 6286.663
5451.858 6232.061
5453.037 6233.128
5454.216 6314.389
5455.394 6308.394
5456.573 6328.863
5457.752 6179.415
5458.931 6244.416
5460.110 6272.942
5461.288 6174.601
5462.467 6229.757
5463.646 6209.209
5464.825 6193.242
5466.004 6180.477
5467.183 6164.490
5468.361 6185.574
5469.540 6226.427
5470.719 6191.969
5471.898 6120.732
5473.077 6100.082
5474.255 6120.621
5475.434 6211.521
5476.613 6124.089
5477.792 6069.997
5478.971 6073.027
5480.150 6170.647
5481.328 6137.495
5482.507 6107.357
5483.686 6158.848
5484.865 6154.609
5486.044 6062.254
5487.222 6076.922
5488.401 6054.451
5489.580 5978.557
5490.759 6099.363
5491.938 6113.338
5493.117 5882.558
5494.295 5902.782
5495.474 6094.794
5496.653 6093.633
5497.832 5978.007
5499.011 5862.658
5500.189 5973.213
5501.368 6039.310
5502.547 5909.705
5503.726 5940.640
5504.905 5983.764
5506.084 5939.633
5507.262 5823.242
5508.441 5850.278
5509.620 5898.891
5510.799 5956.929
5511.978 5965.076
5513.156 5919.348
5514.335 5919.251
5515.514 5874.648
5516.693 5854.834
5517.872 5852.091
5519.051 5817.017
5520.229 5984.348
5521.408 5977.111
5522.587 5913.669
5523.766 5750.331
5524.945 5825.978
5526.123 5920.923
5527.302 5786.223
5528.481 5812.245
5529.660 5788.811
5530.839 5827.890
5532.018 5787.422
5533.196 5800.217
5534.375 5856.341
5535.554 5784.617
5536.733 5773.747
5537.912 5765.914
5539.090 5793.138
5540.269 5755.291
5541.448 5742.450
5542.627 5750.177
5543.806 5707.082
5544.985 5784.797
5546.163 5683.695
5547.342 5671.538
5548.521 5774.076
5549.700 5785.235
5550.879 5754.090
5552.057 5698.574
5553.236 5711.522
5554.415 5691.355
5555.594 5678.649
5556.773 5693.395
5557.952 5624.138
5559.130 5688.878
5560.309 5700.919
5561.488 5588.018
5562.667 5644.761
5563.846 5625.508
5565.024 5592.369
5566.203 5584.483
5567.382 5699.625
5568.561 5569.686
5569.740 5656.072
5570.919 5688.142
5572.097 5610.967
5573.276 5667.267
5574.455 5107.837
5575.634 8403.844
5576.813 15339.184
5577.991 17517.905
5579.170 12070.591
5580.349 5739.019
5581.528 5670.220
5582.707 5627.410
5583.886 5551.806
5585.064 5343.779
5586.243 5434.543
5587.422 5561.170
5588.601 5576.412
5589.780 5613.172
5590.958 5522.599
5592.137 5557.840
5593.316 5548.364
5594.495 5505.957
5595.674 5506.700
5596.853 5461.234
5598.031 5477.533
5599.210 5528.668
5600.389 5490.141
5601.568 5446.315
5602.747 5431.370
5603.925 5475.334
5605.104 5593.190
5606.283 5475.206
5607.462 5441.300
5608.641 5346.567
5609.820 5282.200
5610.998 5467.239
5612.177 5393.444
5613.356 5388.259
5614.535 5426.235
5615.714 5367.806
5616.892 5406.830
5618.071 5440.211
5619.250 5364.620
5620.429 5325.566
5621.608 5369.153
5622.786 5386.345
5623.965 5411.804
5625.144 5350.781
5626.323 5400.869
5627.502 5360.147
5628.681 5415.160
5629.859 5392.437
5631.038 5326.049
5632.217 5298.000
5633.396 5383.685
5634.575 5307.137
5635.753 5253.806
5636.932 5230.724
5638.111 5232.973
5639.290 5329.855
5640.469 5295.396
5641.648 5345.896
5642.826 5317.543
5644.005 5232.054
5645.184 5268.463
5646.363 5411.352
5647.542 5303.083
5648.720 5236.554
5649.899 5236.695
5651.078 5183.854
5652.257 5299.053
5653.436 5297.090
5654.615 5238.942
5655.793 5258.332
5656.972 5209.587
5658.151 5210.325
5659.330 5217.868
5660.509 5192.187
5661.687 5286.296
5662.866 5211.472
5664.045 5222.840
5665.224 5106.035
5666.403 5162.108
5667.582 5244.277
5668.760 5146.459
5669.939 5171.801
5671.118 5113.769
5672.297 5131.619
5673.476 5153.377
5674.654 5154.371
5675.833 5169.680
5677.012 5211.353
5678.191 5237.370
5679.370 5184.668
5680.549 5180.073
5681.727 5191.893
5682.906 5105.304
5684.085 5065.487
5685.264 5080.762
5686.443 5069.047
5687.621 5077.507
5688.800 5074.329
5689.979 5116.788
5691.158 5143.370
5692.337 5106.195
5693.516 5055.710
5694.694 5031.172
5695.873 5146.905
5697.052 5212.326
5698.231 5059.039
5699.410 4971.751
5700.588 5006.482
5701.767 5005.310
5702.946 4978.762
5704.125 4962.423
5705.304 5085.444
5706.483 5061.014
5707.661 4950.244
5708.840 4962.942
5710.019 4993.343
5711.198 5048.656
5712.377 4990.538
5713.555 4926.544
5714.734 4955.633
5715.913 5030.925
5717.092 5031.620
5718.271 4996.285
5719.450 5015.804
5720.628 4956.148
5721.807 4944.910
5722.986 4933.485
5724.165 4876.984
5725.344 4976.800
5726.522 4966.287
5727.701 4964.254
5728.880 4976.601
5730.059 4969.493
5731.238 4905.727
5732.417 4860.602
5733.595 4871.056
5734.774 4879.430
5735.953 4898.009
5737.132 4899.279
5738.311 4858.185
5739.489 4892.708
5740.668 4944.776
5741.847 4841.986
5743.026 4720.578
5744.205 4745.973
5745.384 4854.315
5746.562 4854.082
5747.741 4895.280
5748.920 4911.286
5750.099 4909.234
5751.278 4830.562
5752.456 4850.847
5753.635 4847.083
5754.814 4830.500
5755.993 4847.743
5757.172 4785.227
5758.351 4766.828
5759.529 4771.053
5760.708 4752.712
5761.887 4648.822
5763.066 4733.875
5764.245 4736.051
5765.423 4764.323
5766.602 4699.007
5767.781 4789.164
5768.960 4708.874
5770.139 4719.547
5771.318 4758.727
5772.496 4705.461
5773.675 4680.368
5774.854 4648.747
5776.033 4665.449
5777.212 4711.253
5778.390 4680.484
5779.569 4699.855
5780.748 4627.412
5781.927 4666.764
5783.106 4661.855
5784.284 4745.169
5785.463 4690.933
5786.642 4684.956
5787.821 4647.918
5789.000 4618.516
5790.179 4643.156
5791.357 4609.449
5792.536 4689.656
5793.715 4704.662
5794.894 4599.584
5796.073 4632.495
5797.251 4620.667
5798.430 4643.889
5799.609 4628.889
5800.788 4701.136
5801.967 4587.992
5803.146 4545.243
5804.324 4602.165
5805.503 4623.967
5806.682 4595.362
5807.861 4579.970
5809.040 4601.442
5810.218 4565.801
5811.397 4565.472
5812.576 4634.290
5813.755 4602.992
5814.934 4546.564
5816.113 4534.259
5817.291 4524.441
5818.470 4643.581
5819.649 4481.179
5820.828 4444.006
5822.007 4604.379
5823.185 4631.455
5824.364 4566.100
5825.543 4532.892
5826.722 4552.378
5827.901 4569.102
5829.080 4452.365
5830.258 4472.042
5831.437 4529.338
5832.616 4481.955
5833.795 4555.916
5834.974 4561.338
5836.152 4499.351
5837.331 4467.742
5838.510 4376.695
5839.689 4450.928
5840.868 4473.479
5842.047 4484.478
5843.225 4502.294
5844.404 4397.261
5845.583 4462.161
5846.762 4514.483
5847.941 4438.031
5849.119 4410.084
5850.298 4484.116
5851.477 4440.189
5852.656 4368.306
5853.835 4485.296
5855.014 4424.377
5856.192 4342.123
5857.371 4327.029
5858.550 4379.264
5859.729 4403.539
5860.908 4429.282
5862.086 4402.510
5863.265 4397.564
5864.444 4407.241
5865.623 4463.713
5866.802 4426.985
5867.981 4395.449
5869.159 4347.609
5870.338 4296.186
5871.517 4345.590
5872.696 4331.590
5873.875 4363.372
5875.053 4291.315
5876.232 4336.113
5877.411 4714.331
5878.590 5695.562
5879.769 5801.455
5880.948 4870.391
5882.126 4353.105
5883.305 4221.085
5884.484 4220.875
5885.663 4250.405
5886.842 4255.729
5888.020 4637.249
5889.199 5235.848
5890.378 5283.390
5891.557 4751.077
5892.736 4205.974
5893.915 4284.172
5895.093 4761.733
5896.272 4765.327
5897.451 4481.108
5898.630 4173.306
5899.809 4081.344
5900.987 4148.158
5902.166 4139.716
5903.345 4190.101
5904.524 4227.941
5905.703 4214.821
5906.882 4173.858
5908.060 4135.290
5909.239 4173.922
5910.418 4107.429
5911.597 4064.302
5912.776 4123.271
5913.954 4167.844
5915.133 4267.345
5916.312 4294.507
5917.491 4056.900
5918.670 4008.287
5919.849 4083.869
5921.027 4053.975
5922.206 4080.849
5923.385 4024.646
5924.564 4012.445
5925.743 4081.720
5926.921 4042.216
5928.100 4033.239
5929.279 3953.718
5930.458 4038.846
5931.637 4075.795
5932.815 4144.914
5933.994 4160.287
5935.173 4019.360
5936.352 4034.328
5937.531 3973.600
5938.710 3920.230
5939.888 3971.019
5941.067 3958.432
5942.246 3935.058
5943.425 3925.269
5944.604 3913.559
5945.782 4015.502
5946.961 4002.511
5948.140 3956.677
5949.319 3851.681
5950.498 3949.323
5951.677 3960.350
5952.855 4066.641
5954.034 4107.601
5955.213 4031.660
5956.392 3937.867
5957.571 3941.162
5958.749 4003.490
5959.928 3944.593
5961.107 3897.571
5962.286 3919.791
5963.465 3877.225
5964.644 3865.935
5965.822 3959.033
5967.001 3871.695
5968.180 3832.773
5969.359 3890.561
5970.538 3895.202
5971.716 3875.578
5972.895 3877.334
5974.074 3879.078
