5329.969 1777.525
5331.022 1523.066
5332.075 1326.751
5333.128 1152.625
5334.181 1197.610
5335.234 1167.028
5336.287 1184.620
5337.340 1049.021
5338.393 1138.296
5339.446 1016.007
5340.499 1056.546
5341.552 994.186
5342.605 1237.293
5343.658 979.788
5344.711 1068.199
5345.764 1235.007
5346.817 1030.726
5347.870 965.859
5348.923 1090.130
5349.976 1189.737
5351.029 1064.494
5352.082 1067.349
5353.135 1088.316
5354.188 1036.561
5355.241 1069.815
5356.294 1094.928
5357.347 1093.821
5358.400 979.694
5359.453 1100.046
5360.506 1211.458
5361.559 1021.972
5362.612 1019.111
5363.665 1036.689
5364.718 1039.952
5365.771 993.177
5366.824 1074.669
5367.877 1115.796
5368.930 1020.616
5369.983 1073.566
5371.036 956.959
5372.089 1070.115
5373.142 1074.441
5374.195 995.372
5375.248 1044.005
5376.301 1005.111
5377.354 1035.911
5378.407 1153.694
5379.460 993.945
5380.513 1061.011
5381.566 1082.472
5382.619 985.826
5383.672 1119.715
5384.725 1084.229
5385.778 1057.426
5386.831 1024.992
5387.884 1031.154
5388.937 975.015
5389.990 1080.052
5391.043 1021.098
5392.097 1022.706
5393.150 1028.704
5394.203 965.250
5395.256 974.955
5396.309 977.285
5397.362 980.580
5398.415 952.850
5399.468 949.612
5400.521 972.297
5401.574 1045.984
5402.627 1022.864
5403.680 1082.584
5404.733 1027.213
5405.786 1106.844
5406.839 1029.550
5407.892 1114.175
5408.945 1128.592
5409.998 1080.502
5411.051 1065.326
5412.104 1127.386
5413.157 1100.972
5414.210 1117.676
5415.263 1215.244
5416.316 1115.890
5417.369 1199.424
5418.422 1125.503
5419.475 997.568
5420.528 1125.098
5421.581 1101.943
5422.634 984.950
5423.687 1092.689
5424.740 1198.171
5425.793 1056.239
5426.846 1074.650
5427.899 1168.348
5428.952 1008.848
5430.005 1007.551
5431.058 957.188
5432.111 980.596
5433.164 993.932
5434.217 1135.712
5435.270 1107.762
5436.323 1011.150
5437.376 1068.388
5438.429 1060.792
5439.482 965.316
5440.535 1005.432
5441.588 951.727
5442.641 1007.438
5443.694 1067.986
5444.747 887.283
5445.800 959.180
5446.853 827.156
5447.906 1053.828
5448.959 996.786
5450.012 1046.905
5451.065 1155.536
5452.118 1059.128
5453.171 983.559
5454.224 1119.302
5455.277 1073.349
5456.330 1005.291
5457.383 977.228
5458.436 973.793
5459.489 1069.839
5460.542 971.562
5461.595 1066.786
5462.648 941.271
5463.701 972.433
5464.754 917.057
5465.807 959.109
5466.860 978.976
5467.913 924.528
5468.966 967.616
5470.019 949.257
5471.072 972.060
5472.125 1010.263
5473.178 896.710
5474.231 988.379
5475.285 1047.977
5476.338 947.065
5477.391 869.211
5478.444 884.404
5479.497 917.245
5480.550 956.001
5481.603 930.917
5482.656 913.759
5483.709 1005.807
5484.762 983.504
5485.815 953.842
5486.868 1051.224
5487.921 900.611
5488.974 961.788
5490.027 850.108
5491.080 967.092
5492.133 962.121
5493.186 968.873
5494.239 991.767
5495.292 944.413
5496.345 873.859
5497.398 910.083
5498.451 919.390
5499.504 957.774
5500.557 1039.307
5501.610 893.786
5502.663 1081.160
5503.716 946.040
5504.769 917.729
5505.822 918.346
5506.875 888.355
5507.928 1022.744
5508.981 919.395
5510.034 929.274
5511.087 967.967
5512.140 937.588
5513.193 993.054
5514.246 1063.054
5515.299 971.953
5516.352 860.727
5517.405 905.369
5518.458 996.442
5519.511 1023.715
5520.564 1010.813
5521.617 1125.864
5522.670 1042.964
5523.723 925.122
5524.776 904.329
5525.829 966.353
5526.882 1008.219
5527.935 978.953
5528.988 785.524
5530.041 759.178
5531.094 901.278
5532.147 861.659
5533.200 880.225
5534.253 917.102
5535.306 939.305
5536.359 999.996
5537.412 863.572
5538.465 884.478
5539.518 845.157
5540.571 1051.541
5541.624 990.645
5542.677 1103.379
5543.730 1285.932
5544.783 1020.455
5545.836 1097.464
5546.889 874.252
5547.942 946.603
5548.995 920.625
5550.048 978.281
5551.101 953.406
5552.154 926.502
5553.207 960.703
5554.260 956.631
5555.313 996.585
5556.366 986.101
5557.419 981.117
5558.473 821.295
5559.526 918.377
5560.579 971.052
5561.632 887.784
5562.685 963.415
5563.738 1076.619
5564.791 1185.571
5565.844 1055.681
5566.897 969.309
5567.950 892.764
5569.003 1035.585
5570.056 980.804
5571.109 1036.692
5572.162 959.361
5573.215 909.833
5574.268 1089.320
5575.321 3524.158
5576.374 25691.054
5577.427 54951.831
5578.480 38820.624
5579.533 7351.189
5580.586 512.980
5581.639 1170.487
5582.692 892.996
5583.745 864.358
5584.798 886.936
5585.851 971.202
5586.904 876.434
5587.957 1015.197
5589.010 1109.595
5590.063 1214.730
5591.116 1053.018
5592.169 890.583
5593.222 808.775
5594.275 854.908
5595.328 931.299
5596.381 971.389
5597.434 1040.974
5598.487 1014.883
5599.540 944.193
5600.593 911.408
5601.646 826.769
5602.699 962.909
5603.752 958.682
5604.805 1314.426
5605.858 1080.272
5606.911 998.777
5607.964 978.996
5609.017 872.903
5610.070 924.902
5611.123 934.754
5612.176 913.609
5613.229 893.029
5614.282 893.814
5615.335 850.134
5616.388 875.182
5617.441 893.565
5618.494 853.606
5619.547 764.629
5620.600 893.416
5621.653 949.248
5622.706 985.128
5623.759 1059.508
5624.812 1096.674
5625.865 852.961
5626.918 817.946
5627.971 873.187
5629.024 931.888
5630.077 832.026
5631.130 885.007
5632.183 890.828
5633.236 870.149
5634.289 908.623
5635.342 876.515
5636.395 846.020
5637.448 922.213
5638.501 823.845
5639.554 1026.274
5640.608 1025.483
5641.661 831.155
5642.714 769.246
5643.767 945.449
5644.820 879.191
5645.873 935.606
5646.926 913.073
5647.979 916.091
5649.032 910.040
5650.085 734.681
5651.138 823.162
5652.191 871.697
5653.244 750.932
5654.297 813.421
5655.350 793.584
5656.403 774.383
5657.456 910.534
5658.509 855.368
5659.562 914.434
5660.615 848.626
5661.668 903.357
5662.721 1014.559
5663.774 827.684
5664.827 859.563
5665.880 883.907
5666.933 916.282
5667.986 868.016
5669.039 784.087
5670.092 830.668
5671.145 873.619
5672.198 848.364
5673.251 858.502
5674.304 863.181
5675.357 861.152
5676.410 739.727
5677.463 786.152
5678.516 896.055
5679.569 899.137
5680.622 877.607
5681.675 830.896
5682.728 879.847
5683.781 899.821
5684.834 945.356
5685.887 806.709
5686.940 858.788
5687.993 837.779
5689.046 904.001
5690.099 1010.902
5691.152 972.396
5692.205 953.720
5693.258 908.417
5694.311 947.178
5695.364 1026.746
5696.417 980.615
5697.470 925.000
5698.523 805.650
5699.576 858.260
5700.629 842.297
5701.682 941.309
5702.735 873.522
5703.788 859.679
5704.841 848.969
5705.894 951.639
5706.947 885.257
5708.000 834.204
5709.053 826.829
5710.106 809.427
5711.159 836.216
5712.212 899.218
5713.265 846.710
5714.318 880.697
5715.371 822.423
5716.424 755.601
5717.477 923.853
5718.530 890.684
5719.583 894.828
5720.636 1008.844
5721.689 770.180
5722.742 820.745
5723.796 759.310
5724.849 941.153
5725.902 899.918
5726.955 843.086
5728.008 867.551
5729.061 903.994
5730.114 949.438
5731.167 849.969
5732.220 938.606
5733.273 939.659
5734.326 867.953
5735.379 859.692
5736.432 926.199
5737.485 916.474
5738.538 820.664
5739.591 924.347
5740.644 900.882
5741.697 878.844
5742.750 773.862
5743.803 823.114
5744.856 801.197
5745.909 877.719
5746.962 904.566
5748.015 937.156
5749.068 801.439
5750.121 861.438
5751.174 920.802
5752.227 853.477
5753.280 826.330
5754.333 822.224
5755.386 792.786
5756.439 785.554
5757.492 894.680
5758.545 829.289
5759.598 876.497
5760.651 872.248
5761.704 803.087
5762.757 860.875
5763.810 905.325
5764.863 823.306
5765.916 876.252
5766.969 788.149
5768.022 764.814
5769.075 837.574
5770.128 840.987
5771.181 940.228
5772.234 876.808
5773.287 808.213
5774.340 883.301
5775.393 816.824
5776.446 689.950
5777.499 917.875
5778.552 862.464
5779.605 814.198
5780.658 889.498
5781.711 764.710
5782.764 795.726
5783.817 827.643
5784.870 913.975
5785.923 859.874
5786.976 848.244
5788.029 773.210
5789.082 852.465
5790.135 837.598
5791.188 815.100
5792.241 888.122
5793.294 770.972
5794.347 859.037
5795.400 927.332
5796.453 721.871
5797.506 871.119
5798.559 772.446
5799.612 785.384
5800.665 825.264
5801.718 893.672
5802.771 807.678
5803.824 930.780
5804.877 850.808
5805.931 850.940
5806.984 934.027
5808.037 819.178
5809.090 829.157
5810.143 873.292
5811.196 871.715
5812.249 791.739
5813.302 931.074
5814.355 880.831
5815.408 940.007
5816.461 829.741
5817.514 886.248
5818.567 845.132
5819.620 770.533
5820.673 832.763
5821.726 729.633
5822.779 831.845
5823.832 877.047
5824.885 907.040
5825.938 833.223
5826.991 921.118
5828.044 931.726
5829.097 882.522
5830.150 750.975
5831.203 787.734
5832.256 812.279
5833.309 812.626
5834.362 822.873
5835.415 800.980
5836.468 819.473
5837.521 887.059
5838.574 979.784
5839.627 835.664
5840.680 807.227
5841.733 916.639
5842.786 841.722
5843.839 791.276
5844.892 851.759
5845.945 820.617
5846.998 774.853
5848.051 782.649
5849.104 825.305
5850.157 772.746
5851.210 779.987
5852.263 799.329
5853.316 854.125
5854.369 751.962
5855.422 749.532
5856.475 882.637
5857.528 846.109
5858.581 790.634
5859.634 720.143
5860.687 723.797
5861.740 816.933
5862.793 804.720
5863.846 919.622
5864.899 1144.801
5865.952 1301.907
5867.005 1510.686
5868.058 1443.832
5869.111 1133.536
5870.164 1009.964
5871.217 909.327
5872.270 978.991
5873.323 1009.103
5874.376 888.671
5875.429 909.771
5876.482 1007.075
5877.535 1574.860
5878.588 4520.409
5879.641 5150.851
5880.694 2764.524
5881.747 982.388
5882.800 943.464
5883.853 834.997
5884.906 929.490
5885.959 932.876
5887.012 1185.937
5888.065 2064.010
5889.119 4868.321
5890.172 6719.472
5891.225 4656.078
5892.278 1248.411
5893.331 969.774
5894.384 1765.228
5895.437 3817.482
5896.490 4282.738
5897.543 2374.471
5898.596 781.430
5899.649 839.144
5900.702 748.992
5901.755 877.796
5902.808 876.158
5903.861 902.378
5904.914 909.278
5905.967 887.053
5907.020 967.677
5908.073 917.561
5909.126 752.281
5910.179 834.122
5911.232 824.401
5912.285 858.231
5913.338 831.268
5914.391 1238.162
5915.444 1516.731
5916.497 1378.540
5917.550 839.332
5918.603 816.879
5919.656 857.794
5920.709 795.716
5921.762 867.502
5922.815 826.401
5923.868 1057.314
5924.921 1147.841
5925.974 1001.961
5927.027 799.742
5928.080 773.137
5929.133 787.203
5930.186 816.647
5931.239 966.086
5932.292 1437.584
5933.345 1680.340
5934.398 1247.891
5935.451 769.694
5936.504 829.383
5937.557 910.400
5938.610 766.117
5939.663 717.656
5940.716 798.240
5941.769 788.256
5942.822 793.560
5943.875 745.064
5944.928 897.919
5945.981 1041.614
5947.034 962.113
5948.087 750.551
5949.140 827.769
5950.193 869.279
5951.246 811.460
5952.299 1009.304
5953.352 1296.857
5954.405 1300.069
5955.458 905.190
5956.511 809.266
5957.564 913.989
5958.617 855.107
5959.670 867.204
5960.723 794.110
5961.776 750.561
5962.829 777.468
5963.882 803.116
5964.935 788.565
5965.988 700.299
5967.041 817.555
5968.094 830.767
5969.147 750.969
5970.200 1022.724
5971.254 906.987
5972.307 829.858
5973.360 798.207
5974.413 790.464
5975.466 796.034
5976.519 1046.118
5977.572 1103.370
5978.625 1004.539
5979.678 707.391
5980.731 788.686
5981.784 724.574
5982.837 762.273
5983.890 793.474
5984.943 792.020
5985.996 812.665
5987.049 876.875
5988.102 779.318
5989.155 712.850
5990.208 721.108
5991.261 680.271
5992.314 686.917
5993.367 729.190
5994.420 819.006
5995.473 751.443
5996.526 713.102
5997.579 800.028
5998.632 744.324
5999.685 758.638
6000.738 793.413
6001.791 789.217
6002.844 814.029
6003.897 817.488
6004.950 897.492
6006.003 710.690
6007.056 710.779
6008.109 658.725
6009.162 750.168
6010.215 698.447
6011.268 698.098
6012.321 613.021
6013.374 701.954
6014.427 690.273
6015.480 673.631
6016.533 691.833
6017.586 615.105
6018.639 661.670
6019.692 663.879
6020.745 638.735
6021.798 644.276
6022.851 607.922
6023.904 656.379
6024.957 647.706
6026.010 621.746
6027.063 682.681
6028.116 768.562
6029.169 670.219
6030.222 658.444
6031.275 648.677
6032.328 698.194
6033.381 761.132
6034.434 822.057
6035.487 644.276
6036.540 661.240
6037.593 676.089
6038.646 692.578
6039.699 701.225
6040.752 689.920
6041.805 660.928
6042.858 658.539
6043.911 626.556
6044.964 660.634
6046.017 681.927
6047.070 755.603
6048.123 776.739
6049.176 679.615
6050.229 561.565
6051.282 667.916
6052.335 716.694
6053.388 633.174
6054.442 644.836
6055.495 696.439
6056.548 617.946
6057.601 623.435
6058.654 626.882
6059.707 638.005
6060.760 663.146
6061.813 689.090
6062.866 746.822
6063.919 644.924
6064.972 657.120
6066.025 659.634
6067.078 638.754
6068.131 689.343
6069.184 622.756
6070.237 621.317
6071.290 628.113
6072.343 650.788
6073.396 616.846
6074.449 651.439
6075.502 606.514
6076.555 614.974
6077.608 625.811
6078.661 632.936
6079.714 608.714
6080.767 655.460
6081.820 652.891
6082.873 661.298
6083.926 617.610
6084.979 674.590
6086.032 653.524
6087.085 635.939
6088.138 677.987
6089.191 645.911
6090.244 630.847
6091.297 658.739
6092.350 512.547
6093.403 624.359
6094.456 622.172
6095.509 581.875
6096.562 596.806
6097.615 678.746
6098.668 637.468
6099.721 636.218
6100.774 656.234
6101.827 562.090
6102.880 648.570
6103.933 624.057
6104.986 617.656
6106.039 592.721
6107.092 611.211
6108.145 561.308
6109.198 650.546
6110.251 644.641
6111.304 530.074
6112.357 614.595
6113.410 592.409
6114.463 577.457
6115.516 577.889
6116.569 545.203
6117.622 578.309
6118.675 574.716
6119.728 648.254
6120.781 563.462
6121.834 527.555
6122.887 629.383
6123.940 603.825
6124.993 586.662
6126.046 565.854
6127.099 640.849
6128.152 532.348
6129.205 561.970
6130.258 686.409
6131.311 613.425
6132.364 551.840
6133.417 625.907
6134.470 600.572
6135.523 603.915
6136.577 696.709
6137.630 611.759
6138.683 557.962
6139.736 691.238
6140.789 733.182
6141.842 591.287
6142.895 703.086
6143.948 728.056
6145.001 731.917
6146.054 643.332
6147.107 549.802
6148.160 602.250
6149.213 542.491
6150.266 621.960
6151.319 616.813
6152.372 537.288
6153.425 638.137
6154.478 690.460
6155.531 922.011
6156.584 1202.965
6157.637 1371.529
6158.690 1159.556
6159.743 809.889
6160.796 561.165
6161.849 534.556
6162.902 488.078
6163.955 548.866
6165.008 559.816
6166.061 512.628
6167.114 509.948
6168.167 534.687
6169.220 707.794
6170.273 875.146
6171.326 789.471
6172.379 691.002
6173.432 553.345
6174.485 602.811
6175.538 620.663
6176.591 700.566
6177.644 647.157
6178.697 511.855
6179.750 606.213
6180.803 620.583
6181.856 601.325
6182.909 544.624
6183.962 550.119
6185.015 583.051
6186.068 509.329
6187.121 596.379
6188.174 586.456
6189.227 596.928
6190.280 553.343
6191.333 509.790
6192.386 566.323
6193.439 620.973
6194.492 643.390
6195.545 577.095
6196.598 570.846
6197.651 508.909
6198.704 559.111
6199.757 484.460
6200.810 550.117
6201.863 704.023
6202.916 934.276
6203.969 758.375
6205.022 592.464
6206.075 550.592
6207.128 514.859
6208.181 510.323
6209.234 523.286
6210.287 575.609
6211.340 586.936
6212.393 609.341
6213.446 626.410
6214.499 609.351
6215.552 626.700
6216.605 616.467
6217.658 598.656
6218.711 582.738
6219.765 663.363
6220.818 708.476
6221.871 894.616
6222.924 801.457
6223.977 580.175
6225.030 560.592
6226.083 641.643
6227.136 610.231
6228.189 493.337
6229.242 572.883
6230.295 596.801
6231.348 572.304
6232.401 692.389
6233.454 850.977
6234.507 1213.534
6235.560 1601.389
6236.613 1517.508
6237.666 1148.851
6238.719 768.027
6239.772 712.477
6240.825 807.688
6241.878 859.801
6242.931 822.383
6243.984 763.609
6245.037 629.153
6246.090 616.873
6247.143 634.531
6248.196 631.244
6249.249 594.706
6250.302 542.982
6251.355 564.120
6252.408 504.025
6253.461 526.242
6254.514 593.525
6255.567 580.074
6256.620 937.449
6257.673 1755.365
6258.726 1602.767
6259.779 918.169
6260.832 634.371
6261.885 615.586
6262.938 688.973
6263.991 740.983
6265.044 911.289
6266.097 894.624
6267.150 655.091
6268.203 700.008
6269.256 649.401
6270.309 574.376
6271.362 597.493
6272.415 636.714
6273.468 646.956
6274.521 662.308
6275.574 713.952
6276.627 612.321
6277.680 671.985
6278.733 653.483
6279.786 554.158
6280.839 495.332
6281.892 548.283
6282.945 582.439
6283.998 562.988
6285.051 620.282
6286.104 811.497
6287.157 1487.491
6288.210 1524.353
6289.263 909.006
6290.316 592.744
6291.369 540.905
6292.422 578.836
6293.475 666.893
6294.528 611.969
6295.581 626.036
6296.634 876.776
6297.687 1721.076
6298.740 9935.800
6299.793 43629.211
6300.846 53502.923
6301.899 24198.180
6302.953 2755.089
6304.006 641.162
6305.059 990.195
6306.112 1404.468
6307.165 1802.756
6308.218 1328.525
6309.271 666.319
6310.324 557.222
6311.377 603.767
6312.430 598.084
6313.483 575.785
6314.536 746.690
6315.589 938.615
6316.642 927.630
6317.695 665.605
6318.748 558.057
6319.801 681.485
6320.854 811.968
6321.907 923.875
6322.960 666.501
6324.013 493.781
6325.066 520.196
6326.119 611.536
6327.172 598.879
6328.225 704.661
6329.278 1208.806
6330.331 1475.558
6331.384 1039.136
6332.437 546.836
6333.490 506.229
6334.543 576.850
6335.596 588.732
6336.649 541.775
6337.702 525.639
6338.755 547.658
6339.808 527.776
6340.861 557.084
6341.914 600.849
6342.967 510.211
6344.020 532.153
6345.073 479.887
6346.126 525.904
6347.179 582.568
6348.232 698.910
6349.285 678.621
6350.338 627.395
6351.391 531.100
6352.444 549.530
6353.497 539.923
6354.550 650.323
6355.603 915.886
6356.656 1064.737
6357.709 839.927
6358.762 556.686
6359.815 613.927
6360.868 500.726
6361.921 2205.445
6362.974 11381.314
6364.027 17544.070
6365.080 12197.684
6366.133 1452.334
6367.186 770.887
6368.239 602.285
6369.292 613.434
6370.345 506.695
6371.398 534.562
6372.451 489.648
6373.504 539.059
6374.557 552.195
6375.610 529.725
6376.663 536.152
6377.716 531.763
6378.769 659.142
6379.822 652.685
6380.875 538.862
6381.928 487.255
6382.981 511.231
6384.034 566.429
6385.088 554.265
6386.141 789.303
6387.194 823.176
6388.247 640.990
6389.300 563.161
6390.353 523.151
6391.406 465.067
6392.459 536.093
6393.512 532.599
6394.565 541.531
6395.618 515.170
6396.671 457.715
6397.724 466.649
6398.777 462.504
6399.830 518.976
6400.883 497.235
6401.936 520.058
6402.989 482.949
6404.042 452.751
6405.095 503.073
6406.148 486.256
6407.201 433.754
6408.254 457.266
6409.307 514.276
6410.360 509.237
6411.413 483.168
6412.466 459.484
6413.519 550.496
6414.572 525.907
6415.625 470.997
6416.678 433.271
6417.731 451.795
6418.784 498.684
6419.837 571.332
6420.890 662.063
6421.943 548.964
6422.996 508.276
6424.049 467.885
6425.102 450.918
6426.155 386.462
6427.208 432.759
6428.261 468.427
6429.314 527.162
6430.367 481.490
6431.420 472.909
6432.473 448.884
6433.526 492.952
6434.579 452.682
6435.632 408.234
6436.685 403.580
6437.738 462.664
6438.791 383.082
6439.844 446.525
6440.897 510.713
6441.950 488.971
6443.003 400.231
6444.056 425.454
6445.109 455.253
6446.162 475.883
6447.215 443.658
6448.268 487.343
6449.321 406.329
6450.374 461.333
6451.427 513.604
6452.480 547.881
6453.533 570.731
6454.586 623.017
6455.639 636.206
6456.692 623.359
6457.745 539.139
6458.798 507.208
6459.851 473.323
6460.904 446.818
6461.957 533.850
6463.010 656.112
6464.063 786.163
6465.116 872.352
6466.169 912.171
6467.222 728.102
6468.276 519.433
6469.329 598.341
6470.382 924.758
6471.435 1008.634
6472.488 691.318
6473.541 455.447
6474.594 501.975
6475.647 483.936
6476.700 497.474
6477.753 521.127
6478.806 553.142
6479.859 524.732
6480.912 487.794
6481.965 414.205
6483.018 393.303
6484.071 445.278
6485.124 455.393
6486.177 485.906
6487.230 369.294
6488.283 410.143
6489.336 440.097
6490.389 425.550
6491.442 424.237
6492.495 455.743
6493.548 468.677
6494.601 474.115
6495.654 439.479
6496.707 499.570
6497.760 1181.252
6498.813 1683.573
6499.866 1267.855
6500.919 576.588
6501.972 425.442
6503.025 490.024
6504.078 663.221
6505.131 828.115
6506.184 674.205
6507.237 508.650
6508.290 437.520
6509.343 426.783
6510.396 474.531
6511.449 475.184
6512.502 456.146
6513.555 502.893
6514.608 536.465
6515.661 457.296
6516.714 438.417
6517.767 472.741
6518.820 435.155
6519.873 433.239
6520.926 487.384
6521.979 657.664
6523.032 723.178
6524.085 518.151
6525.138 426.452
6526.191 501.815
6527.244 476.478
6528.297 384.177
6529.350 422.531
6530.403 494.246
6531.456 573.988
6532.509 1205.661
6533.562 1360.193
6534.615 875.395
6535.668 478.617
6536.721 438.815
6537.774 451.891
6538.827 486.868
6539.880 472.775
6540.933 550.618
6541.986 501.648
6543.039 637.478
6544.092 788.581
6545.145 710.092
6546.198 538.967
6547.251 492.564
6548.304 507.030
6549.357 486.254
6550.411 592.827
6551.464 706.678
6552.517 1146.031
6553.570 1759.806
6554.623 1416.075
6555.676 747.514
6556.729 580.312
6557.782 516.804
6558.835 536.069
6559.888 584.992
6560.941 638.491
6561.994 845.893
6563.047 1056.596
6564.100 2222.594
6565.153 21107.919
6566.206 72822.721
6567.259 77279.170
6568.312 30885.955
6569.365 3064.361
6570.418 987.349
6571.471 1034.995
6572.524 621.589
6573.577 568.238
6574.630 576.992
6575.683 617.971
6576.736 1136.596
6577.789 1334.463
6578.842 891.453
6579.895 534.823
6580.948 499.398
6582.001 488.583
6583.054 469.429
6584.107 499.675
6585.160 489.758
6586.213 785.155
6587.266 1227.454
6588.319 1021.188
6589.372 583.214
6590.425 480.811
6591.478 501.481
6592.531 440.818
6593.584 396.340
6594.637 459.458
6595.690 523.385
6596.743 577.882
6597.796 537.435
6598.849 385.864
6599.902 458.732
6600.955 443.181
6602.008 378.993
6603.061 652.671
6604.114 821.630
6605.167 702.004
6606.220 495.094
6607.273 428.627
6608.326 436.715
6609.379 391.571
6610.432 424.743
6611.485 414.728
6612.538 371.746
6613.591 400.052
6614.644 390.252
6615.697 372.470
6616.750 394.806
6617.803 371.740
6618.856 403.270
6619.909 444.142
6620.962 430.378
6622.015 376.228
6623.068 338.507
6624.121 396.853
6625.174 413.081
6626.227 418.604
6627.280 466.129
6628.333 502.029
6629.386 420.277
6630.439 382.091
6631.492 378.472
6632.545 403.635
6633.599 541.649
6634.652 601.237
6635.705 502.279
6636.758 392.569
6637.811 380.933
6638.864 400.954
6639.917 405.474
6640.970 411.507
6642.023 452.635
6643.076 383.611
6644.129 378.131
6645.182 394.355
6646.235 395.435
6647.288 369.640
6648.341 379.096
6649.394 418.061
6650.447 433.382
6651.500 436.337
6652.553 447.927
6653.606 409.647
6654.659 377.060
6655.712 367.883
6656.765 406.686
6657.818 408.895
6658.871 351.252
6659.924 403.588
6660.977 332.961
6662.030 414.683
6663.083 472.565
6664.136 343.478
6665.189 413.504
6666.242 417.712
6667.295 517.207
6668.348 403.241
6669.401 442.337
6670.454 387.111
6671.507 398.590
6672.560 401.190
6673.613 411.916
6674.666 398.021
6675.719 379.342
6676.772 345.762
6677.825 412.552
6678.878 378.969
6679.931 368.213
6680.984 818.150
6682.037 1256.744
6683.090 1029.783
6684.143 551.699
6685.196 391.923
6686.249 421.203
6687.302 394.842
6688.355 372.706
6689.408 495.039
6690.461 394.892
6691.514 385.489
6692.567 425.397
6693.620 393.965
6694.673 346.327
6695.726 356.692
6696.779 347.729
6697.832 412.542
6698.885 411.680
6699.938 449.969
6700.991 439.482
6702.044 370.289
6703.097 410.485
6704.150 472.845
6705.203 404.939
6706.256 375.326
6707.309 348.826
6708.362 404.226
6709.415 393.886
6710.468 371.940
6711.521 409.396
6712.574 358.879
6713.627 335.616
6714.680 388.122
6715.734 409.857
6716.787 422.590
6717.840 423.601
6718.893 766.880
6719.946 1724.761
6720.999 1754.469
6722.052 1024.763
6723.105 354.365
6724.158 422.606
6725.211 443.835
6726.264 372.246
6727.317 434.935
6728.370 386.667
6729.423 362.223
6730.476 385.273
6731.529 377.279
6732.582 373.510
6733.635 940.133
6734.688 1425.831
6735.741 1198.167
6736.794 603.408
6737.847 379.289
6738.900 418.171
6739.953 418.573
6741.006 439.189
6742.059 379.427
6743.112 383.197
6744.165 460.702
6745.218 437.657
6746.271 374.932
6747.324 380.788
6748.377 374.241
6749.430 388.266
6750.483 378.508
6751.536 320.228
6752.589 374.257
6753.642 386.791
6754.695 329.782
6755.748 359.707
6756.801 314.326
6757.854 364.283
6758.907 348.477
6759.960 301.845
6761.013 353.917
6762.066 367.195
6763.119 365.445
6764.172 345.836
6765.225 305.940
6766.278 344.907
6767.331 362.672
6768.384 323.230
6769.437 360.949
6770.490 353.770
6771.543 339.017
6772.596 361.156
6773.649 314.201
6774.702 350.435
6775.755 344.030
6776.808 355.895
6777.861 413.189
6778.914 366.842
6779.967 344.943
6781.020 337.544
6782.073 348.507
6783.126 330.619
6784.179 360.968
6785.232 403.981
6786.285 369.735
6787.338 397.622
6788.391 399.897
6789.444 383.808
6790.497 352.444
6791.550 342.163
6792.603 343.327
6793.656 323.069
6794.709 336.326
6795.762 320.976
6796.815 349.901
6797.868 347.389
6798.922 321.739
6799.975 339.630
6801.028 404.782
6802.081 366.870
6803.134 366.081
6804.187 342.093
6805.240 337.676
6806.293 354.815
6807.346 386.310
6808.399 356.499
6809.452 358.876
6810.505 320.558
6811.558 348.825
6812.611 377.369
6813.664 343.547
6814.717 317.136
6815.770 314.758
6816.823 332.722
6817.876 385.530
6818.929 404.906
6819.982 326.984
6821.035 296.908
6822.088 328.864
6823.141 326.751
6824.194 316.102
6825.247 365.716
6826.300 559.960
6827.353 841.387
6828.406 1353.241
6829.459 1662.222
6830.512 1410.312
6831.565 649.692
6832.618 580.586
6833.671 1436.947
6834.724 1738.325
6835.777 1065.821
6836.830 433.534
6837.883 318.724
6838.936 405.310
6839.989 415.746
6841.042 540.184
6842.095 731.982
6843.148 545.366
6844.201 316.808
6845.254 379.741
6846.307 352.769
6847.360 358.174
6848.413 376.493
6849.466 386.787
6850.519 380.254
6851.572 384.977
6852.625 346.697
6853.678 236.364
6854.731 312.468
6855.784 335.761
6856.837 307.831
6857.890 329.281
6858.943 374.889
6859.996 384.813
6861.049 353.533
6862.102 686.373
6863.155 2111.215
6864.208 3111.248
6865.261 1879.597
6866.314 413.186
6867.367 309.154
6868.420 189.153
6869.473 225.705
6870.526 436.733
6871.579 446.749
6872.632 337.059
6873.685 244.592
6874.738 235.623
6875.791 267.127
6876.844 290.496
6877.897 261.769
6878.950 274.355
6880.003 401.556
6881.056 618.337
6882.110 627.457
6883.163 421.829
6884.216 313.266
6885.269 297.600
6886.322 317.252
6887.375 348.532
6888.428 560.432
6889.481 879.205
6890.534 666.355
6891.587 320.697
6892.640 295.471
6893.693 324.385
6894.746 392.828
6895.799 293.016
6896.852 293.764
6897.905 269.730
6898.958 333.502
6900.011 603.798
6901.064 743.049
6902.117 562.018
6903.170 399.365
6904.223 324.796
6905.276 321.506
6906.329 306.357
6907.382 283.091
6908.435 305.702
6909.488 292.979
6910.541 384.934
6911.594 689.451
6912.647 1071.938
6913.700 954.145
6914.753 422.625
6915.806 370.969
6916.859 311.721
6917.912 301.858
6918.965 302.875
6920.018 339.719
6921.071 286.790
6922.124 1049.392
6923.177 1642.574
6924.230 1385.694
6925.283 588.160
6926.336 275.481
6927.389 333.917
6928.442 325.196
6929.495 316.105
6930.548 310.673
6931.601 286.070
6932.654 301.069
6933.707 322.083
6934.760 319.553
6935.813 310.323
6936.866 274.858
6937.919 437.777
6938.972 916.177
6940.025 1044.896
6941.078 670.049
6942.131 355.781
6943.184 363.230
6944.237 276.105
6945.290 307.226
6946.343 343.629
6947.396 587.314
6948.449 1529.678
6949.502 2089.828
6950.555 1201.773
6951.608 355.053
6952.661 362.070
6953.714 316.573
6954.767 320.080
6955.820 316.669
6956.873 325.563
6957.926 388.490
6958.979 328.468
6960.032 338.897
6961.085 328.633
6962.138 325.689
6963.191 377.230
6964.245 305.513
6965.298 341.945
6966.351 391.111
6967.404 337.772
6968.457 447.242
6969.510 679.935
6970.563 744.431
6971.616 526.327
6972.669 318.199
6973.722 289.758
6974.775 332.701
6975.828 358.732
6976.881 497.321
6977.934 1168.490
6978.987 1278.371
6980.040 767.059
6981.093 395.526
6982.146 349.156
6983.199 322.797
6984.252 372.987
6985.305 328.761
6986.358 415.763
6987.411 387.474
6988.464 334.794
6989.517 331.285
6990.570 338.012
6991.623 356.826
6992.676 357.937
6993.729 359.121
6994.782 334.125
6995.835 304.869
6996.888 322.990
6997.941 332.092
6998.994 330.546
7000.047 336.328
7001.100 471.188
7002.153 620.966
7003.206 744.165
7004.259 619.880
7005.312 398.280
7006.365 293.906
7007.418 348.726
7008.471 316.463
7009.524 354.460
7010.577 607.825
7011.630 767.645
7012.683 564.208
7013.736 349.712
7014.789 347.061
7015.842 289.482
7016.895 298.558
7017.948 323.694
7019.001 330.620
7020.054 308.724
7021.107 334.245
7022.160 309.029
7023.213 364.862
7024.266 285.023
7025.319 274.191
7026.372 301.928
7027.425 307.275
7028.478 318.856
7029.531 323.560
7030.584 370.458
7031.637 336.249
7032.690 277.548
7033.743 348.128
7034.796 327.450
7035.849 316.158
7036.902 337.442
7037.955 317.524
7039.008 315.308
7040.061 378.523
7041.114 415.010
7042.167 438.733
7043.220 336.757
7044.273 291.417
7045.326 379.557
7046.379 406.178
7047.433 583.147
7048.486 648.633
7049.539 516.943
7050.592 429.060
7051.645 417.551
7052.698 418.903
7053.751 374.373
7054.804 355.003
7055.857 369.979
7056.910 362.381
7057.963 321.163
7059.016 369.516
7060.069 342.513
7061.122 337.222
7062.175 387.101
7063.228 395.774
7064.281 359.162
7065.334 393.344
7066.387 448.735
7067.440 471.360
7068.493 694.340
7069.546 898.442
7070.599 741.818
7071.652 469.633
7072.705 340.945
7073.758 365.485
7074.811 399.084
7075.864 388.020
7076.917 321.998
7077.970 405.999
7079.023 346.068
7080.076 379.305
7081.129 362.975
7082.182 402.526
7083.235 411.637
7084.288 352.722
7085.341 337.084
7086.394 349.969
7087.447 434.929
7088.500 511.362
7089.553 457.813
7090.606 377.852
7091.659 366.309
7092.712 369.157
7093.765 352.698
7094.818 358.058
7095.871 296.776
7096.924 251.708
7097.977 330.866
7099.030 314.607
7100.083 366.176
7101.136 363.791
7102.189 321.780
7103.242 329.394
7104.295 335.474
7105.348 315.005
7106.401 311.512
7107.454 335.045
7108.507 357.761
7109.560 340.320
7110.613 321.106
7111.666 332.178
7112.719 329.284
7113.772 355.055
7114.825 308.247
7115.878 320.335
7116.931 347.562
7117.984 329.232
7119.037 320.746
7120.090 300.028
7121.143 308.911
7122.196 295.771
7123.249 311.467
7124.302 315.304
7125.355 300.366
7126.408 366.947
7127.461 389.885
7128.514 368.731
7129.568 360.972
7130.621 300.417
7131.674 407.119
7132.727 425.707
7133.780 374.907
7134.833 344.320
7135.886 329.444
7136.939 330.637
7137.992 453.475
7139.045 1320.788
7140.098 2016.177
7141.151 1491.626
7142.204 646.103
7143.257 405.284
7144.310 437.634
7145.363 440.412
7146.416 406.664
7147.469 343.728
7148.522 369.741
7149.575 420.839
7150.628 368.921
7151.681 395.077
7152.734 339.786
7153.787 282.796
7154.840 300.374
7155.893 325.501
7156.946 328.991
7157.999 336.277
7159.052 317.885
7160.105 352.827
7161.158 357.528
7162.211 315.477
7163.264 345.629
7164.317 349.658
7165.370 359.487
7166.423 332.211
7167.476 344.917
7168.529 313.201
7169.582 364.709
7170.635 382.968
7171.688 302.972
7172.741 306.514
7173.794 365.277
7174.847 379.815
7175.900 389.659
7176.953 353.341
7178.006 337.271
7179.059 383.855
7180.112 396.859
7181.165 388.250
7182.218 329.535
7183.271 250.744
7184.324 308.120
7185.377 290.193
7186.430 299.470
7187.483 271.706
7188.536 335.145
7189.589 350.254
7190.642 275.760
7191.695 289.579
7192.748 285.496
7193.801 282.055
7194.854 276.572
7195.907 249.767
7196.960 280.413
7198.013 296.619
7199.066 272.478
7200.119 299.698
7201.172 292.785
7202.225 258.059
7203.278 295.848
7204.331 284.842
7205.384 268.205
7206.437 261.371
7207.490 312.030
7208.543 263.243
7209.596 300.855
7210.649 311.663
7211.702 277.988
7212.756 275.100
7213.809 237.867
7214.862 284.382
7215.915 330.247
7216.968 276.862
7218.021 292.418
7219.074 270.590
7220.127 273.713
7221.180 311.030
7222.233 385.446
7223.286 326.161
7224.339 361.624
7225.392 380.099
7226.445 295.247
7227.498 314.904
7228.551 346.698
7229.604 322.879
7230.657 334.408
7231.710 345.278
7232.763 383.781
7233.816 375.158
7234.869 364.755
7235.922 353.636
7236.975 410.722
7238.028 1045.298
7239.081 2162.262
7240.134 2945.839
7241.187 2559.556
7242.240 1428.813
7243.293 1343.132
7244.346 2372.243
7245.399 2923.620
7246.452 2042.809
7247.505 835.622
7248.558 469.500
7249.611 389.606
7250.664 380.666
7251.717 493.942
7252.770 860.916
7253.823 861.616
7254.876 688.345
7255.929 533.471
7256.982 434.276
7258.035 347.194
7259.088 354.569
7260.141 358.816
7261.194 366.116
7262.247 379.533
7263.300 356.586
7264.353 341.439
7265.406 327.040
7266.459 330.336
7267.512 385.057
7268.565 432.521
7269.618 417.325
7270.671 385.529
7271.724 338.303
7272.777 381.478
7273.830 508.955
7274.883 1953.555
7275.936 4164.011
7276.989 4523.077
7278.042 2439.877
7279.095 600.342
7280.148 364.901
7281.201 423.149
7282.254 501.262
7283.307 1118.053
7284.360 1843.898
7285.413 1833.501
7286.466 940.921
7287.519 463.897
7288.572 310.987
7289.625 315.774
7290.678 409.681
7291.731 424.571
7292.784 319.133
7293.837 353.521
7294.891 582.972
7295.944 807.665
7296.997 723.706
7298.050 406.270
7299.103 312.491
7300.156 289.095
7301.209 334.087
7302.262 591.221
7303.315 1153.789
7304.368 1274.579
7305.421 763.949
7306.474 379.815
7307.527 338.628
7308.580 348.429
7309.633 356.310
7310.686 415.383
7311.739 427.613
7312.792 323.897
7313.845 355.986
7314.898 1416.224
7315.951 3376.221
7317.004 3465.716
7318.057 1640.383
7319.110 573.560
7320.163 260.771
7321.216 292.892
7322.269 335.174
7323.322 365.836
7324.375 434.114
7325.428 432.429
7326.481 344.969
7327.534 663.295
7328.587 1421.076
7329.640 1689.282
7330.693 1145.738
7331.746 548.720
7332.799 431.517
7333.852 405.342
7334.905 432.716
7335.958 422.242
7337.011 332.746
7338.064 320.243
7339.117 1049.542
7340.170 3084.018
7341.223 4320.673
7342.276 2860.136
7343.329 915.240
7344.382 472.606
7345.435 398.196
7346.488 350.172
7347.541 327.155
7348.594 267.444
7349.647 288.055
7350.700 387.181
7351.753 371.816
7352.806 371.740
7353.859 328.500
7354.912 337.310
7355.965 308.729
7357.018 605.261
7358.071 1220.913
7359.124 1462.000
7360.177 1036.578
7361.230 470.931
7362.283 339.762
7363.336 355.861
7364.389 342.518
7365.442 378.977
7366.495 339.961
7367.548 698.379
7368.601 2312.964
7369.654 3251.957
7370.707 2147.782
7371.760 831.635
7372.813 412.955
7373.866 381.217
7374.919 381.090
7375.972 317.480
7377.025 295.512
7378.079 326.355
7379.132 294.860
7380.185 325.968
7381.238 302.310
7382.291 303.860
7383.344 306.362
7384.397 343.314
7385.450 345.866
7386.503 321.141
7387.556 278.087
7388.609 338.164
7389.662 389.941
7390.715 545.000
7391.768 960.098
7392.821 1061.241
7393.874 736.862
7394.927 390.181
7395.980 253.974
7397.033 295.440
7398.086 279.355
7399.139 271.860
7400.192 637.566
7401.245 1595.068
7402.298 2033.947
7403.351 1355.494
7404.404 601.055
7405.457 357.484
7406.510 282.384
7407.563 279.651
7408.616 313.082
7409.669 274.577
7410.722 280.546
7411.775 316.795
7412.828 377.553
7413.881 339.050
7414.934 268.934
7415.987 295.034
7417.040 310.767
7418.093 283.573
7419.146 297.971
7420.199 302.035
7421.252 245.698
7422.305 254.502
7423.358 338.845
7424.411 326.405
7425.464 295.667
7426.517 338.948
7427.570 292.170
7428.623 502.510
7429.676 700.803
7430.729 625.329
7431.782 430.754
7432.835 325.301
7433.888 273.307
7434.941 255.200
7435.994 312.689
7437.047 583.601
7438.100 1012.009
7439.153 1081.015
7440.206 723.582
7441.259 450.264
7442.312 294.041
7443.365 274.559
7444.418 320.878
7445.471 242.834
7446.524 248.844
7447.577 260.770
7448.630 201.518
7449.683 289.158
7450.736 283.446
7451.789 237.162
7452.842 262.791
7453.895 302.578
7454.948 249.594
7456.001 264.959
7457.054 290.162
7458.107 250.148
7459.160 248.797
7460.214 272.004
7461.267 299.108
7462.320 370.568
7463.373 433.167
7464.426 343.008
7465.479 349.417
7466.532 512.047
7467.585 568.404
7468.638 490.364
7469.691 406.901
7470.744 414.540
7471.797 581.217
7472.850 721.524
7473.903 901.277
7474.956 870.289
7476.009 637.293
7477.062 448.817
7478.115 420.085
7479.168 441.820
7480.221 441.938
7481.274 442.056
7482.327 442.166
7483.380 442.284
7484.433 442.392
7485.486 442.502
